1.	4.127679698515829e-10
1.02329299228069992	4.127270679639101e-10
1.04712854805080013	4.1268730263844137e-10
1.07151930523759997	4.126486641323443e-10
1.09647819614309983	4.1261114272917593e-10
1.12201845430189984	4.125747287383116e-10
1.1481536214968	4.125394124944458e-10
1.17489755493949999	4.125051843570254e-10
1.20226443461740007	4.124720347097507e-10
1.23026877081229991	4.1243995396005166e-10
1.2589254117941	4.1240893253856345e-10
1.28824955169310007	4.123789608986334e-10
1.31825673855639991	4.1235002951581216e-10
1.34896288259160002	4.1232212888736107e-10
1.38038426460280017	4.122952495317554e-10
1.41253754462269998	4.122693819882003e-10
1.44543977074589991	4.1224451681615596e-10
1.47910838816820012	4.12220644594864e-10
1.51356124843619999	4.1219775592286557e-10
1.54881661891239997	4.121758414175481e-10
1.58489319246110005	4.121548917146839e-10
1.62181009735890003	4.121348974679712e-10
1.65958690743750004	4.121158493485977e-10
1.69824365246169995	4.120977380447775e-10
1.73780082874929986	4.1208055426132935e-10
1.77827941003889989	4.120642887192419e-10
1.81970085860989994	4.120489321552265e-10
1.86208713666279979	4.1203447532131743e-10
1.90546071796320016	4.12020908984432e-10
1.94984459975800006	4.120082239259732e-10
1.99526231496880002	4.119964109414146e-10
2.04173794466949987	4.119854608398842e-10
2.08929613085400012	4.1197536444378027e-10
2.13796208950220024	4.119661125883705e-10
2.18776162394950013	4.1195769612140044e-10
2.23872113856829991	4.119501059027027e-10
2.29086765276769988	4.119433328038278e-10
2.3442288153198998	4.1193736770765985e-10
2.39883291901940021	4.119322015080393e-10
2.45470891568499994	4.119278251094118e-10
2.5118864315095002	4.119242294264413e-10
2.57039578276879999	4.1192140538367544e-10
2.63026799189530003	4.1191934391517805e-10
2.69153480392690003	4.119180359641796e-10
2.7542287033381001	4.119174724827377e-10
2.81838293126439998	4.119176444313942e-10
2.88403150312659973	4.1191854277882814e-10
2.95120922666629992	4.1192015850155027e-10
3.01995172040200011	4.119224825835464e-10
3.09029543251349992	4.11925506015966e-10
3.16227766016830003	4.119292197968073e-10
3.2359365692962001	4.119336149306013e-10
3.31131121482590007	4.119386824280901e-10
3.38844156139199981	4.119444133059352e-10
3.46736850452530021	4.119507985864063e-10
3.54813389233569998	4.119578292970877e-10
3.63078054770100023	4.11965496470581e-10
3.71535229097170028	4.11973791144224e-10
3.80189396320559991	4.1198270435979096e-10
3.89045144994280001	4.119922271632289e-10
3.98107170553489986	4.120023506043653e-10
4.07380277804109969	4.120130657366453e-10
4.16869383470329957	4.120243636168596e-10
4.26579518801589952	4.1203623530487906e-10
4.36515832240160062	4.1204867186339877e-10
4.46683592150959985	4.120616643576757e-10
4.57088189614870011	4.120752038552802e-10
4.67735141287190004	4.120892814258446e-10
4.78630092322630052	4.121038881408303e-10
4.89778819368440033	4.121190150732678e-10
5.01187233627270068	4.1213465329754273e-10
5.12861383991360054	4.1215079388914616e-10
5.24807460249770052	4.121674279244571e-10
5.37031796370250003	4.121845464805227e-10
5.4954087385761996	4.1220214063482044e-10
5.62341325190339969	4.122202014650627e-10
5.7543993733715002	4.122387200489744e-10
5.88843655355579987	4.1225768746408363e-10
6.02559586074349962	4.1227709478753135e-10
6.16595001861479997	4.122969330958561e-10
6.30957344480189963	4.1231719346480365e-10
6.4565422903465004	4.1233786696914403e-10
6.60693448007589978	4.123589446824709e-10
6.76082975391980057	4.123804176770291e-10
6.91830970918929999	4.124022770235235e-10
7.07945784384129961	4.124245137909553e-10
7.24435960074980034	4.1244711904644914e-10
7.41310241300910011	4.1247008385507557e-10
7.58577575029180018	4.124933992797013e-10
7.76247116628690037	4.125170563808132e-10
7.9432823472427998	4.125410462163823e-10
8.128305161640899	4.1256535984169905e-10
8.31763771102670013	4.125899883092277e-10
8.51138038202370062	4.1261492266846696e-10
8.70963589956079964	4.126401539658114e-10
8.91250938133740078	4.126656732444036e-10
9.12010839355899883	4.126914715440243e-10
9.33254300796989966	4.127175399009471e-10
9.54992586021429979	4.127438693478225e-10
9.7723722095580996	4.127704509135567e-10
10.	4.1279727562319696e-10
10.2329299228075001	4.128243344978241e-10
10.4712854805089002	4.1285161855443943e-10
10.7151930523760015	4.1287911880586365e-10
10.9647819614318003	4.1290682626063845e-10
11.2201845430195988	4.12934731922932e-10
11.4815362149688003	4.129628267924475e-10
11.7489755493951993	4.129911018643385e-10
12.0226443461741006	4.130195481291158e-10
12.3026877081238002	4.130481565725909e-10
12.5892541179416	4.130769181757678e-10
12.8824955169313	4.131058239148064e-10
13.1825673855640009	4.131348647609406e-10
13.4896288259164994	4.1316403168040497e-10
13.8038426460287997	4.131933156344009e-10
14.1253754462274994	4.132227075790222e-10
14.4543977074591989	4.1325219846521303e-10
14.7910838816820007	4.132817792387191e-10
15.1356124843619995	4.1331144084005474e-10
15.4881661891248008	4.133411742044487e-10
15.8489319246110991	4.1337097026182714e-10
16.2181009735892978	4.1340081993677215e-10
16.5958690743755994	4.1343071414850386e-10
16.9824365246174018	4.134606438108501e-10
17.3780082874936994	4.1349059983224764e-10
17.7827941003892	4.135205731157044e-10
18.1970085860998019	4.13550554558813e-10
18.6208713666285988	4.135805350537294e-10
19.0546071796324021	4.1361050548718556e-10
19.4984459975804008	4.1364045674048447e-10
19.9526231496887974	4.1367037968951416e-10
20.4173794466952003	4.137002652047518e-10
20.8929613085403005	4.137301041512929e-10
21.3796208950223026	4.1375988738885845e-10
21.8776162394954987	4.137896057718271e-10
22.3872113856834005	4.138192501492675e-10
22.9086765276776987	4.13848811364959e-10
23.4422881531991969	4.138782802574446e-10
23.9883291901949001	4.1390764766006507e-10
24.5470891568503014	4.139369044010009e-10
25.1188643150958022	4.139660413033324e-10
25.7039578276886012	4.1399504918508285e-10
26.3026799189537996	4.140239188592961e-10
26.9153480392691016	4.1405264113407383e-10
27.5422870333816014	4.140812068126655e-10
28.1838293126445016	4.1410960669352826e-10
28.8403150312659982	4.1413783157040765e-10
29.5120922666637995	4.141658722324112e-10
30.1995172040201005	4.141937194641061e-10
30.9029543251359016	4.1422136404559795e-10
31.6227766016837002	4.1424879675262206e-10
32.3593656929627969	4.1427600835665377e-10
33.1131121482590984	4.1430298962499316e-10
33.8844156139201971	4.143297313208855e-10
34.6736850452531016	4.143562242036296e-10
35.4813389233575052	4.1438245902868163e-10
36.3078054770100991	4.144084265477901e-10
37.1535229097171964	4.1443411750910946e-10
38.018939632056096	4.1445952265732973e-10
38.9045144994280037	4.144846327338106e-10
39.8107170553496985	4.145094384767212e-10
40.7380277804111941	4.1453393062116657e-10
41.6869383470334966	4.1455809989935877e-10
42.657951880159203	4.14581937040736e-10
43.6515832240165977	4.1460543277214387e-10
44.6683592150963022	4.146285778179808e-10
45.708818961487502	4.146513629003573e-10
46.7735141287198033	4.146737787392742e-10
47.8630092322638063	4.1469581605278316e-10
48.9778819368446037	4.147174655571681e-10
50.1187233627272022	4.1473871796713514e-10
51.2861383991363979	4.147595639959741e-10
52.4807460249772006	4.1477999435576586e-10
53.703179637025201	4.147999997575738e-10
54.9540873857623993	4.148195709116345e-10
56.2341325190349011	4.148386985275669e-10
57.5439937337155953	4.148573733145716e-10
58.8843655355588993	4.1487558598164646e-10
60.2559586074356943	4.148933272378078e-10
61.6595001861482004	4.1491058779229357e-10
63.0957344480193001	4.149273583548015e-10
64.565422903465489	4.149436296357138e-10
66.0693448007595947	4.149593923463201e-10
67.6082975391981051	4.1497464259421263e-10
69.1830970918936004	4.1498955403898013e-10
70.7945784384138079	4.150045139791323e-10
72.4435960074989964	4.1501992250421324e-10
74.1310241300917028	4.150361798242212e-10
75.8577575029184032	4.1505368628209594e-10
77.6247116628691032	4.150728423740169e-10
79.4328234724280975	4.150940487775011e-10
81.2830516164099066	4.1511770638733e-10
83.1763771102669978	4.151442163593112e-10
85.1138038202376066	4.1517398016188413e-10
87.096358995608	4.1520739963560523e-10
89.125093813374491	4.152448770605211e-10
91.2010839355909013	4.152868152314652e-10
93.325430079699089	4.153336175413273e-10
95.4992586021434988	4.1538568807231057e-10
97.723722095580996	4.154434316952541e-10
100.	4.155072541770588e-10
102.329299228075399	4.1557756229628886e-10
104.712854805089904	4.1565476396702857e-10
107.151930523760697	4.157392683710822e-10
109.647819614318507	4.158314860985933e-10
112.2018454301963	4.1593182929722737e-10
114.815362149688298	4.160407118299908e-10
117.489755493952899	4.1615854944188614e-10
120.226443461741297	4.162857599354597e-10
123.026877081238112	4.164227633555058e-10
125.892541179416696	4.1656998218303557e-10
128.824955169313313	4.167278415387256e-10
131.825673855640702	4.1689676939606314e-10
134.896288259165317	4.170771968044272e-10
138.038426460288491	4.172695581223334e-10
141.253754462275396	4.174742912611603e-10
144.543977074592789	4.1769183793957753e-10
147.9108388168207	4.1792264394907715e-10
151.35612484362079	4.181671594309115e-10
154.881661891248115	4.1842583916479067e-10
158.489319246111393	4.1869914286977105e-10
162.1810097358929	4.1898753551775406e-10
165.958690743756108	4.192914876600315e-10
169.824365246174381	4.196114757674075e-10
173.780082874937591	4.1994798258437226e-10
177.827941003892306	4.203014974979502e-10
181.970085860998381	4.206725169217667e-10
186.208713666286684	4.210615446960302e-10
190.546071796324782	4.214690925040586e-10
194.984459975804498	4.218956803061587e-10
199.526231496887988	4.2234183679155794e-10
204.173794466952899	4.2280809984931217e-10
208.929613085403815	4.232950170590104e-10
213.796208950223189	4.2380314620226377e-10
218.776162394955094	4.243330557960056e-10
223.872113856834005	4.2488532564865687e-10
229.086765276777214	4.2546054744034095e-10
234.422881531992204	4.2605932532835944e-10
239.883291901948979	4.2668227657927713e-10
245.470891568503106	4.2733003222897283e-10
251.188643150957915	4.2800323777221063e-10
257.039578276886402	4.287025538832814e-10
263.02679918953811	4.294286571694633e-10
269.15348039269162	4.3018224095909525e-10
275.422870333816604	4.309640161262236e-10
281.838293126445478	4.31774711953896e-10
288.4031503126605	4.326150770383418e-10
295.120922666638705	4.3348588023638466e-10
301.995172040201624	4.34387911658667e-10
309.0295432513592	4.353219837113662e-10
316.227766016837904	4.3628901653901157e-10
323.593656929628366	4.372906635991177e-10
331.131121482591084	4.38328972461685e-10
338.84415613920271	4.3940604359993074e-10
346.736850452531598	4.4052403142633866e-10
354.81338923357572	4.4168514813326383e-10
363.078054770101403	4.4289166782400607e-10
371.535229097172419	4.441459309545647e-10
380.18939632056123	4.454503491084571e-10
389.04514499428052	4.468074101291427e-10
398.107170553497326	4.4821968363723594e-10
407.380277804112609	4.496898269624272e-10
416.869383470335492	4.512205915231846e-10
426.579518801592485	4.5281482969079003e-10
436.515832240166105	4.5447550217805773e-10
446.683592150962966	4.5620568599751197e-10
457.088189614875205	4.580085830384338e-10
467.735141287198132	4.5988752931772417e-10
478.630092322638461	4.6184600496540617e-10
489.778819368446079	4.6388764501237606e-10
501.187233627272462	4.660162510555814e-10
512.861383991364846	4.682358038842444e-10
524.807460249772816	4.70550477160354e-10
537.031796370252664	4.729646522574427e-10
549.540873857624888	4.754829343738047e-10
562.341325190349039	4.781101700501552e-10
575.439937337157289	4.808514662373587e-10
588.843655355589021	4.837122110775989e-10
602.559586074358094	4.866980965826185e-10
616.59500186148216	4.898151434157004e-10
630.957344480193569	4.930697280104243e-10
645.6542290346556	4.964686122893768e-10
660.693448007595748	5.000189762806263e-10
676.082975391981904	5.037284539696036e-10
691.830970918936259	5.076051727698355e-10
707.945784384138051	5.116577970490508e-10
724.435960074989907	5.158955762084453e-10
741.31024130091771	5.203283978841868e-10
758.577575029183549	5.249668469230596e-10
776.24711662869197	5.298222708808568e-10
794.328234724281401	5.349068529052473e-10
812.830516164099549	5.402336929975346e-10
831.76377110267083	5.458168988038955e-10
851.13803820237672	5.516716144595557e-10
870.963589956080455	5.578112184242104e-10
891.250938133745876	5.642461361976706e-10
912.010839355909638	5.709872883220378e-10
933.254300796991515	5.780463953209438e-10
954.992586021435954	5.854360313327112e-10
977.237220955811267	5.931696831091649e-10
1000.	6.012618149198898e-10
1023.29299228075479	6.097279399715672e-10
1047.12854805089955	6.18584699031481e-10
1071.51930523760711	6.278499470348845e-10
1096.47819614318519	6.37542848559467e-10
1122.01845430196431	6.476839831687048e-10
1148.15362149688281	6.5829546176223e-10
1174.89755493953044	6.694010552282365e-10
1202.26443461741314	6.810263368741139e-10
1230.26877081238126	6.93198840321274e-10
1258.92541179416753	7.059482347934178e-10
1288.24955169313353	7.193065200108111e-10
1318.25673855640775	7.333082432335177e-10
1348.96288259165317	7.479907413832158e-10
1380.3842646028852	7.633944116269968e-10
1412.53754462275401	7.795630143405241e-10
1445.43977074592817	7.965440129987068e-10
1479.10838816820728	8.143889562887618e-10
1513.56124843620887	8.331539086285341e-10
1548.81661891248132	8.528999363316897e-10
1584.89319246111404	8.736936579291774e-10
1621.81009735892985	8.956078686796107e-10
1659.58690743756119	9.187222511395413e-10
1698.24365246174443	9.43124185891998e-10
1737.80082874937625	9.689096792430168e-10
1778.27941003892283	9.961844280119281e-10
1819.70085860998438	1.025065045617096e-9
1862.08713666286758	1.0556804786957894e-9
1905.46071796324827	1.0881736497566812e-9
1949.84459975804566	1.122703369191051e-9
1995.2623149688809	1.1594465698203173e-9
2041.73794466952972	1.1985994657574852e-9
2089.29613085404117	1.2403731427954956e-9
2137.96208950223263	1.285000054772866e-9
2187.7616239495519	1.3327397249800803e-9
2238.72113856833994	1.383882630209942e-9
2290.86765276777214	1.4387547563325962e-9
2344.22881531992289	1.4977229667628939e-9
2398.83291901948996	1.5612013574050556e-9
2454.70891568503112	1.629658816074944e-9
2511.88643150958023	1.7036280625671603e-9
2570.39578276886505	1.7837165226751235e-9
2630.26799189538133	1.8706194932555206e-9
2691.53480392691699	1.965136197368672e-9
2754.22870333816627	2.0681895263350736e-9
2818.38293126445524	2.1808505471967243e-9
2884.031503126605	2.3043692649782777e-9
2951.20922666638717	2.4402137452729376e-9
3019.95172040201624	2.5901206550466173e-9
3090.295432513592	2.7561618014019734e-9
3162.2776601683795	2.940833768219617e-9
3235.93656929628469	3.147182083623414e-9
3311.31121482591106	3.378979094661621e-9
3388.44156139202778	3.640989111247634e-9
3467.36850452531644	3.939382134324751e-9
3548.13389233575663	4.2824129201656476e-9
3630.7805477010138	4.6815960982495366e-9
3715.3522909717276	5.153846365955507e-9
3801.89396320561264	5.725548433053359e-9
3890.45144994280508	6.440504986371957e-9
3981.07170553497326	7.3754457003475115e-9
4073.8027780411262	8.66959934585318e-9
4168.6938347033547	1.0581882743165956e-8
4265.7951880159253	1.360519122734182e-8
4365.15832240166128	1.874942165820408e-8
4466.83592150962977	2.8397139743278837e-8
4570.88189614875137	4.947383523293523e-8
4677.35141287198076	1.1001310260117922e-7
4786.30092322638484	4.3636860435437535e-7
4897.78819368446148	0.008544063041090852
5011.87233627272508	5.830273648273676e-7
5128.61383991364892	1.8024201293527737e-7
5248.07460249772794	9.696534622128572e-8
5370.31796370252687	6.4836229115188e-8
5495.40873857624865	4.8628475718100067e-8
5623.41325190349107	3.9131460738365233e-8
5754.39937337157244	3.301474583105773e-8
5888.43655355588999	2.8815208240753793e-8
6025.5958607435814	2.5799961471108995e-8
6165.95001861482251	2.3565491645428072e-8
6309.57344480193569	2.1873252587313972e-8
6456.542290346556	2.0574260825065756e-8
6606.93448007596453	1.957139479535378e-8
6760.82975391981927	1.8799208683174614e-8
6918.30970918936328	1.821247259349497e-8
7079.45784384138005	1.777864392878972e-8
7244.35960074989907	1.7473840800243238e-8
7413.10241300917733	1.728094454926352e-8
7585.77575029183572	1.7187786956591133e-8
7762.47116628691947	1.718592661669881e-8
7943.28234724281356	1.726983132394798e-8
8128.30516164099481	1.743633101028995e-8
8317.63771102670944	1.7684257321372013e-8
8511.38038202376811	1.8014216921263792e-8
8709.63589956080432	1.8428464830050122e-8
8912.50938133745876	1.8930856338879343e-8
9120.10839355909593	1.952686402872429e-8
9332.54300796991447	2.0223651690039564e-8
9549.92586021435818	2.1030200364807328e-8
9772.37220955811244	2.19574837389867e-8
10000.	2.3018690812593553e-8
10232.9299228075361	2.4229492993871343e-8
10471.2854805090083	2.560835002293693e-8
10715.1930523760711	2.717684356426453e-8
10964.7819614318523	2.896001754130903e-8
11220.1845430196263	3.098668826423479e-8
11481.536214968839	3.328966219480955e-8
11748.9755493953016	3.590578151643374e-8
12022.644346174131	3.888089809973254e-8
12302.6877081238108	4.22808876846236e-8
12589.2541179416621	4.6189105404633874e-8
12882.4955169313489	5.070999466204168e-8
13182.5673855640744	5.5975695985160175e-8
13489.6288259165322	6.215516147160157e-8
13803.842646028841	6.946690597948968e-8
14125.3754462275538	7.819712778929327e-8
14454.3977074592804	8.872590706298486e-8
14791.0838816820724	1.0156581063164079e-7
15135.6124843620728	1.1741999395890369e-7
15488.1661891248277	1.3727174047682642e-7
15848.9319246111409	1.6252617565411705e-7
16218.1009735892985	1.9524145480222035e-7
16595.8690743755942	2.385192487920887e-7
16982.4365246174602	2.971914135016566e-7
17378.0082874937616	3.790860701869913e-7
17782.7941003892302	4.974978265316679e-7
18197.0085860998261	6.763508101268268e-7
18620.8713666286894	9.61957123017099e-7
19054.6071796324832	1.4529229382454863e-6
19498.4459975804493	2.3883735887071664e-6
19952.6231496887849	4.469748676929719e-6
20417.3794466953223	0.000010511447714100507
20892.9613085404053	0.00004222618080531843
21379.6208950223227	0.010776390699275128
21877.6162394955209	0.00006625218941547375
22387.2113856834258	0.000017043449120984966
22908.6765276777478	8.210538286210093e-6
23442.2881531992243	5.080535760629299e-6
23988.3291901949015	3.604688533249226e-6
24547.0891568502884	2.790738806964185e-6
25118.8643150958196	2.296987213713281e-6
25703.9578276886459	1.9794658287852626e-6
26302.6799189538106	1.7688656072622486e-6
26915.3480392691417	1.628619132792892e-6
27542.28703338169	1.538239853615825e-6
28183.8293126445496	1.4859258158508355e-6
28840.3150312660582	1.4650159622902274e-6
29512.0922666638398	1.4722293959675156e-6
30199.5172040201978	1.5068275758305614e-6
30902.954325135921	1.5703342602894307e-6
31622.7766016837959	1.6666846769934049e-6
32359.3656929628123	1.8028260061992404e-6
33113.1121482591479	1.989943483679039e-6
33884.4156139202751	2.24572303074816e-6
34673.6850452531653	2.5985282216947254e-6
35481.3389233575363	3.0954134949697736e-6
36307.8054770101808	3.818464719363167e-6
37153.5229097172851	4.9209578065066684e-6
38018.9396320561282	6.716422302599439e-6
38904.514499428049	9.932073937083892e-6
39810.7170553497781	0.000016594508022703895
40738.0277804112993	0.000034310253037408946
41686.9383470335524	0.00011497949358891021
42657.9518801592494	0.005675262068456989
43651.5832240165619	0.00021212896252363885
44668.359215096345	0.00004350395934739297
45708.8189614875228	0.000018057153552900772
46773.514128719813	9.79167849159415e-6
47863.0092322638084	6.1231580255648005e-6
48977.8819368446639	4.186190129608371e-6
50118.7233627272508	3.0429534096379575e-6
51286.1383991364855	2.313603872125619e-6
52480.7460249772266	1.8207681850993943e-6
53703.1796370253287	1.4726851737124242e-6
54954.0873857624829	1.218056204836688e-6
56234.1325190349089	1.026403345439701e-6
57543.9937337156734	8.787074492041373e-7
58884.3655355589654	7.626096809166884e-7
60255.9586074358085	6.698017456646817e-7
61659.5001861482233	5.945346170224135e-7
63095.7344480192987	5.327300040300531e-7
64565.422903465631	4.814316038664567e-7
66069.3448007596307	4.38455486821968e-7
67608.297539198189	4.0216119567172475e-7
69183.0970918936218	3.7129684525684536e-7
70794.5784384138824	3.448669091038817e-7
72443.596007499058	3.220729783391092e-7
74131.0241300917696	3.022918509480949e-7
75857.7575029183645	2.8503220940384935e-7
77624.7116628691147	2.69902503831546e-7
79432.8234724282083	2.565876588394527e-7
81283.0516164099536	2.448319357617861e-7
83176.3771102670871	2.3442615847944895e-7
85113.8038202375901	2.251980786168178e-7
87096.3589956081414	2.1700503045504686e-7
89125.0938133745949	2.097282773029382e-7
91201.0839355909557	2.032686225033496e-7
93325.4300796990428	1.9754297689701205e-7
95499.2586021436873	1.9248165781990477e-7
97723.7220955811208	1.880262539079422e-7
100000.	1.8412793262022676e-7
102329.299228075353	1.8074609850122575e-7
104712.854805090057	1.778473332106452e-7
107151.930523760704	1.7540456562647556e-7
109647.81961431852	1.733964335362692e-7
112201.845430196307	1.7180680876516612e-7
114815.362149688401	1.7062446592180703e-7
117489.755493953038	1.698428557256316e-7
120226.443461741321	1.6945421366910466e-7
123026.877081238126	1.6944218649517313e-7
125892.541179416876	1.6979284778758308e-7
128824.955169313485	1.70496010683242e-7
131825.673855640722	1.7154482554175533e-7
134896.288259165303	1.7293546152306917e-7
138038.426460288378	1.7466685601166316e-7
141253.754462275538	1.7674051913457978e-7
144543.977074592782	1.7916038306531319e-7
147910.838816820731	1.819326875830183e-7
151356.124843620695	1.850658946038786e-7
154881.661891248281	1.8857062521262826e-7
158489.319246111409	1.9245961315752062e-7
162181.009735893022	1.9674766886772347e-7
165958.690743755957	2.0145164782268955e-7
169824.365246174595	2.0659041654830851e-7
173780.082874937623	2.121848086191544e-7
177827.94100389228	2.1825756178440629e-7
181970.085860998253	2.2483322567226388e-7
186208.713666286902	2.3193802742426984e-7
190546.071796324832	2.395996800271391e-7
194984.459975804522	2.4784711501291937e-7
199526.231496887864	2.567101175743402e-7
204173.794466953142	2.6622170604628263e-7
208929.613085404068	2.764321059372842e-7
213796.208950223256	2.8740211526119313e-7
218776.162394955201	2.99199119346937e-7
223872.113856834243	3.118978814456929e-7
229086.765276777471	3.255814418418429e-7
234422.881531992229	3.40342135116662e-7
239883.291901948949	3.562827408225309e-7
245470.891568502848	3.735177843814727e-7
251188.643150958233	3.9217500652038935e-7
257039.578276886459	4.1239702087372486e-7
263026.799189538171	4.343431803347961e-7
269153.480392691388	4.581916730451038e-7
275422.870333816914	4.841418681770955e-7
281838.293126445496	5.124169293199904e-7
288403.150312660553	5.432667085140517e-7
295120.922666638449	5.76970925669672e-7
301995.172040201898	6.138426246932812e-7
309029.543251359195	6.542318769888882e-7
316227.766016838024	6.985296722183662e-7
323593.656929628109	7.471718914242489e-7
331131.121482591436	8.00643193759798e-7
338844.156139202823	8.594805585738242e-7
346736.850452531653	9.242761012125009e-7
354813.389233575319	9.956786136115348e-7
363078.054770101735	1.074393058024855e-6
371535.229097172792	1.1611769518756014e-6
380189.396320561296	1.2568322128343153e-6
389045.144994280476	1.3621905800522825e-6
398107.170553497737	1.4780901960273123e-6
407380.277804112993	1.6053761157282116e-6
416869.38347033551	1.7451437652675708e-6
426579.518801592465	1.8987117756596953e-6
436515.832240165735	2.067543116514752e-6
446683.592150963494	2.2532601756295587e-6
457088.189614875184	2.457662107860696e-6
467735.141287198057	2.6827441510906333e-6
478630.092322638026	2.9307192153470125e-6
489778.819368446653	3.204042137330237e-6
501187.233627272479	3.505437110828767e-6
512861.383991364855	3.8379289654209416e-6
524807.460249772295	4.204879187099756e-6
537031.7963702532	4.610027875918911e-6
549540.873857624829	5.057543245416842e-6
562341.325190349016	5.55208082406761e-6
575439.937337156618	6.098855271180686e-6
588843.655355589581	6.703728738080146e-6
602559.586074358085	7.37332108603034e-6
616595.00186148216	8.115149150053191e-6
630957.344480192987	8.937804804654564e-6
645654.22903465631	9.851185122535756e-6
660693.448007596424	0.000010866792833268713
676082.97539198189	0.000011998132207028852
691830.970918936306	0.00001326117929167921
707945.784384138766	0.0000146735481412167
724435.960074990638	0.00001625399815461427
741310.241300917696	0.000018023559550160414
758577.575029183528	0.000020005841287350763
776247.116628691205	0.000022227308543768137
794328.234724282171	0.00002471758090452123
812830.516164099565	0.0000275097523397325
831763.771102670813	0.000030640735214124896
851138.038202375872	0.00003415163273781373
870963.589956081472	0.00003808814794215589
891250.93813374592	0.000042501043150335666
912010.839355909615	0.00004744667295137037
933254.300796990399	0.00005298762713233545
954992.586021436728	0.000059193539527137865
977237.220955811208	0.00006614214649801487
1.e6	0.0000739207177383447
1.02329299228075368e6	0.00008209337981077578
1.04712854805090069e6	0.00009125455642150287
1.0715193052376071e6	0.00010153295702227899
1.09647819614318525e6	0.0001130750890398013
1.12201845430196286e6	0.00012604783520121004
1.14815362149688415e6	0.00014064141520460488
1.17489755493953032e6	0.00015707278941513115
1.20226443461741321e6	0.00017558957065799872
1.23026877081238106e6	0.00019647451966202942
1.25892541179416888e6	0.00022005071038864595
1.28824955169313494e6	0.00024668746343331553
1.31825673855640762e6	0.00027680715900990047
1.34896288259165315e6	0.00031089305575675893
1.38038426460288651e6	0.00034949825776370335
1.41253754462275538e6	0.0003932559897856996
1.44543977074592793e6	0.00044289135943632505
1.47910838816820737e6	0.0004992348051254211
1.51356124843620718e6	0.0005632374491469993
1.54881661891248287e6	0.0006359885963152074
1.58489319246111414e6	0.0007187356390530741
1.62181009735893016e6	0.0008129066489393341
1.65958690743755968e6	0.0009201359512457448
1.69824365246174601e6	0.001042292991270563
1.73780082874937658e6	0.0011815148072807304
1.77827941003892291e6	0.0013402424225080144
1.8197008586099823e6	0.001521261454600605
1.86208713666286925e6	0.001727747212725359
1.90546071796324849e6	0.0019633145062061576
1.94984459975804528e6	0.0022320723211315886
1.99526231496887887e6	0.00253868342962857
2.04173794466953189e6	0.0028884288780028082
2.08929613085404062e6	0.003287277154580611
2.13796208950223262e6	0.0037419576665322684
2.18776162394955196e6	0.0042600379638700996
2.2387211385683422e6	0.0048500039474134796
2.29086765276777465e6	0.005521342103538758
2.34422881531992275e6	0.006284622646643961
2.39883291901949002e6	0.007151582357144889
2.45470891568503343e6	0.008135205921784627
2.51188643150958186e6	0.009249804776113998
2.57039578276886465e6	0.010511092881691893
2.63026799189538136e6	0.011936259625657215
2.691534803926914e6	0.013544041189334884
2.75422870333816903e6	0.015354793386673825
2.81838293126445496e6	0.017390571204972234
2.88403150312660588e6	0.019675223162848688
2.95120922666638391e6	0.022234512201169242
3.0199517204020191e6	0.02509627919218001
3.09029543251359183e6	0.02829067034153681
3.16227766016837954e6	0.031850455852715766
3.23593656929628085e6	0.03581147434609213
3.31131121482591424e6	0.04021324595383459
3.38844156139202788e6	0.04509980719928743
3.46736850452531688e6	0.050520833531467524
3.54813389233575296e6	0.056533132023846355
3.63078054770101746e6	0.06320260927218398
3.71535229097172804e6	0.07060685108440788
3.80189396320561273e6	0.07883849575758162
3.89045144994280441e6	0.08800964873855696
3.98107170553497784e6	0.09825768387571573
4.07380277804112947e6	0.109748690069565
4.16869383470335463e6	0.12265221969808839
4.2657951880159257e6	0.13714730061111507
4.36515832240166608e6	0.15343565510218077
4.46683592150963564e6	0.1717445475026335
4.57088189614875149e6	0.19232986763734417
4.67735141287198104e6	0.21547953451451632
4.78630092322638072e6	0.24151723896960292
4.89778819368446618e6	0.27080654114381575
5.0118723362727249e6	0.3037553341299766
5.12861383991364762e6	0.34082067908836955
5.24807460249772295e6	0.38251400900597377
5.37031796370253246e6	0.4294066875390724
5.49540873857624829e6	0.4821358964409854
5.6234132519034911e6	0.5414108084414879
5.75439937337156571e6	0.6080189831422985
5.88843655355589651e6	0.6828329007419464
6.02559586074358039e6	0.7668165215683006
6.165950018614823e6	0.8610317311099273
6.30957344480193034e6	0.9666444973794864
6.45654229034656193e6	1.0849305355724088
6.6069344800759647e6	1.217280240694997
6.76082975391981844e6	1.3652026190793631
6.91830970918936282e6	1.5303283673531412
7.07945784384138789e6	1.7144229008941252
7.24435960074990615e6	1.9193954922022545
7.41310241300917696e6	2.1472947544098373
7.58577575029183552e6	2.4003100068756376
7.76247116628692765e6	2.6807721875290835
7.94328234724282194e6	2.9911540727088064
8.12830516164099518e6	3.3340700951261604
8.31763771102670953e6	3.7122762054013423
8.51138038202375919e6	4.128670391889816
8.70963589956081286e6	4.586294671779709
8.91250938133745827e6	5.0883395737437915
9.12010839355909638e6	5.638152361154244
9.33254300796990283e6	6.2392504736035725
9.54992586021436937e6	6.8953419048402464
9.77237220955811255e6	7.610354477520864
1.e7	8.3884762348548
1.02329299228075352e7	9.2342094325674
1.04712854805090074e7	10.152440941211902
1.0715193052376071e7	11.14853223312634
1.09647819614318498e7	12.228432635393736
1.122018454301963e7	13.39882016689304
1.14815362149688415e7	14.667275193572166
1.17489755493953042e7	16.04248915096126
1.20226443461741321e7	17.533472707851228
1.23026877081238106e7	19.147759742376415
1.25892541179416869e7	20.892650367691026
1.28824955169313494e7	22.775391558234762
1.31825673855640739e7	24.803087845139242
1.34896288259165324e7	26.982601792907104
1.38038426460288688e7	29.320445032339528
1.41253754462275542e7	31.822661109298696
1.44543977074592803e7	34.49470189732352
1.47910838816820718e7	37.34129979508388
1.51356124843620732e7	40.36633846546307
1.54881661891248282e7	43.57272531039404
1.584893192461114e7	46.96226929964587
1.62181009735893011e7	50.535568074932165
1.65958690743755978e7	54.29190843833568
1.69824365246174596e7	58.22918434229895
1.73780082874937616e7	62.34383635258033
1.77827941003892273e7	66.6308162158442
1.81970085860998221e7	71.08357958985958
1.86208713666286916e7	75.69410924305458
1.90546071796324849e7	80.45297015581434
1.94984459975804575e7	85.34939683220539
1.99526231496887878e7	90.37141207908357
2.04173794466953166e7	95.50796553211953
2.08929613085404076e7	100.75914830026521
2.13796208950223215e7	106.1317487503854
2.18776162394955196e7	111.63635474896415
2.23872113856834248e7	117.28767798450404
2.29086765276777484e7	123.10488109231606
2.34422881531992294e7	129.11192303900154
2.39883291901948936e7	135.33794480080596
2.45470891568503343e7	141.81772102366483
2.51188643150958233e7	148.5922072946393
2.57039578276886493e7	155.70921763321692
2.63026799189538099e7	163.22427268587313
2.69153480392691344e7	171.2016673437333
2.75422870333816893e7	179.71581737197621
2.81838293126445487e7	188.8529595287527
2.88403150312660597e7	198.71330017639815
2.95120922666638382e7	209.41373547564163
3.0199517204020191e7	221.09130505729593
3.09029543251359202e7	233.90759514705155
3.16227766016837917e7	248.054382471972
3.23593656929628104e7	263.7609168052347
3.3113112148259148e7	281.30339224825644
3.38844156139202714e7	301.01737681468455
3.46736850452531651e7	323.3142921282454
3.54813389233575314e7	348.70351329989165
3.63078054770101756e7	377.8223834527237
3.71535229097172767e7	411.4775514697563
3.80189396320561245e7	450.70279217574983
3.89045144994280487e7	496.84127825668804
3.98107170553497672e7	551.6648931913971
4.0738027780411303e7	617.5040334485415
4.16869383470335528e7	697.1140381165242
4.26579518801592588e7	793.9386929509532
4.3651583224016659e7	912.5224959278174
4.4668359215096347e7	1058.9300399882927
4.57088189614875242e7	1241.355470305104
4.67735141287198141e7	1471.024738404548
4.78630092322638035e7	1763.5565645129616
4.89778819368446544e7	2141.058468551055
5.01187233627272472e7	2635.4306419543145
5.12861383991364762e7	3293.7108762881185
5.24807460249772295e7	4186.979115493291
5.37031796370253265e7	5425.696609880208
5.49540873857624829e7	7187.16539872111
5.62341325190349072e7	9766.935815229921
5.75439937337156758e7	13680.273554489426
5.88843655355589613e7	19875.576152659654
6.02559586074358076e7	30219.714896411806
6.16595001861482263e7	48716.267861167085
6.30957344480192959e7	84986.13629047762
6.45654229034656137e7	166163.9725220532
6.60693448007596433e7	390127.3375748531
6.760829753919819e7	1.3066644261409796e6
6.91830970918936282e7	1.3198394436933381e7
7.07945784384138882e7	2.5668562055446126e7
7.24435960074990541e7	3.3894899322751984e6
7.41310241300917715e7	1.7198608535859573e6
7.58577575029183626e7	1.3641648945226758e6
7.76247116628692746e7	1.468633087190742e6
7.94328234724282026e7	2.222472531576274e6
8.12830516164099574e7	6.42314684740077e6
8.31763771102670878e7	3.5485184623791846e11
8.51138038202377707e7	3.7562395127703776e6
8.70963589956081361e7	761300.146396714
8.91250938133745938e7	280039.5375570029
9.12010839355909526e7	132791.54572451574
9.33254300796990544e7	72773.64188570814
9.54992586021436751e7	43857.91549531975
9.77237220955811143e7	28288.664791587475
1.e8	19207.390852015888