1.	2.2574030807791673e-10
1.02329299228069992	2.2567348722553285e-10
1.04712854805080013	2.2560870108611752e-10
1.07151930523759997	2.2554592643145224e-10
1.09647819614309983	2.2548514018870712e-10
1.12201845430189984	2.254263194364264e-10
1.1481536214968	2.2536944140059468e-10
1.17489755493949999	2.2531448345075528e-10
1.20226443461740007	2.2526142309620424e-10
1.23026877081229991	2.2521023798224368e-10
1.2589254117941	2.2516090588649223e-10
1.28824955169310007	2.2511340471526653e-10
1.31825673855639991	2.2506771250001416e-10
1.34896288259160002	2.2502380739381014e-10
1.38038426460280017	2.249816676679076e-10
1.41253754462269998	2.2494127170834856e-10
1.44543977074589991	2.2490259801262757e-10
1.47910838816820012	2.2486562518641386e-10
1.51356124843619999	2.2483033194032005e-10
1.54881661891239997	2.2479669708673318e-10
1.58489319246110005	2.2476469953668857e-10
1.62181009735890003	2.2473431829680203e-10
1.65958690743750004	2.247055324662484e-10
1.69824365246169995	2.24678321233788e-10
1.73780082874929986	2.2465266387484874e-10
1.77827941003889989	2.246285397486487e-10
1.81970085860989994	2.246059282953671e-10
1.86208713666279979	2.2458480903336711e-10
1.90546071796320016	2.245651615564578e-10
1.94984459975800006	2.2454696553120628e-10
1.99526231496880002	2.245302006942919e-10
2.04173794466949987	2.245148468499011e-10
2.08929613085400012	2.2450088386717495e-10
2.13796208950220024	2.2448829167768896e-10
2.18776162394950013	2.2447705027298268e-10
2.23872113856829991	2.244671397021253e-10
2.29086765276769988	2.244585400693253e-10
2.3442288153198998	2.2445123153158507e-10
2.39883291901940021	2.24445194296383e-10
2.45470891568499994	2.244404086194108e-10
2.5118864315095002	2.244368548023377e-10
2.57039578276879999	2.2443451319062117e-10
2.63026799189530003	2.244333641713509e-10
2.69153480392690003	2.2443338817113608e-10
2.7542287033381001	2.244345656540262e-10
2.81838293126439998	2.2443687711946926e-10
2.88403150312659973	2.2444030310030855e-10
2.95120922666629992	2.2444482416081967e-10
3.01995172040200011	2.2445042089477434e-10
3.09029543251349992	2.2445707392354868e-10
3.16227766016830003	2.2446476389426564e-10
3.2359365692962001	2.244734714779704e-10
3.31131121482590007	2.2448317736784197e-10
3.38844156139199981	2.2449386227744164e-10
3.46736850452530021	2.2450550693899538e-10
3.54813389233569998	2.2451809210170845e-10
3.63078054770100023	2.2453159853011778e-10
3.71535229097170028	2.2454600700247895e-10
3.80189396320559991	2.245612983091812e-10
3.89045144994280001	2.245774532512053e-10
3.98107170553489986	2.2459445263860673e-10
4.07380277804109969	2.2461227728903911e-10
4.16869383470329957	2.2463090802630585e-10
4.26579518801589952	2.2465032567894922e-10
4.36515832240160062	2.2467051107887116e-10
4.46683592150959985	2.2469144505998466e-10
4.57088189614870011	2.2471310845690288e-10
4.67735141287190004	2.2473548210365877e-10
4.78630092322630052	2.2475854683245754e-10
4.89778819368440033	2.2478228347246037e-10
5.01187233627270068	2.2480667284860616e-10
5.12861383991360054	2.248316957804612e-10
5.24807460249770052	2.2485733308110117e-10
5.37031796370250003	2.24883565556032e-10
5.4954087385761996	2.249103740021353e-10
5.62341325190339969	2.2493773920665225e-10
5.7543993733715002	2.2496564194619733e-10
5.88843655355579987	2.2499406298580785e-10
6.02559586074349962	2.2502298307802106e-10
6.16595001861479997	2.2505238296198994e-10
6.30957344480189963	2.250822433626264e-10
6.4565422903465004	2.251125449897818e-10
6.60693448007589978	2.2514326853745635e-10
6.76082975391980057	2.2517439468304462e-10
6.91830970918929999	2.2520590408661176e-10
7.07945784384129961	2.2523777739020347e-10
7.24435960074980034	2.2526999521719092e-10
7.41310241300910011	2.2530253817164467e-10
7.58577575029180018	2.2533538683774565e-10
7.76247116628690037	2.2536852177922617e-10
7.9432823472427998	2.2540192353884796e-10
8.128305161640899	2.2543557263791063e-10
8.31763771102670013	2.2546944957579415e-10
8.51138038202370062	2.2550353482953682e-10
8.70963589956079964	2.2553780885344505e-10
8.91250938133740078	2.2557225207873515e-10
9.12010839355899883	2.2560684491321665e-10
9.33254300796989966	2.2564156774099908e-10
9.54992586021429979	2.2567640092224102e-10
9.7723722095580996	2.2571132479292885e-10
10.	2.257463196646929e-10
10.2329299228075001	2.2578136582465686e-10
10.4712854805089002	2.2581644353531975e-10
10.7151930523760015	2.2585153303447443e-10
10.9647819614318003	2.2588661453516353e-10
11.2201845430195988	2.259216682256646e-10
11.4815362149688003	2.2595667426951384e-10
11.7489755493951993	2.2599161280556678e-10
12.0226443461741006	2.2602646394808712e-10
12.3026877081238002	2.260612077868806e-10
12.5892541179416	2.260958243874555e-10
12.8824955169313	2.2613029379122468e-10
13.1825673855640009	2.2616459601574167e-10
13.4896288259164994	2.261987110549694e-10
13.8038426460287997	2.2623261887959047e-10
14.1253754462274994	2.2626629943735016e-10
14.4543977074591989	2.2629973265343289e-10
14.7910838816820007	2.2633289843088256e-10
15.1356124843619995	2.2636577665105164e-10
15.4881661891248008	2.2639834717409094e-10
15.8489319246110991	2.264305898394747e-10
16.2181009735892978	2.264624844665605e-10
16.5958690743755994	2.2649401085518976e-10
16.9824365246174018	2.2652514878632266e-10
17.3780082874936994	2.265558780227091e-10
17.7827941003892	2.2658617830959705e-10
18.1970085860998019	2.266160293754814e-10
18.6208713666285988	2.2664541093288345e-10
19.0546071796324021	2.266743026791722e-10
19.4984459975804008	2.2670268429742274e-10
19.9526231496887974	2.267305354573081e-10
20.4173794466952003	2.2675783581603298e-10
20.8929613085403005	2.267845650193012e-10
21.3796208950223026	2.268107027023217e-10
21.8776162394954987	2.2683622849085196e-10
22.3872113856834005	2.2686112200228043e-10
22.9086765276776987	2.268853628467404e-10
23.4422881531991969	2.2690893062826842e-10
23.9883291901949001	2.269318049459957e-10
24.5470891568503014	2.2695396539537634e-10
25.1188643150958022	2.2697539156945642e-10
25.7039578276886012	2.2699606306017465e-10
26.3026799189537996	2.2701595945970695e-10
26.9153480392691016	2.2703506036184043e-10
27.5422870333816014	2.270533453633908e-10
28.1838293126445016	2.27070794065654e-10
28.8403150312659982	2.2708738607589172e-10
29.5120922666637995	2.271031010088583e-10
30.1995172040201005	2.271179184883639e-10
30.9029543251359016	2.2713181814886824e-10
31.6227766016837002	2.2714477963711757e-10
32.3593656929627969	2.2715678261381324e-10
33.1131121482590984	2.2716780675531732e-10
33.8844156139201971	2.2717783175539468e-10
34.6736850452531016	2.271868373269912e-10
35.4813389233575052	2.2719480320404305e-10
36.3078054770100991	2.27201709143327e-10
37.1535229097171964	2.2720753492634062e-10
38.018939632056096	2.2721226036121927e-10
38.9045144994280037	2.2721586528468745e-10
39.8107170553496985	2.2721832956404606e-10
40.7380277804111941	2.2721963309918405e-10
41.6869383470334966	2.2721975582464004e-10
42.657951880159203	2.2721867771167947e-10
43.6515832240165977	2.2721637877041693e-10
44.6683592150963022	2.2721283905196568e-10
45.708818961487502	2.2720803865061865e-10
46.7735141287198033	2.2720195770606494e-10
47.8630092322638063	2.2719457640563115e-10
48.9778819368446037	2.2718587498656015e-10
50.1187233627272022	2.2717583373831947e-10
51.2861383991363979	2.2716443300493037e-10
52.4807460249772006	2.2715165318734119e-10
53.703179637025201	2.2713747474581833e-10
54.9540873857623993	2.271218782023688e-10
56.2341325190349011	2.27104844143194e-10
57.5439937337155953	2.2708635322116408e-10
58.8843655355588993	2.2706638615832758e-10
60.2559586074356943	2.2704492374844052e-10
61.6595001861482004	2.270219468595245e-10
63.0957344480193001	2.2699743643644803e-10
64.565422903465489	2.2697137350353514e-10
66.0693448007595947	2.2694373916719343e-10
67.6082975391981051	2.2691451659259042e-10
69.1830970918936004	2.2688375397104992e-10
70.7945784384138079	2.268515776019257e-10
72.4435960074989964	2.2681811833372903e-10
74.1310241300917028	2.267835069094354e-10
75.8577575029184032	2.2674787395258186e-10
77.6247116628691032	2.2671134995488743e-10
79.4328234724280975	2.266740652653934e-10
81.2830516164099066	2.2663615008111728e-10
83.1763771102669978	2.2659773443922336e-10
85.1138038202376066	2.2655894821069911e-10
87.096358995608	2.2651992109553477e-10
89.125093813374491	2.2648078261940362e-10
91.2010839355909013	2.2644166213183314e-10
93.325430079699089	2.264026888058676e-10
95.4992586021434988	2.2636399163921247e-10
97.723722095580996	2.263256994568543e-10
100.	2.2628794091515794e-10
102.329299228075399	2.2625084450743055e-10
104.712854805089904	2.2621453857094256e-10
107.151930523760697	2.261791512954175e-10
109.647819614318507	2.2614481073296906e-10
112.2018454301963	2.26111644809494e-10
114.815362149688298	2.260797813375052e-10
117.489755493952899	2.260493480304245e-10
120.226443461741297	2.2602047251830457e-10
123.026877081238112	2.2599328236500154e-10
125.892541179416696	2.2596790508679127e-10
128.824955169313313	2.2594446817242406e-10
131.825673855640702	2.2592309910462482e-10
134.896288259165317	2.2590392538304514e-10
138.038426460288491	2.2588707454865968e-10
141.253754462275396	2.258726742096258e-10
144.543977074592789	2.2586085206859383e-10
147.9108388168207	2.2585173595149645e-10
151.35612484362079	2.2584545383781322e-10
154.881661891248115	2.2584213389231569e-10
158.489319246111393	2.2584190449831964e-10
162.1810097358929	2.258448942924476e-10
165.958690743756108	2.2585123220091275e-10
169.824365246174381	2.2586104747735551e-10
173.780082874937591	2.258744697422325e-10
177.827941003892306	2.258916290237966e-10
181.970085860998381	2.2591265580067313e-10
186.208713666286684	2.2593768104607132e-10
190.546071796324782	2.2596683627364764e-10
194.984459975804498	2.260002535850561e-10
199.526231496887988	2.260380657192093e-10
204.173794466952899	2.2608040610329656e-10
208.929613085403815	2.2612740890558108e-10
213.796208950223189	2.261792090900235e-10
218.776162394955094	2.2623594247277558e-10
223.872113856834005	2.2629774578058154e-10
229.086765276777214	2.2636475671114107e-10
234.422881531992204	2.2643711399548212e-10
239.883291901948979	2.2651495746240346e-10
245.470891568503106	2.2659842810503366e-10
251.188643150957915	2.266876681495836e-10
257.039578276886402	2.2678282112634518e-10
263.02679918953811	2.2688403194301346e-10
269.15348039269162	2.2699144696040532e-10
275.422870333816604	2.2710521407065094e-10
281.838293126445478	2.272254827779404e-10
288.4031503126605	2.273524042819208e-10
295.120922666638705	2.274861315638264e-10
301.995172040201624	2.2762681947545155e-10
309.0295432513592	2.2777462483105915e-10
316.227766016837904	2.279297083208701e-10
323.593656929628366	2.2809224801164667e-10
331.131121482591084	2.2826243193954618e-10
338.84415613920271	2.284404507685873e-10
346.736850452531598	2.2862649786575693e-10
354.81338923357572	2.2882076943614076e-10
363.078054770101403	2.2902346466355662e-10
371.535229097172419	2.2923478585689566e-10
380.18939632056123	2.2945493860243007e-10
389.04514499428052	2.2968413192232196e-10
398.107170553497326	2.2992257843961914e-10
407.380277804112609	2.3017049455001434e-10
416.869383470335492	2.3042810060067686e-10
426.579518801592485	2.3069562107648806e-10
436.515832240166105	2.3097328479401784e-10
446.683592150962966	2.312613251036208e-10
457.088189614875205	2.3155998010004105e-10
467.735141287198132	2.318694928419438e-10
478.630092322638461	2.321901115808269e-10
489.778819368446079	2.3252208999977505e-10
501.187233627272462	2.328656874625813e-10
512.861383991364846	2.3322116927375666e-10
524.807460249772816	2.335888069500157e-10
537.031796370252664	2.339688785038496e-10
549.540873857624888	2.3436166873983656e-10
562.341325190349039	2.3476746956439026e-10
575.439937337157289	2.3518658030969157e-10
588.843655355589021	2.356193080725976e-10
602.559586074358094	2.360659680693739e-10
616.59500186148216	2.3652688400716234e-10
630.957344480193569	2.370023884731464e-10
645.6542290346556	2.3749282334245836e-10
660.693448007595748	2.379985402059252e-10
676.082975391981904	2.385199008188509e-10
691.830970918936259	2.390572775720938e-10
707.945784384138051	2.3961105398680654e-10
724.435960074989907	2.401816252342911e-10
741.31024130091771	2.4076939868253486e-10
758.577575029183549	2.413747944710993e-10
776.24711662869197	2.419982461161685e-10
794.328234724281401	2.4264020114768396e-10
812.830516164099549	2.433011217806475e-10
831.76377110267083	2.439814856228226e-10
851.13803820237672	2.4468178975408054e-10
870.963589956080455	2.4540268241199585e-10
891.250938133745876	2.461450098723767e-10
912.010839355909638	2.4690965586675246e-10
933.254300796991515	2.4769753111403304e-10
954.992586021435954	2.4850957487430853e-10
977.237220955811267	2.4934675660706934e-10
1000.	2.5021007774112867e-10
1023.29299228075479	2.511005735641535e-10
1047.12854805089955	2.520193152404433e-10
1071.51930523760711	2.5296741196637127e-10
1096.47819614318519	2.5394601327378156e-10
1122.01845430196431	2.549563114925728e-10
1148.15362149688281	2.559995443847747e-10
1174.89755493953044	2.570769979635701e-10
1202.26443461741314	2.5819000951201773e-10
1230.26877081238126	2.593399708176515e-10
1258.92541179416753	2.6052833164071045e-10
1288.24955169313353	2.6175660343551775e-10
1318.25673855640775	2.6302636334647336e-10
1348.96288259165317	2.6433925850229463e-10
1380.3842646028852	2.656970106345598e-10
1412.53754462275401	2.6710142104930565e-10
1445.43977074592817	2.685543759834513e-10
1479.10838816820728	2.700578523811821e-10
1513.56124843620887	2.7161392412921846e-10
1548.81661891248132	2.732247687941243e-10
1584.89319246111404	2.7489267490958615e-10
1621.81009735892985	2.7662004986695145e-10
1659.58690743756119	2.7840942846836406e-10
1698.24365246174443	2.8026348220867637e-10
1737.80082874937625	2.821850293600351e-10
1778.27941003892283	2.8417704594180666e-10
1819.70085860998438	2.8624267766845815e-10
1862.08713666286758	2.8838525297931774e-10
1905.46071796324827	2.9060829726705447e-10
1949.84459975804566	2.9291554843643315e-10
1995.2623149688809	2.9531097394177987e-10
2041.73794466952972	2.97798735563558e-10
2089.29613085404117	3.003829590773131e-10
2137.96208950223263	3.030679269369798e-10
2187.7616239495519	3.058581940708221e-10
2238.72113856833994	3.087586096730676e-10
2290.86765276777214	3.117743410455966e-10
2344.22881531992289	3.149108998159471e-10
2398.83291901948996	3.181741708110889e-10
2454.70891568503112	3.215704439047663e-10
2511.88643150958023	3.2510644920054703e-10
2570.39578276886505	3.287893959641489e-10
2630.26799189538133	3.326270157783953e-10
2691.53480392691699	3.366276104638337e-10
2754.22870333816627	3.408001053894728e-10
2818.38293126445524	3.4515410889353747e-10
2884.031503126605	3.4969997864626393e-10
2951.20922666638717	3.544488959189775e-10
3019.95172040201624	3.5941294887997503e-10
3090.295432513592	3.6460522622315024e-10
3162.2776601683795	3.7003992265592904e-10
3235.93656929628469	3.7573245803659826e-10
3311.31121482591106	3.816996122669035e-10
3388.44156139202778	3.879596784257458e-10
3467.36850452531644	3.9453263708862364e-10
3548.13389233575663	4.0144035533393937e-10
3630.7805477010138	4.0870681461487846e-10
3715.3522909717276	4.163583725045277e-10
3801.89396320561264	4.244240643405794e-10
3890.45144994280508	4.3293595205406416e-10
3981.07170553497326	4.4192952902817405e-10
4073.8027780411262	4.5144346138310415e-10
4168.6938347033547	4.615149916058022e-10
4265.7951880159253	4.721825034548944e-10
4365.15832240166128	4.834882240642057e-10
4466.83592150962977	4.954787029487549e-10
4570.88189614875137	5.082053494087608e-10
4677.35141287198076	5.217250531805809e-10
4786.30092322638484	5.361009036079305e-10
4897.78819368446148	5.514030259058179e-10
5011.87233627272508	5.677095572117255e-10
5128.61383991364892	5.85107790298492e-10
5248.07460249772794	6.036955193721937e-10
5370.31796370252687	6.235826307105855e-10
5495.40873857624865	6.448929915707712e-10
5623.41325190349107	6.677667045637457e-10
5754.39937337157244	6.923628125910127e-10
5888.43655355588999	7.188625628892271e-10
6025.5958607435814	7.474733697188564e-10
6165.95001861482251	7.784336565590869e-10
6309.57344480193569	8.120188143182178e-10
6456.542290346556	8.485485877804327e-10
6606.93448007596453	8.883963066747871e-10
6760.82975391981927	9.320005227903246e-10
6918.30970918936328	9.798798514812337e-10
7079.45784384138005	1.0326528895181185e-9
7244.35960074989907	1.0910637666287623e-9
7413.10241300917733	1.1560148565484886e-9
7585.77575029183572	1.2286112548291755e-9
7762.47116628691947	1.3102212989623202e-9
7943.28234724281356	1.4025602887210125e-9
8128.30516164099481	1.507808547853155e-9
8317.63771102670944	1.6287815524021105e-9
8511.38038202376811	1.7691811627039596e-9
8709.63589956080432	1.933977123325038e-9
8912.50938133745876	2.130005258266038e-9
9120.10839355909593	2.366940975342148e-9
9332.54300796991447	2.658954030954235e-9
9549.92586021435818	3.027670096912787e-9
9772.37220955811244	3.507809582761627e-9
10000.	4.158767447223863e-9
10232.9299228075361	5.090752488228875e-9
10471.2854805090083	6.5314663535002525e-9
10715.1930523760711	9.026934279153764e-9
10964.7819614318523	1.4213681100424413e-8
11220.1845430196263	2.9298576575997357e-8
11481.536214968839	1.3440297794460184e-7
11748.9755493953016	8.662324717708881e-7
12022.644346174131	5.304908581567376e-8
12302.6877081238108	2.129379075270741e-8
12589.2541179416621	1.2767918236315753e-8
12882.4955169313489	9.087984050779693e-9
13182.5673855640744	7.093104995252526e-9
13489.6288259165322	5.856496890320181e-9
13803.842646028841	5.019786413565744e-9
14125.3754462275538	4.418039606322791e-9
14454.3977074592804	3.965590664452291e-9
14791.0838816820724	3.6137937558563595e-9
15135.6124843620728	3.3330663668532223e-9
15488.1661891248277	3.1044174575312495e-9
15848.9319246111409	2.9151095867991335e-9
16218.1009735892985	2.75628614881213e-9
16595.8690743755942	2.6216008944304263e-9
16982.4365246174602	2.506389400281973e-9
17378.0082874937616	2.4071483681047723e-9
17782.7941003892302	2.3211972925842784e-9
18197.0085860998261	2.246452175931003e-9
18620.8713666286894	2.1812703075420723e-9
19054.6071796324832	2.1243413966850126e-9
19498.4459975804493	2.074609701122462e-9
19952.6231496887849	2.0312173493565858e-9
20417.3794466953223	1.9934548971024594e-9
20892.9613085404053	1.9606986854327655e-9
21379.6208950223227	1.9324180809222844e-9
21877.6162394955209	1.908169555175046e-9
22387.2113856834258	1.8875803925346382e-9
22908.6765276777478	1.8703359626210435e-9
23442.2881531992243	1.856169684834137e-9
23988.3291901949015	1.8448550413310825e-9
24547.0891568502884	1.836199164494705e-9
25118.8643150958196	1.830037645606758e-9
25703.9578276886459	1.8262302984376592e-9
26302.6799189538106	1.824657674878288e-9
26915.3480392691417	1.8252181764375215e-9
27542.28703338169	1.8278256401356188e-9
28183.8293126445496	1.832407303329107e-9
28840.3150312660582	1.8389020716255289e-9
29512.0922666638398	1.8472590289372612e-9
30199.5172040201978	1.857436140069987e-9
30902.954325135921	1.8693991049059494e-9
31622.7766016837959	1.8831203298568684e-9
32359.3656929628123	1.8985779872946287e-9
33113.1121482591479	1.91575513746951e-9
33884.4156139202751	1.934638890261159e-9
34673.6850452531653	1.9552195861815923e-9
35481.3389233575363	1.977489977523759e-9
36307.8054770101808	2.001444391556549e-9
37153.5229097172851	2.02707785832168e-9
38018.9396320561282	2.054385185994717e-9
38904.514499428049	2.0833599670346268e-9
39810.7170553497781	2.1139934985728756e-9
40738.0277804112993	2.146280031069877e-9
41686.9383470335524	2.1802598874089177e-9
42657.9518801592494	2.2159984022779724e-9
43651.5832240165619	2.2535654137257895e-9
44668.359215096345	2.2930353190977375e-9
45708.8189614875228	2.3344872424293413e-9
46773.514128719813	2.378005201650417e-9
47863.0092322638084	2.4236782721819465e-9
48977.8819368446639	2.4716007426929006e-9
50118.7233627272508	2.521872257793722e-9
51286.1383991364855	2.5745979412459058e-9
52480.7460249772266	2.6298884918260082e-9
53703.1796370253287	2.6878602422555124e-9
54954.0873857624829	2.748635169547537e-9
56234.1325190349089	2.812340842674075e-9
57543.9937337156734	2.8791102905641474e-9
58884.3655355589654	2.9490817700418782e-9
60255.9586074358085	3.02239840933746e-9
61659.5001861482233	3.0992076981894664e-9
63095.7344480192987	3.179660790243324e-9
64565.422903465631	3.2639115773922136e-9
66069.3448007596307	3.3521154888782874e-9
67608.297539198189	3.4444279603878864e-9
69183.0970918936218	3.541004501473264e-9
70794.5784384138824	3.642046446395422e-9
72443.596007499058	3.7478137028541545e-9
74131.0241300917696	3.858585808650031e-9
75857.7575029183645	3.97466110009927e-9
77624.7116628691147	4.096357922679318e-9
79432.8234724282083	4.224015876007071e-9
81283.0516164099536	4.357997080098108e-9
83176.3771102670871	4.498687445045201e-9
85113.8038202375901	4.6464979202308515e-9
87096.3589956081414	4.8018656916946426e-9
89125.0938133745949	4.965255287007883e-9
91201.0839355909557	5.137159535615403e-9
93325.4300796990428	5.318100318686304e-9
95499.2586021436873	5.508629025623493e-9
97723.7220955811208	5.7093266140234145e-9
100000.	5.9208031455320714e-9
102329.299228075353	6.143696641183378e-9
104712.854805090057	6.378671065942388e-9
107151.930523760704	6.626413212911285e-9
109647.81961431852	6.8876282127864545e-9
112201.845430196307	7.163033343791324e-9
114815.362149688401	7.45334976206765e-9
117489.755493953038	7.75929212594311e-9
120226.443461741321	8.081654415570528e-9
123026.877081238126	8.421472205693047e-9
125892.541179416876	8.779886670093346e-9
128824.955169313485	9.158125161522672e-9
131825.673855640722	9.557508715450482e-9
134896.288259165303	9.979460343419886e-9
138038.426460288378	1.0425514222168205e-8
141253.754462275538	1.0897325902646585e-8
144543.977074592782	1.1396683684600752e-8
147910.838816820731	1.1925521328228701e-8
151356.124843620695	1.2485932305557042e-8
154881.661891248281	1.308018583176254e-8
158489.319246111409	1.3710744962162298e-8
162181.009735893022	1.4380287095834688e-8
165958.690743755957	1.509172729409179e-8
169824.365246174595	1.5848244904165484e-8
173780.082874937623	1.6653314079111892e-8
177827.94100389228	1.7510738908663878e-8
181970.085860998253	1.842469402840589e-8
186208.713666286902	1.9399771763698373e-8
190546.071796324832	2.044103709987407e-8
194984.459975804522	2.1554092063866144e-8
199526.231496887864	2.274515147090744e-8
204173.794466953142	2.4021061771111475e-8
208929.613085404068	2.538901891552306e-8
213796.208950223256	2.6856762337319222e-8
218776.162394955201	2.8432744648510902e-8
223872.113856834243	3.012620119321448e-8
229086.765276777471	3.194722656910041e-8
234422.881531992229	3.390685899840717e-8
239883.291901948949	3.6017173444702054e-8
245470.891568502848	3.8291384506453875e-8
251188.643150958233	4.074396028348845e-8
257039.578276886459	4.339074861612146e-8
263026.799189538171	4.624911735036428e-8
269153.480392691388	4.933811060061455e-8
275422.870333816914	5.267862338253096e-8
281838.293126445496	5.629359749788467e-8
288403.150312660553	6.020824220185089e-8
295120.922666638449	6.445028401280068e-8
301995.172040201898	6.905025108884207e-8
309029.543251359195	7.404179896399217e-8
316227.766016838024	7.946208620111817e-8
323593.656929628109	8.535221079788756e-8
331131.121482591436	9.175772113282645e-8
338844.156139202823	9.872921906834837e-8
346736.850452531653	1.0632307781218615e-7
354813.389233575319	1.14602303647839e-7
363078.054770101735	1.2363757917885823e-7
371535.229097172792	1.3350853697500022e-7
380189.396320561296	1.4430532740517007e-7
389045.144994280476	1.5613056431285333e-7
398107.170553497737	1.6910175890215126e-7
407380.277804112993	1.8335301186650467e-7
416869.38347033551	1.9902752792550224e-7
426579.518801592465	2.162806579499815e-7
436515.832240165735	2.3528519005565955e-7
446683.592150963494	2.5623328418703447e-7
457088.189614875184	2.793385851716127e-7
467735.141287198057	3.048385598195243e-7
478630.092322638026	3.3299708951412126e-7
489778.819368446653	3.641073595865857e-7
501187.233627272479	3.984951009495901e-7
512861.383991364855	4.365222597338167e-7
524807.460249772295	4.785911993970277e-7
537031.7963702532	5.251495801506452e-7
549540.873857624829	5.766961168587669e-7
562341.325190349016	6.337874945746644e-7
575439.937337156618	6.970468283838377e-7
588843.655355589581	7.671742018594889e-7
602559.586074358085	8.449600209359544e-7
616595.00186148216	9.313021981235665e-7
630957.344480192987	1.0272285655975951e-6
645654.22903465631	1.1339264487530594e-6
660693.448007596424	1.2527820805172793e-6
676082.97539198189	1.385433602948689e-6
691830.970918936306	1.5338348990433983e-6
707945.784384138766	1.7001313880710495e-6
724435.960074990638	1.8865786287943139e-6
741310.241300917696	2.095691727017398e-6
758577.575029183528	2.33027681054917e-6
776247.116628691205	2.5934555076779e-6
794328.234724282171	2.888689260351477e-6
812830.516164099565	3.219803142639104e-6
831763.771102670813	3.591009042955191e-6
851138.038202375872	4.006928450208766e-6
870963.589956081472	4.472615749495379e-6
891250.93813374592	4.9935839970357865e-6
912010.839355909615	5.575836749139413e-6
933254.300796990399	6.225911838934406e-6
954992.586021436728	6.95094623620297e-6
977237.220955811208	7.758775547594021e-6
1.e6	8.658087653188041e-6
1.02329299228075368e6	9.618003316188041e-6
1.04712854805090069e6	0.000010694577755167912
1.0715193052376071e6	0.000011903089988182875
1.09647819614318525e6	0.000013260947006373561
1.12201845430196286e6	0.00001478799473394786
1.14815362149688415e6	0.000016506875926222425
1.17489755493953032e6	0.000018443442173568078
1.20226443461741321e6	0.000020627228250706544
1.23026877081238106e6	0.00002309199827046104
1.25892541179416888e6	0.000025876374482413735
1.28824955169313494e6	0.000029024561117941186
1.31825673855640762e6	0.000032587177435310603
1.34896288259165315e6	0.000036622216078623116
1.38038426460288651e6	0.000041196145038106955
1.41253754462275538e6	0.00004638517389672861
1.44543977074592793e6	0.00005227670766146641
1.47910838816820737e6	0.00005897101430160669
1.51356124843620718e6	0.00006658313511905848
1.54881661891248287e6	0.00007524507022050434
1.58489319246111414e6	0.00008510827457442293
1.62181009735893016e6	0.00009634650333296086
1.65958690743755968e6	0.0001091590481349303
1.69824365246174601e6	0.00012377440882874746
1.73780082874937658e6	0.00014045444722264548
1.77827941003892291e6	0.00015949907082836125
1.8197008586099823e6	0.00018125149477285404
1.86208713666286925e6	0.00020610412873808847
1.90546071796324849e6	0.000234505132513288
1.94984459975804528e6	0.00026696567807738556
1.99526231496887887e6	0.0003040679476044163
2.04173794466953189e6	0.00034647388506212035
2.08929613085404062e6	0.00039493470388789377
2.13796208950223262e6	0.0004503011346479029
2.18776162394955196e6	0.0005135343749860079
2.2387211385683422e6	0.0005857176806236064
2.29086765276777465e6	0.0006680685124363393
2.34422881531992275e6	0.0007619511335653002
2.39883291901949002e6	0.0008688895363393297
2.45470891568503343e6	0.0009905805770253435
2.51188643150958186e6	0.0011289072147076993
2.57039578276886465e6	0.0012859517979661851
2.63026799189538136e6	0.0014640094306780649
2.691534803926914e6	0.0016656015886630374
2.75422870333816903e6	0.0018934903659441372
2.81838293126445496e6	0.0021506940175356833
2.88403150312660588e6	0.002440504849288547
2.95120922666638391e6	0.002766510999085291
3.0199517204020191e6	0.003132624271754102
3.09029543251359183e6	0.0035431169480221562
3.16227766016837954e6	0.004002671406033894
3.23593656929628085e6	0.004516447501883096
3.31131121482591424e6	0.005090174001637591
3.38844156139202788e6	0.005730272021984384
3.46736850452531688e6	0.006444020551684123
3.54813389233575296e6	0.007239776902921549
3.63078054770101746e6	0.008127268711148616
3.71535229097172804e6	0.009117979376325172
3.80189396320561273e6	0.01022565639865918
3.89045144994280441e6	0.011466983112321283
3.98107170553497784e6	0.012862470721041809
4.07380277804112947e6	0.014437068752226206
4.16869383470335463e6	0.016216824106343973
4.2657951880159257e6	0.01822976901470566
4.36515832240166608e6	0.02050786454946679
4.46683592150963564e6	0.023087563304351303
4.57088189614875149e6	0.026010437834282366
4.67735141287198104e6	0.029323892173219766
4.78630092322638072e6	0.033081965551559865
4.89778819368446618e6	0.03734623783470435
5.0118723362727249e6	0.042186846405471344
5.12861383991364762e6	0.04768362414016625
5.24807460249772295e6	0.05392736765945924
5.37031796370253246e6	0.061021244058250886
5.49540873857624829e6	0.06908234265895329
5.6234132519034911e6	0.07824337581732572
5.75439937337156571e6	0.08865452923012968
5.88843655355589651e6	0.10048545730419031
6.02559586074358039e6	0.11392741270954378
6.165950018614823e6	0.12919549103678585
6.30957344480193034e6	0.14653096120383408
6.45654229034656193e6	0.16620363989676884
6.6069344800759647e6	0.18851425357694027
6.76082975391981844e6	0.21379671484212495
6.91830970918936282e6	0.24242035627591377
7.07945784384138789e6	0.27479546720910397
7.24435960074990615e6	0.31137821152693945
7.41310241300917696e6	0.3526717101997655
7.58577575029183552e6	0.3992291598417072
7.76247116628692765e6	0.4516571405570355
7.94328234724282194e6	0.510619033871734
8.12830516164099518e6	0.5768386291863293
8.31763771102670953e6	0.6511040459469679
8.51138038202375919e6	0.7342721619414911
8.70963589956081286e6	0.8272738174127491
8.91250938133745827e6	0.9311201621436446
9.12010839355909638e6	1.0469106308531577
9.33254300796990283e6	1.1758431727630319
9.54992586021436937e6	1.3192275285543034
9.77237220955811255e6	1.4785025475727624
1.e7	1.6552587785268997
1.02329299228075352e7	1.851267861671234
1.04712854805090074e7	2.0685206215783714
1.0715193052376071e7	2.3092762376569493
1.09647819614318498e7	2.5761255042459354
1.122018454301963e7	2.8720720506824717
1.14815362149688415e7	3.200636581493153
1.17489755493953042e7	3.5659895364493224
1.20226443461741321e7	3.9727827271409497
1.23026877081238106e7	4.425615620380382
1.25892541179416869e7	4.929446736683693
1.28824955169313494e7	5.489704392469878
1.31825673855640739e7	6.112318146165438
1.34896288259165324e7	6.803749953142716
1.38038426460288688e7	7.57102455745282
1.41253754462275542e7	8.421758593670907
1.44543977074592803e7	9.364187846426288
1.47910838816820718e7	10.407192087691753
1.51356124843620732e7	11.56031692836149
1.54881661891248282e7	12.833792152403587
1.584893192461114e7	14.238546086513818
1.62181009735893011e7	15.786215677511839
1.65958690743755978e7	17.48915213098375
1.69824365246174596e7	19.360422196943293
1.73780082874937616e7	21.41380548758006
1.77827941003892273e7	23.66378858056909
1.81970085860998221e7	26.125557066558684
1.86208713666286916e7	28.81498722096232
1.90546071796324849e7	31.748639461812132
1.94984459975804575e7	34.94375638883342
1.99526231496887878e7	38.41826874413111
2.04173794466953166e7	42.19084657559333
2.08929613085404076e7	46.28112159093897
2.13796208950223215e7	50.70972262069292
2.18776162394955196e7	55.49835145846108
2.23872113856834248e7	60.669947644913094
2.29086765276777484e7	66.24890154381463
2.34422881531992294e7	72.26132413417238
2.39883291901948936e7	78.73538268489162
2.45470891568503343e7	85.70171269275592
2.51188643150958233e7	93.19391771799422
2.57039578276886493e7	101.24917066508083
2.63026799189538099e7	109.90893244014569
2.69153480392691344e7	119.21980725247826
2.75422870333816893e7	129.23455806858078
2.81838293126445487e7	140.01331167809934
2.88403150312660597e7	151.6249903609668
2.95120922666638382e7	164.14901717970903
3.0199517204020191e7	177.67735530895106
3.09029543251359202e7	192.31695911024022
3.16227766016837917e7	208.19273762215468
3.23593656929628104e7	225.4511618521928
3.3113112148259148e7	244.2646876969433
3.38844156139202714e7	264.837221463143
3.46736850452531651e7	287.41092906723475
3.54813389233575314e7	312.2747922514756
3.63078054770101756e7	339.77545648845694
3.71535229097172767e7	370.33111356172407
3.80189396320561245e7	404.4494431867333
3.89045144994280487e7	442.75104266226407
3.98107170553497672e7	486.0003642297661
4.0738027780411303e7	535.1271074674897
4.16869383470335528e7	591.1202517637429
4.26579518801592588e7	655.0834035741502
4.3651583224016659e7	728.3206708123637
4.4668359215096347e7	812.3760488832592
4.57088189614875242e7	909.0802274509686
4.67735141287198141e7	1020.6064877170646
4.78630092322638035e7	1149.5371648781154
4.89778819368446544e7	1298.9421814297366
5.01187233627272472e7	1472.4710335246516
5.12861383991364762e7	1674.4592197267077
5.24807460249772295e7	1910.0492610157728
5.37031796370253265e7	2185.3249115937087
5.49540873857624829e7	2507.454512253685
5.62341325190349072e7	2884.8351760291457
5.75439937337156758e7	3327.222900438503
5.88843655355589613e7	3845.8239359956992
6.02559586074358076e7	4453.308880413941
6.16595001861482263e7	5163.6923322540515
6.30957344480192959e7	5991.997604047901
6.45654229034656137e7	6953.599833508178
6.60693448007596433e7	8063.117237867897
6.760829753919819e7	9332.710053957553
6.91830970918936282e7	10769.668731047497
7.07945784384138882e7	12373.253879051372
7.24435960074990541e7	14130.920760492034
7.41310241300917715e7	16014.340467873122
7.58577575029183626e7	17976.0005796188
7.76247116628692746e7	19947.5406005447
7.94328234724282026e7	21841.168981819425
8.12830516164099574e7	23555.27531041045
8.31763771102670878e7	24984.50822704237
8.51138038202377707e7	26033.19844226452
8.70963589956081361e7	26629.50942313875
8.91250938133745938e7	26736.822046157522
9.12010839355909526e7	26359.224014537554
9.33254300796990544e7	25539.625723129
9.54992586021436751e7	24351.28640637322
9.77237220955811143e7	22885.379637477854
1.e8	21237.91186909273