1.000000000000000000e+00 -4.136342396162569531e+13 3.127309402770776250e+14
1.023292992280699920e+00 -4.134887695266132031e+13 3.127675858160126875e+14
1.047128548050800134e+00 -4.133475195678320312e+13 3.128032113655204375e+14
1.071519305237599973e+00 -4.132104508284914844e+13 3.128378253397195625e+14
1.096478196143099826e+00 -4.130775243972217188e+13 3.128714361527262500e+14
1.122018454301899837e+00 -4.129487013625878906e+13 3.129040522186588125e+14
1.148153621496800003e+00 -4.128239428132157812e+13 3.129356819516341875e+14
1.174897554939499988e+00 -4.127032098376791406e+13 3.129663337657702500e+14
1.202264434617400068e+00 -4.125864635245776562e+13 3.129960160751840000e+14
1.230268770812299906e+00 -4.124736649625242969e+13 3.130247372939937500e+14
1.258925411794100002e+00 -4.123647752400927344e+13 3.130525058363169375e+14
1.288249551693100070e+00 -4.122597554458914844e+13 3.130793301162705625e+14
1.318256738556399910e+00 -4.121585666685114844e+13 3.131052185479728750e+14
1.348962882591600021e+00 -4.120611699965571094e+13 3.131301795455413750e+14
1.380384264602800171e+00 -4.119675265186280469e+13 3.131542215230916875e+14
1.412537544622699981e+00 -4.118775973233066406e+13 3.131773528947443125e+14
1.445439770745899910e+00 -4.117913434991884375e+13 3.131995820746149375e+14
1.479108388168200117e+00 -4.117087261348905469e+13 3.132209174768215000e+14
1.513561248436199991e+00 -4.116297063189954688e+13 3.132413675154804375e+14
1.548816618912399967e+00 -4.115542451400985938e+13 3.132609406047123125e+14
1.584893192461100053e+00 -4.114823036868040625e+13 3.132796451586310000e+14
1.621810097358900027e+00 -4.114138430476983594e+13 3.132974895913561875e+14
1.659586907437500036e+00 -4.113488243113949219e+13 3.133144823170044375e+14
1.698243652461699948e+00 -4.112872085664582812e+13 3.133306317496948125e+14
1.737800828749299864e+00 -4.112289569015057031e+13 3.133459463035440000e+14
1.778279410038899888e+00 -4.111740304051546094e+13 3.133604343926675625e+14
1.819700858609899941e+00 -4.111223901659653125e+13 3.133741044311866250e+14
1.862087136662799791e+00 -4.110739972725596875e+13 3.133869648332156875e+14
1.905460717963200157e+00 -4.110288128135111719e+13 3.133990240128737500e+14
1.949844599758000063e+00 -4.109867978774283594e+13 3.134102903842781875e+14
1.995262314968800021e+00 -4.109479135529241406e+13 3.134207723615463125e+14
2.041737944669499871e+00 -4.109121209285721875e+13 3.134304783587948750e+14
2.089296130854000122e+00 -4.108793810929722656e+13 3.134394167901433125e+14
2.137962089502200236e+00 -4.108496551347197656e+13 3.134475960697082500e+14
2.187761623949500134e+00 -4.108229041424319531e+13 3.134550246116058125e+14
2.238721138568299907e+00 -4.107990892046826562e+13 3.134617108299560625e+14
2.290867652767699880e+00 -4.107781714100671094e+13 3.134676631388741875e+14
2.344228815319899795e+00 -4.107601118471981250e+13 3.134728899524798125e+14
2.398832919019400212e+00 -4.107448716046583594e+13 3.134773996848887500e+14
2.454708915684999937e+00 -4.107324117710604688e+13 3.134812007502186875e+14
2.511886431509500195e+00 -4.107226934349782031e+13 3.134843015625889375e+14
2.570395782768799986e+00 -4.107156776850286719e+13 3.134867105361151250e+14
2.630267991895300028e+00 -4.107113256097988281e+13 3.134884360849150625e+14
2.691534803926900032e+00 -4.107095982978839062e+13 3.134894866231063125e+14
2.754228703338100104e+00 -4.107104568378881250e+13 3.134898705648075000e+14
2.818382931264399982e+00 -4.107138623184069531e+13 3.134895963241346875e+14
2.884031503126599727e+00 -4.107197758280184375e+13 3.134886723152064375e+14
2.951209226666299923e+00 -4.107281584553440625e+13 3.134871069521399375e+14
3.019951720402000106e+00 -4.107389712889706250e+13 3.134849086490531250e+14
3.090295432513499918e+00 -4.107521754174892969e+13 3.134820858200616875e+14
3.162277660168300031e+00 -4.107677319294996875e+13 3.134786468792852500e+14
3.235936569296200105e+00 -4.107856019136060938e+13 3.134746002408403750e+14
3.311311214825900073e+00 -4.108057464583951562e+13 3.134699543188457500e+14
3.388441561391999812e+00 -4.108281266524710938e+13 3.134647175274163125e+14
3.467368504525300210e+00 -4.108527035844250781e+13 3.134588982806732500e+14
3.548133892335699979e+00 -4.108794383428567969e+13 3.134525049927310625e+14
3.630780547701000227e+00 -4.109082920163529688e+13 3.134455460777080000e+14
3.715352290971700278e+00 -4.109392256935264844e+13 3.134380299497228125e+14
3.801893963205599913e+00 -4.109722004629596875e+13 3.134299650228915625e+14
3.890451449942800011e+00 -4.110071774132612500e+13 3.134213597113322500e+14
3.981071705534899863e+00 -4.110441176330220312e+13 3.134122224291613125e+14
4.073802778041099693e+00 -4.110829822108333594e+13 3.134025615904997500e+14
4.168693834703299572e+00 -4.111237322352947656e+13 3.133923856094618750e+14
4.265795188015899519e+00 -4.111663287950020312e+13 3.133817029001665000e+14
4.365158322401600621e+00 -4.112107329785677344e+13 3.133705218767291875e+14
4.466835921509599849e+00 -4.112569058745656250e+13 3.133588509532710625e+14
4.570881896148700108e+00 -4.113048085716042188e+13 3.133466985439053750e+14
4.677351412871900038e+00 -4.113544021582703125e+13 3.133340730627541250e+14
4.786300923226300519e+00 -4.114056477231810156e+13 3.133209829239315625e+14
4.897788193684400326e+00 -4.114585063549057031e+13 3.133074365415568750e+14
5.011872336272700679e+00 -4.115129391420616406e+13 3.132934423297462500e+14
5.128613839913600536e+00 -4.115689071732354688e+13 3.132790087026184375e+14
5.248074602497700525e+00 -4.116263715370184375e+13 3.132641440742907500e+14
5.370317963702500030e+00 -4.116852933220275000e+13 3.132488568588790000e+14
5.495408738576199603e+00 -4.117456336168409375e+13 3.132331554705036250e+14
5.623413251903399690e+00 -4.118073535100671094e+13 3.132170483232801875e+14
5.754399373371500204e+00 -4.118704140902928125e+13 3.132005438313264375e+14
5.888436553555799868e+00 -4.119347764461134375e+13 3.131836504087611250e+14
6.025595860743499621e+00 -4.120004016661332031e+13 3.131663764696998750e+14
6.165950018614799966e+00 -4.120672508389475000e+13 3.131487304282616250e+14
6.309573444801899633e+00 -4.121352850531432031e+13 3.131307206985634375e+14
6.456542290346500401e+00 -4.122044653973329688e+13 3.131123556947228125e+14
6.606934480075899785e+00 -4.122747529601079688e+13 3.130936438308566875e+14
6.760829753919800567e+00 -4.123461088300638281e+13 3.130745935210833125e+14
6.918309709189299994e+00 -4.124184940957912500e+13 3.130552131795201875e+14
7.079457843841299614e+00 -4.124918698458772656e+13 3.130355112202860000e+14
7.244359600749800343e+00 -4.125661971689391406e+13 3.130154960574965625e+14
7.413102413009100111e+00 -4.126414371535676562e+13 3.129951761052686875e+14
7.585775750291800179e+00 -4.127175508883629688e+13 3.129745597777225625e+14
7.762471166286900370e+00 -4.127944994619115625e+13 3.129536554889733125e+14
7.943282347242799801e+00 -4.128722439628132812e+13 3.129324716531398125e+14
8.128305161640899001e+00 -4.129507454796724219e+13 3.129110166843390000e+14
8.317637711026700131e+00 -4.130299651010755469e+13 3.128892989966882500e+14
8.511380382023700619e+00 -4.131098639156225000e+13 3.128673270043055000e+14
8.709635899560799643e+00 -4.131904030119176562e+13 3.128451091213085625e+14
8.912509381337400782e+00 -4.132715434785342188e+13 3.128226537618148750e+14
9.120108393558998827e+00 -4.133532464040941406e+13 3.127999693399410625e+14
9.332543007969899662e+00 -4.134354728771797656e+13 3.127770642698058750e+14
9.549925860214299789e+00 -4.135181839863994531e+13 3.127539469655256875e+14
9.772372209558099598e+00 -4.136013408203400781e+13 3.127306258412181250e+14
1.000000000000000000e+01 -4.136849044675925781e+13 3.127071093110022500e+14
1.023292992280750013e+01 -4.137688360167700000e+13 3.126834057889938125e+14
1.047128548050890018e+01 -4.138530965564632812e+13 3.126595236893111250e+14
1.071519305237600150e+01 -4.139376471752592969e+13 3.126354714260715000e+14
1.096478196143180028e+01 -4.140224489617621094e+13 3.126112574133930000e+14
1.122018454301959878e+01 -4.141074630045714062e+13 3.125868900653920000e+14
1.148153621496880028e+01 -4.141926503922697656e+13 3.125623777961873125e+14
1.174897554939519928e+01 -4.142779722134743750e+13 3.125377290198963750e+14
1.202264434617410060e+01 -4.143633895567632812e+13 3.125129521506357500e+14
1.230268770812380019e+01 -4.144488635107535156e+13 3.124880556025228750e+14
1.258925411794159999e+01 -4.145343551640146094e+13 3.124630477896772500e+14
1.288249551693130002e+01 -4.146198256051592188e+13 3.124379371262142500e+14
1.318256738556400087e+01 -4.147052359227917188e+13 3.124127320262513125e+14
1.348962882591649937e+01 -4.147905472054900000e+13 3.123874409039079375e+14
1.380384264602879973e+01 -4.148757205418582812e+13 3.123620721733000000e+14
1.412537544622749941e+01 -4.149607170205050781e+13 3.123366342485460000e+14
1.445439770745919894e+01 -4.150454977300126562e+13 3.123111355437621875e+14
1.479108388168200072e+01 -4.151300237589721875e+13 3.122855844730676875e+14
1.513561248436199946e+01 -4.152142561959922656e+13 3.122599894505792500e+14
1.548816618912480081e+01 -4.152981561296681250e+13 3.122343588904140000e+14
1.584893192461109912e+01 -4.153816846485997656e+13 3.122087012066899375e+14
1.621810097358929781e+01 -4.154648028413694531e+13 3.121830248135255000e+14
1.659586907437559944e+01 -4.155474717965900781e+13 3.121573381250357500e+14
1.698243652461740183e+01 -4.156296526028440625e+13 3.121316495553408125e+14
1.737800828749369941e+01 -4.157113063487442969e+13 3.121059675185567500e+14
1.778279410038920005e+01 -4.157923941228642969e+13 3.120803004288015625e+14
1.819700858609980187e+01 -4.158728770138257812e+13 3.120546567001916875e+14
1.862087136662859876e+01 -4.159527161102067188e+13 3.120290447468467500e+14
1.905460717963240214e+01 -4.160318725006112500e+13 3.120034729828824375e+14
1.949844599758040076e+01 -4.161103072736348438e+13 3.119779498224180000e+14
1.995262314968879735e+01 -4.161879815178772656e+13 3.119524836795685625e+14
2.041737944669520033e+01 -4.162648563219253906e+13 3.119270829684543125e+14
2.089296130854030054e+01 -4.163408927743875000e+13 3.119017561031913125e+14
2.137962089502230256e+01 -4.164160519638549219e+13 3.118765114978969375e+14
2.187761623949549872e+01 -4.164902949789185938e+13 3.118513575666890625e+14
2.238721138568340052e+01 -4.165635829081914062e+13 3.118263027236847500e+14
2.290867652767769869e+01 -4.166358768402514062e+13 3.118013553830026875e+14
2.344228815319919690e+01 -4.167071378637027344e+13 3.117765239587595000e+14
2.398832919019490006e+01 -4.167773270671450781e+13 3.117518168650728750e+14
2.454708915685030135e+01 -4.168464055391698438e+13 3.117272425160600625e+14
2.511886431509580220e+01 -4.169143343683808594e+13 3.117028093258392500e+14
2.570395782768860116e+01 -4.169810746433562500e+13 3.116785257085281875e+14
2.630267991895379964e+01 -4.170465874527177344e+13 3.116544000782427500e+14
2.691534803926910158e+01 -4.171108338850431250e+13 3.116304408491023750e+14
2.754228703338160145e+01 -4.171737750289367188e+13 3.116066564352228750e+14
2.818382931264450164e+01 -4.172353719730025781e+13 3.115830552507233750e+14
2.884031503126599816e+01 -4.172955858058275000e+13 3.115596457097204375e+14
2.951209226666379948e+01 -4.173543776159981250e+13 3.115364362263315000e+14
3.019951720402010054e+01 -4.174117084921232031e+13 3.115134352146757500e+14
3.090295432513590157e+01 -4.174675395228066406e+13 3.114906510888675625e+14
3.162277660168370019e+01 -4.175218317966264844e+13 3.114680922630281875e+14
3.235936569296279686e+01 -4.175745464022044531e+13 3.114457671512713125e+14
3.311311214825909843e+01 -4.176256444281097656e+13 3.114236841677176875e+14
3.388441561392019707e+01 -4.176750869629465625e+13 3.114018517264835625e+14
3.467368504525310158e+01 -4.177228350953278125e+13 3.113802782416855000e+14
3.548133892335750517e+01 -4.177688499138269531e+13 3.113589721274429375e+14
3.630780547701009908e+01 -4.178130925070571094e+13 3.113379417978722500e+14
3.715352290971719640e+01 -4.178555239636092969e+13 3.113171956670910625e+14
3.801893963205609595e+01 -4.178961053720788281e+13 3.112967421492173750e+14
3.890451449942800366e+01 -4.179347978210569531e+13 3.112765896583676875e+14
3.981071705534969851e+01 -4.179715623991652344e+13 3.112567466086603750e+14
4.073802778041119410e+01 -4.180063601949642969e+13 3.112372214142128125e+14
4.168693834703349665e+01 -4.180391522970842188e+13 3.112180224891420000e+14
4.265795188015920303e+01 -4.180698997940900781e+13 3.111991582475671250e+14
4.365158322401659774e+01 -4.180985637745949219e+13 3.111806371036043125e+14
4.466835921509630225e+01 -4.181251053271982031e+13 3.111624674713709375e+14
4.570881896148750201e+01 -4.181494855404869531e+13 3.111446577649849375e+14
4.677351412871980330e+01 -4.181716655030739062e+13 3.111272163985633125e+14
4.786300923226380633e+01 -4.181916063035414844e+13 3.111101517862243125e+14
4.897788193684460367e+01 -4.182092690304719531e+13 3.110934723420861875e+14
5.011872336272720219e+01 -4.182246147725045312e+13 3.110771864802644375e+14
5.128613839913639794e+01 -4.182376046181996875e+13 3.110613026148773750e+14
5.248074602497720065e+01 -4.182481996561614844e+13 3.110458291600436875e+14
5.370317963702520103e+01 -4.182563609749942969e+13 3.110307745298798125e+14
5.495408738576239926e+01 -4.182620496632889844e+13 3.110161471385031250e+14
5.623413251903490107e+01 -4.182652268096499219e+13 3.110019554000316250e+14
5.754399373371559534e+01 -4.182658535026592969e+13 3.109882077285829375e+14
5.888436553555889930e+01 -4.182638908309125781e+13 3.109749125382751250e+14
6.025595860743569432e+01 -4.182592998830271875e+13 3.109620782432238750e+14
6.165950018614820038e+01 -4.182520417475852344e+13 3.109497132575481875e+14
6.309573444801930009e+01 -4.182420775131824219e+13 3.109378259953652500e+14
6.456542290346548896e+01 -4.182293682684270312e+13 3.109264248707920625e+14
6.606934480075959470e+01 -4.182138751018928125e+13 3.109155182979472500e+14
6.760829753919810514e+01 -4.181955681416752344e+13 3.109051103024523750e+14
6.918309709189360035e+01 -4.181747149754651562e+13 3.108950604989098750e+14
7.079457843841380793e+01 -4.181519410007437500e+13 3.108850547920277500e+14
7.244359600749899641e+01 -4.181278928538026562e+13 3.108747687754871250e+14
7.413102413009170277e+01 -4.181032171709207812e+13 3.108638780429698750e+14
7.585775750291840325e+01 -4.180785605883635938e+13 3.108520581881606875e+14
7.762471166286910318e+01 -4.180545697424144531e+13 3.108389848047411250e+14
7.943282347242809749e+01 -4.180318912693472656e+13 3.108243334863945000e+14
8.128305161640990661e+01 -4.180111718054412500e+13 3.108077798268028125e+14
8.317637711026699776e+01 -4.179930579869617188e+13 3.107889994196500625e+14
8.511380382023760660e+01 -4.179781964501964062e+13 3.107676678586180000e+14
8.709635899560799999e+01 -4.179672338314105469e+13 3.107434607373902500e+14
8.912509381337449099e+01 -4.179608167668920312e+13 3.107160536496488750e+14
9.120108393559090132e+01 -4.179595918929106250e+13 3.106851221890767500e+14
9.332543007969908899e+01 -4.179642058457407031e+13 3.106503419493561875e+14
9.549925860214349882e+01 -4.179753052616609375e+13 3.106113885241718750e+14
9.772372209558099598e+01 -4.179935367769459375e+13 3.105679375072040625e+14
1.000000000000000000e+02 -4.180195470278655469e+13 3.105196644921372500e+14
1.023292992280753992e+02 -4.180539826507115625e+13 3.104662450726540000e+14
1.047128548050899042e+02 -4.180974902817452344e+13 3.104073548424371250e+14
1.071519305237606972e+02 -4.181507165572541406e+13 3.103426693951677500e+14
1.096478196143185073e+02 -4.182143081134907031e+13 3.102718643245318125e+14
1.122018454301963004e+02 -4.182889115867685938e+13 3.101946152242095000e+14
1.148153621496882977e+02 -4.183751736133231250e+13 3.101105976878845000e+14
1.174897554939528987e+02 -4.184737408294675000e+13 3.100194873092380625e+14
1.202264434617412974e+02 -4.185852598714546094e+13 3.099209596819560000e+14
1.230268770812381121e+02 -4.187103773755586719e+13 3.098146903997190625e+14
1.258925411794166962e+02 -4.188497399780585156e+13 3.097003550562113125e+14
1.288249551693133128e+02 -4.190039943152502344e+13 3.095776292451131875e+14
1.318256738556407015e+02 -4.191737870233864062e+13 3.094461885601100000e+14
1.348962882591653170e+02 -4.193597647387544531e+13 3.093057085948828750e+14
1.380384264602884912e+02 -4.195625740976114844e+13 3.091558649431151875e+14
1.412537544622753956e+02 -4.197828617362620312e+13 3.089963331984906250e+14
1.445439770745927888e+02 -4.200212742909677344e+13 3.088267889546898750e+14
1.479108388168207000e+02 -4.202784583979896875e+13 3.086469078053979375e+14
1.513561248436207904e+02 -4.205550606936328125e+13 3.084563653442956250e+14
1.548816618912481147e+02 -4.208517278141584375e+13 3.082548371650673750e+14
1.584893192461113927e+02 -4.211691063958365625e+13 3.080419988613943750e+14
1.621810097358928999e+02 -4.215078430749589062e+13 3.078175260269608750e+14
1.659586907437561081e+02 -4.218685844877825000e+13 3.075810942554488125e+14
1.698243652461743807e+02 -4.222519772706034375e+13 3.073323791405408750e+14
1.737800828749375910e+02 -4.226586680596742969e+13 3.070710562759206250e+14
1.778279410038923061e+02 -4.230893034912913281e+13 3.067968012552708125e+14
1.819700858609983811e+02 -4.235445302017157812e+13 3.065092896722743125e+14
1.862087136662866840e+02 -4.240249948272393750e+13 3.062081971206121875e+14
1.905460717963247816e+02 -4.245313440041277344e+13 3.058931991939682500e+14
1.949844599758044978e+02 -4.250642243686641406e+13 3.055639714860261875e+14
1.995262314968879878e+02 -4.256242825571053906e+13 3.052201895904680000e+14
2.041737944669528986e+02 -4.262121652057433594e+13 3.048615291009764375e+14
2.089296130854038154e+02 -4.268285189508567188e+13 3.044876656112346250e+14
2.137962089502231890e+02 -4.274739904287110938e+13 3.040982747149243125e+14
2.187761623949550938e+02 -4.281492262755896094e+13 3.036930320057293125e+14
2.238721138568340052e+02 -4.288548731277666406e+13 3.032716130773321250e+14
2.290867652767772142e+02 -4.295915776215209375e+13 3.028336935234155000e+14
2.344228815319922035e+02 -4.303599863931135938e+13 3.023789489376627500e+14
2.398832919019489793e+02 -4.311607460788410156e+13 3.019070549137555625e+14
2.454708915685031059e+02 -4.319945033149644531e+13 3.014176870453778750e+14
2.511886431509579154e+02 -4.328619047377712500e+13 3.009105209262114375e+14
2.570395782768864024e+02 -4.337635969835314844e+13 3.003852321499398125e+14
2.630267991895381101e+02 -4.347002266885151562e+13 2.998414963102447500e+14
2.691534803926916197e+02 -4.356724404890009375e+13 2.992789890008107500e+14
2.754228703338166042e+02 -4.366808850212764062e+13 2.986973858153189375e+14
2.818382931264454783e+02 -4.377262069216027344e+13 2.980963623474530000e+14
2.884031503126605003e+02 -4.388090528262673438e+13 2.974755941908954375e+14
2.951209226666387053e+02 -4.399300693715315625e+13 2.968347569393295000e+14
3.019951720402016235e+02 -4.410899031936872656e+13 2.961735261864364375e+14
3.090295432513592004e+02 -4.422892009290000000e+13 2.954915775259006250e+14
3.162277660168379043e+02 -4.435283203320432031e+13 2.947885313674355000e+14
3.235936569296283665e+02 -4.448052079819445312e+13 2.940635475231206250e+14
3.311311214825910838e+02 -4.461166113714071875e+13 2.933155567481399375e+14
3.388441561392027097e+02 -4.474592692816541406e+13 2.925434881335505000e+14
3.467368504525315984e+02 -4.488299204938950000e+13 2.917462707704108125e+14
3.548133892335757196e+02 -4.502253037893223438e+13 2.909228337497797500e+14
3.630780547701014029e+02 -4.516421579491678125e+13 2.900721061627142500e+14
3.715352290971724187e+02 -4.530772217546281250e+13 2.891930171002728750e+14
3.801893963205612295e+02 -4.545272339869261719e+13 2.882844956535131875e+14
3.890451449942805198e+02 -4.559889334272631250e+13 2.873454709134935625e+14
3.981071705534973262e+02 -4.574590588568488281e+13 2.863748719712726875e+14
4.073802778041126089e+02 -4.589343490569019531e+13 2.853716279179080000e+14
4.168693834703354923e+02 -4.604115428086190625e+13 2.843346678444576250e+14
4.265795188015924850e+02 -4.618873788932276562e+13 2.832629208419791875e+14
4.365158322401661053e+02 -4.633585960919242969e+13 2.821553160015315625e+14
4.466835921509629657e+02 -4.648219331859277344e+13 2.810107824141723438e+14
4.570881896148752048e+02 -4.662741289564520312e+13 2.798282491709592812e+14
4.677351412871981324e+02 -4.677119221846895312e+13 2.786066453629520625e+14
4.786300923226384612e+02 -4.691320516518721875e+13 2.773449000812074062e+14
4.897788193684460794e+02 -4.705312561391921875e+13 2.760419424167830938e+14
5.011872336272724624e+02 -4.719062744278681250e+13 2.746967014607380000e+14
5.128613839913648462e+02 -4.732538452991185156e+13 2.733081063041299062e+14
5.248074602497728165e+02 -4.745707075341402344e+13 2.718750860380167500e+14
5.370317963702526640e+02 -4.758535999141517969e+13 2.703965697534568750e+14
5.495408738576248879e+02 -4.770992612203629688e+13 2.688714865415076562e+14
5.623413251903490391e+02 -4.783044302339794531e+13 2.672987654932283125e+14
5.754399373371572892e+02 -4.794658457362108594e+13 2.656773356996758438e+14
5.888436553555890214e+02 -4.805802465082760156e+13 2.640061262519090938e+14
6.025595860743580943e+02 -4.816443713313843750e+13 2.622840662409854062e+14
6.165950018614821602e+02 -4.826549589867417969e+13 2.605100847579640000e+14
6.309573444801935693e+02 -4.836087482555535938e+13 2.586831108939017812e+14
6.456542290346556001e+02 -4.845024779190428125e+13 2.568020737398572812e+14
6.606934480075957481e+02 -4.853328867584082812e+13 2.548659023868889062e+14
6.760829753919819041e+02 -4.860967135548707031e+13 2.528735259260536250e+14
6.918309709189362593e+02 -4.867906970896291406e+13 2.508238734484110625e+14
7.079457843841380509e+02 -4.874115761439043750e+13 2.487158740450179062e+14
7.244359600749899073e+02 -4.879560894989017969e+13 2.465484568069330938e+14
7.413102413009177099e+02 -4.884209759358378125e+13 2.443205508252140000e+14
7.585775750291835493e+02 -4.888029742359135156e+13 2.420310851909196875e+14
7.762471166286919697e+02 -4.890988231803475000e+13 2.396789889951068438e+14
7.943282347242814012e+02 -4.893052615503410156e+13 2.372631913288349062e+14
8.128305161640995493e+02 -4.894190281271146094e+13 2.347826212831615000e+14
8.317637711026708303e+02 -4.894368616918695312e+13 2.322362079491443750e+14
8.511380382023767197e+02 -4.893554284760964844e+13 2.296229160152010000e+14
8.709635899560804546e+02 -4.891684884765767188e+13 2.269431361472484688e+14
8.912509381337458763e+02 -4.888659759498129688e+13 2.241991361547024062e+14
9.120108393559096385e+02 -4.884375643341200000e+13 2.213933118204250938e+14
9.332543007969915152e+02 -4.878729270678036719e+13 2.185280589272772500e+14
9.549925860214359545e+02 -4.871617375891896094e+13 2.156057732581207500e+14
9.772372209558112672e+02 -4.862936693365880469e+13 2.126288505958168750e+14
1.000000000000000000e+03 -4.852583957483094531e+13 2.095996867232278438e+14
1.023292992280754788e+03 -4.840455902626638281e+13 2.065206774232151250e+14
1.047128548050899553e+03 -4.826449263179790625e+13 2.033942184786393750e+14
1.071519305237607114e+03 -4.810460773525481250e+13 2.002227056723633750e+14
1.096478196143185187e+03 -4.792387168047029688e+13 1.970085347872475625e+14
1.122018454301964312e+03 -4.772125181127473438e+13 1.937541016061540625e+14
1.148153621496882806e+03 -4.749571547150003906e+13 1.904618019119448438e+14
1.174897554939530437e+03 -4.724623000497767188e+13 1.871340314874800938e+14
1.202264434617413144e+03 -4.697176275553778125e+13 1.837731861156230938e+14
1.230268770812381263e+03 -4.667128106701292188e+13 1.803816615792342188e+14
1.258925411794167530e+03 -4.634375228323435938e+13 1.769618536611750625e+14
1.288249551693133526e+03 -4.598814374803332812e+13 1.735161581443079688e+14
1.318256738556407754e+03 -4.560342280524085938e+13 1.700469708114935312e+14
1.348962882591653170e+03 -4.518855679868821094e+13 1.665566874455944062e+14
1.380384264602885196e+03 -4.474251307220769531e+13 1.630477038294707500e+14
1.412537544622754012e+03 -4.426425896962972656e+13 1.595224157459853438e+14
1.445439770745928172e+03 -4.375276183478617969e+13 1.559832189779989375e+14
1.479108388168207284e+03 -4.320698901150819531e+13 1.524325093083735938e+14
1.513561248436208871e+03 -4.262590784362736719e+13 1.488726825199703438e+14
1.548816618912481317e+03 -4.200848567497467969e+13 1.453061343956516875e+14
1.584893192461114040e+03 -4.135368984938164844e+13 1.417352607182780000e+14
1.621810097358929852e+03 -4.066048771068003906e+13 1.381624572707115469e+14
1.659586907437561194e+03 -3.992784660270067188e+13 1.345901198358138750e+14
1.698243652461744432e+03 -3.915473386927533594e+13 1.310206441964462969e+14
1.737800828749376251e+03 -3.834011685423485938e+13 1.274564261354705312e+14
1.778279410038922833e+03 -3.748296290141122656e+13 1.238998614357480469e+14
1.819700858609984380e+03 -3.658223935463526562e+13 1.203533458801403594e+14
1.862087136662867579e+03 -3.563691355773887500e+13 1.168192752515088750e+14
1.905460717963248271e+03 -3.464595285455286328e+13 1.133000453327155625e+14
1.949844599758045661e+03 -3.360832458890903125e+13 1.097980519066216719e+14
1.995262314968880901e+03 -3.252299610463840234e+13 1.063156907560888281e+14
2.041737944669529725e+03 -3.138933839695132031e+13 1.028553779588083594e+14
2.089296130854041166e+03 -3.020892581024625781e+13 9.941964037271200000e+13
2.137962089502232629e+03 -2.898408075098037500e+13 9.601104246688035938e+13
2.187761623949551904e+03 -2.771712623674095312e+13 9.263214874112075000e+13
2.238721138568339939e+03 -2.641038528511615234e+13 8.928552369524018750e+13
2.290867652767772142e+03 -2.506618091369401953e+13 8.597373182904603125e+13
2.344228815319922887e+03 -2.368683614006249609e+13 8.269933764234512500e+13
2.398832919019489964e+03 -2.227467398180968359e+13 7.946490563494517188e+13
2.454708915685031116e+03 -2.083201745652324609e+13 7.627300030665279688e+13
2.511886431509580234e+03 -1.936118958179145703e+13 7.312618615727570312e+13
2.570395782768865047e+03 -1.786451337520197656e+13 7.002702768662072656e+13
2.630267991895381329e+03 -1.634431185434291016e+13 6.697808939449535156e+13
2.691534803926916993e+03 -1.480290803680230859e+13 6.398193578070637500e+13
2.754228703338166270e+03 -1.324262494016804883e+13 6.104113134506139062e+13
2.818382931264455237e+03 -1.166578558202785938e+13 5.815824058736735938e+13
2.884031503126605003e+03 -1.007471297997016992e+13 5.533582800743152344e+13
2.951209226666387167e+03 -8.471730151582481445e+12 5.257645810506109375e+13
3.019951720402016235e+03 -6.859160114453114258e+12 4.988269538006321094e+13
3.090295432513592004e+03 -5.239325886169845703e+12 4.725710433224500000e+13
3.162277660168379498e+03 -3.614550484320670410e+12 4.470224946141391406e+13
3.235936569296284688e+03 -1.987156926493470947e+12 4.222069526737678125e+13
3.311311214825911065e+03 -3.594682302764060669e+11 3.981500624994103125e+13
3.388441561392027779e+03 1.266192586742721436e+12 3.748774690891380469e+13
3.467368504525316439e+03 2.887502506975890625e+12 3.524148174410229688e+13
3.548133892335756627e+03 4.502138512835298828e+12 3.307877525531365234e+13
3.630780547701013802e+03 6.107777586732705078e+12 3.100219194235517188e+13
3.715352290971727598e+03 7.702096711080416992e+12 2.901429630503383984e+13
3.801893963205612636e+03 9.282772868290222656e+12 2.711765284315705859e+13
3.890451449942805084e+03 1.084748304077434375e+13 2.531482605653192969e+13
3.981071705534973262e+03 1.239390421094476562e+13 2.360838044496553125e+13
4.073802778041126203e+03 1.391975385793563477e+13 2.200043463955403516e+13
4.168693834703354696e+03 1.542305459014816211e+13 2.048974779966791797e+13
4.265795188015925305e+03 1.690196809218776172e+13 1.907354785635126172e+13
4.365158322401661280e+03 1.835465675587786328e+13 1.774905495418474609e+13
4.466835921509629770e+03 1.977928297304165234e+13 1.651348923774917969e+13
4.570881896148751366e+03 2.117400913550253516e+13 1.536407085162510352e+13
4.677351412871980756e+03 2.253699763508368750e+13 1.429801994039344531e+13
4.786300923226384839e+03 2.386641086360851953e+13 1.331255664863470117e+13
4.897788193684461476e+03 2.516041121290017969e+13 1.240490112092974219e+13
5.011872336272725079e+03 2.641716107478211719e+13 1.157227350185918359e+13
5.128613839913648917e+03 2.763482284107750391e+13 1.081189393600381836e+13
5.248074602497727938e+03 2.881155890360970312e+13 1.012098256794426562e+13
5.370317963702526868e+03 2.994553165420196875e+13 9.496759542261337891e+12
5.495408738576248652e+03 3.103490348467764453e+13 8.936445003535658203e+12
5.623413251903491073e+03 3.207783678685991016e+13 8.437259096347993164e+12
5.754399373371572437e+03 3.307249395257220703e+13 7.996421965279020508e+12
5.888436553555889986e+03 3.401703737363769141e+13 7.611153754909480469e+12
6.025595860743581397e+03 3.490962944187975000e+13 7.278674609820064453e+12
6.165950018614822511e+03 3.574843254912160938e+13 6.996204674591496094e+12
6.309573444801935693e+03 3.653160908718662500e+13 6.760964093804482422e+12
6.456542290346556001e+03 3.725732144789802344e+13 6.570173012039741211e+12
6.606934480075964530e+03 3.792373202307916406e+13 6.421051573877971680e+12
6.760829753919819268e+03 3.852900320455327344e+13 6.310819923899899414e+12
6.918309709189363275e+03 3.907138383375172656e+13 6.236718385325594727e+12
7.079457843841380054e+03 3.955115855869485938e+13 6.196462469266867188e+12
7.244359600749899073e+03 3.997067455823071094e+13 6.188249112566752930e+12
7.413102413009177326e+03 4.033237080594796094e+13 6.210296678341965820e+12
7.585775750291835720e+03 4.063868627543524219e+13 6.260823529709244141e+12
7.762471166286919470e+03 4.089205994028132812e+13 6.338048029785375000e+12
7.943282347242813557e+03 4.109493077407483594e+13 6.440188541687076172e+12
8.128305161640994811e+03 4.124973775040450781e+13 6.565463428531129883e+12
8.317637711026709439e+03 4.135891984285896094e+13 6.712091053434225586e+12
8.511380382023768107e+03 4.142491602502694531e+13 6.878289779513179688e+12
8.709635899560804319e+03 4.145016527049712500e+13 7.062277969884694336e+12
8.912509381337458763e+03 4.143710655285817969e+13 7.262273987665540039e+12
9.120108393559095930e+03 4.138817884569883594e+13 7.476496195972473633e+12
9.332543007969914470e+03 4.130582112260772656e+13 7.703162957922221680e+12
9.549925860214358181e+03 4.119247235717357031e+13 7.940492636631544922e+12
9.772372209558112445e+03 4.105057152298503906e+13 8.186703595217214844e+12
1.000000000000000000e+04 4.088255759363082812e+13 8.440014196795923828e+12
1.023292992280753606e+04 4.069086954269962500e+13 8.698642804484473633e+12
1.047128548050900827e+04 4.047794634378010938e+13 8.960807781399607422e+12
1.071519305237607114e+04 4.024622697046099219e+13 9.224727490658033203e+12
1.096478196143185232e+04 3.999815039633093750e+13 9.488620295376552734e+12
1.122018454301962629e+04 3.973615559497864844e+13 9.750704558671867188e+12
1.148153621496883898e+04 3.946268153999275781e+13 1.000919864366078516e+13
1.174897554939530164e+04 3.918016528377874219e+13 1.026232315223926953e+13
1.202264434617413099e+04 3.889061505677203906e+13 1.050879839798000977e+13
1.230268770812381081e+04 3.859507153465560938e+13 1.074847219827230469e+13
1.258925411794166212e+04 3.829444278687337500e+13 1.098134689823653516e+13
1.288249551693134890e+04 3.798963688286925000e+13 1.120742484299311719e+13
1.318256738556407436e+04 3.768156189208718750e+13 1.142670837766238867e+13
1.348962882591653215e+04 3.737112588397106250e+13 1.163919984736475195e+13
1.380384264602884105e+04 3.705923692796479688e+13 1.184490159722060742e+13
1.412537544622755377e+04 3.674680309351228125e+13 1.204381597235034180e+13
1.445439770745928035e+04 3.643473245005750781e+13 1.223594531787432812e+13
1.479108388168207239e+04 3.612393306704432812e+13 1.242129197891294727e+13
1.513561248436207279e+04 3.581531301391666406e+13 1.259985830058659375e+13
1.548816618912482772e+04 3.550978036011842969e+13 1.277164662801568164e+13
1.584893192461114086e+04 3.520824317509355469e+13 1.293665930632055859e+13
1.621810097358929852e+04 3.491160952828596484e+13 1.309489868062161719e+13
1.659586907437559421e+04 3.462078748913956250e+13 1.324636709603927344e+13
1.698243652461746024e+04 3.433668512709822656e+13 1.339106689769387695e+13
1.737800828749376160e+04 3.406021051160593359e+13 1.352900043070583984e+13
1.778279410038923015e+04 3.379227171210656250e+13 1.366017004019553125e+13
1.819700858609982606e+04 3.353377679804403516e+13 1.378457807128333008e+13
1.862087136662868943e+04 3.328563383886226172e+13 1.390222686908968359e+13
1.905460717963248317e+04 3.304875090400517969e+13 1.401311877873489453e+13
1.949844599758044933e+04 3.282403606291668750e+13 1.411725614533940234e+13
1.995262314968878491e+04 3.261239738504071094e+13 1.421464131402358398e+13
2.041737944669532226e+04 3.241457466105964844e+13 1.430529309779759766e+13
2.089296130854040530e+04 3.223038912447438281e+13 1.438932020038794727e+13
2.137962089502232266e+04 3.205935014819705078e+13 1.446686184443959961e+13
2.187761623949552086e+04 3.190096685036438281e+13 1.453805727753005469e+13
2.238721138568342576e+04 3.175474834911309375e+13 1.460304574723680859e+13
2.290867652767774780e+04 3.162020376257991406e+13 1.466196650113732227e+13
2.344228815319922433e+04 3.149684220890157422e+13 1.471495878680908789e+13
2.398832919019490146e+04 3.138417280621483594e+13 1.476216185182961914e+13
2.454708915685028842e+04 3.128170467265637891e+13 1.480371494377637891e+13
2.511886431509581962e+04 3.118894692636294141e+13 1.483975731022684766e+13
2.570395782768864592e+04 3.110540868547127734e+13 1.487042819875854492e+13
2.630267991895381056e+04 3.103059906811808984e+13 1.489586685694891211e+13
2.691534803926914174e+04 3.096402719244012891e+13 1.491621253237547461e+13
2.754228703338168998e+04 3.090520217657409766e+13 1.493160447261571094e+13
2.818382931264454965e+04 3.085363313865673828e+13 1.494218192524708789e+13
2.884031503126605821e+04 3.080882919682478516e+13 1.494808413784714062e+13
2.951209226666383984e+04 3.077029946921496875e+13 1.494945035799330469e+13
3.019951720402019782e+04 3.073755307396399219e+13 1.494641983326308594e+13
3.090295432513592095e+04 3.071009912920862109e+13 1.493913181123399219e+13
3.162277660168379589e+04 3.068744675308554297e+13 1.492772553948345898e+13
3.235936569296281232e+04 3.066910506373151172e+13 1.491234026558902539e+13
3.311311214825914794e+04 3.065458317928324219e+13 1.489311523712814648e+13
3.388441561392027506e+04 3.064339021787748438e+13 1.487018970167834961e+13
3.467368504525316530e+04 3.063503529765093750e+13 1.484370290681706641e+13
3.548133892335753626e+04 3.062902753674036328e+13 1.481379410012182031e+13
3.630780547701018077e+04 3.062487605328246484e+13 1.478060252917008984e+13
3.715352290971728507e+04 3.062208996541396875e+13 1.474426744153936328e+13
3.801893963205612818e+04 3.062017839127162891e+13 1.470492808480713477e+13
3.890451449942804902e+04 3.061865044899214062e+13 1.466272370655087109e+13
3.981071705534977809e+04 3.061701525671226172e+13 1.461779355434808398e+13
4.073802778041129932e+04 3.061481175452535156e+13 1.457027707627200000e+13
4.168693834703355242e+04 3.061180358100146094e+13 1.452031523106442188e+13
4.265795188015924941e+04 3.060785679101306641e+13 1.446804966602138477e+13
4.365158322401656187e+04 3.060283796023071875e+13 1.441362203194023633e+13
4.466835921509634500e+04 3.059661366432503125e+13 1.435717397961840234e+13
4.570881896148752276e+04 3.058905047896654688e+13 1.429884715985325977e+13
4.677351412871981302e+04 3.058001497982585156e+13 1.423878322344221875e+13
4.786300923226380837e+04 3.056937374257353906e+13 1.417712382118265430e+13
4.897788193684466387e+04 3.055699334288015234e+13 1.411401060387196680e+13
5.011872336272725079e+04 3.054274035641630078e+13 1.404958522230756445e+13
5.128613839913648553e+04 3.052648135885251953e+13 1.398398932728681250e+13
5.248074602497722663e+04 3.050808292585942578e+13 1.391736456960711523e+13
5.370317963702532870e+04 3.048741163310756250e+13 1.384985260006586133e+13
5.495408738576248288e+04 3.046433405626751562e+13 1.378159506946046094e+13
5.623413251903490891e+04 3.043871677100986328e+13 1.371273362858828125e+13
5.754399373371567344e+04 3.041042635300518750e+13 1.364340992824673633e+13
5.888436553555896535e+04 3.037932937792403906e+13 1.357376561923320508e+13
6.025595860743580852e+04 3.034529242143702344e+13 1.350394235234509570e+13
6.165950018614822329e+04 3.030818205921469531e+13 1.343408177837977539e+13
6.309573444801929872e+04 3.026786486692762500e+13 1.336432554813465234e+13
6.456542290346563095e+04 3.022420742024641016e+13 1.329481531240712891e+13
6.606934480075963074e+04 3.017707629484162500e+13 1.322569272199458398e+13
6.760829753919818904e+04 3.012633806638380859e+13 1.315709942769441406e+13
6.918309709189362184e+04 3.007186061967617969e+13 1.308917458829570117e+13
7.079457843841388240e+04 3.001354266835794141e+13 1.302199867814664453e+13
7.244359600749905803e+04 2.995131415959760547e+13 1.295559271679788086e+13
7.413102413009176962e+04 2.988510643063919922e+13 1.288997507771227148e+13
7.585775750291836448e+04 2.981485081872681250e+13 1.282516413435263281e+13
7.762471166286911466e+04 2.974047866110449609e+13 1.276117826018181250e+13
7.943282347242820833e+04 2.966192129501631250e+13 1.269803582866264844e+13
8.128305161640995357e+04 2.957911005770634375e+13 1.263575521325798828e+13
8.317637711026708712e+04 2.949197628641864062e+13 1.257435478743066016e+13
8.511380382023759012e+04 2.940045131839725000e+13 1.251385292464348828e+13
8.709635899560814141e+04 2.930446649088626172e+13 1.245426799835934570e+13
8.912509381337459490e+04 2.920395314112972656e+13 1.239561838204104102e+13
9.120108393559095566e+04 2.909884260637171875e+13 1.233792244915141992e+13
9.332543007969904284e+04 2.898906622385628125e+13 1.228119857315332422e+13
9.549925860214368731e+04 2.887455533082747266e+13 1.222546512750958398e+13
9.772372209558112081e+04 2.875524126452939844e+13 1.217074048568305469e+13
1.000000000000000000e+05 2.863105536220608203e+13 1.211704302113655859e+13
1.023292992280753533e+05 2.850192896110159766e+13 1.206439110733293164e+13
1.047128548050900572e+05 2.836779339846001953e+13 1.201280311773503320e+13
1.071519305237607041e+05 2.822858001152541016e+13 1.196229742580568750e+13
1.096478196143185196e+05 2.808422013754181641e+13 1.191289240500771680e+13
1.122018454301963066e+05 2.793464511375330859e+13 1.186460642880397656e+13
1.148153621496884007e+05 2.777978627740394141e+13 1.181745787065730859e+13
1.174897554939530382e+05 2.761957528991625781e+13 1.177146498286582227e+13
1.202264434617413208e+05 2.745401617167987109e+13 1.172661897288667383e+13
1.230268770812381263e+05 2.728327620725337109e+13 1.168285002666639844e+13
1.258925411794168758e+05 2.710754505703229688e+13 1.164007996697311914e+13
1.288249551693134854e+05 2.692701238141226953e+13 1.159823061657497266e+13
1.318256738556407217e+05 2.674186784078882422e+13 1.155722379824006836e+13
1.348962882591653033e+05 2.655230109555753906e+13 1.151698133473654492e+13
1.380384264602883777e+05 2.635850180611397266e+13 1.147742504883249219e+13
1.412537544622755377e+05 2.616065963285369141e+13 1.143847676329606250e+13
1.445439770745927817e+05 2.595896423617228125e+13 1.140005830089535742e+13
1.479108388168207312e+05 2.575360527646528906e+13 1.136209148439850000e+13
1.513561248436206952e+05 2.554477241412828906e+13 1.132449813657361719e+13
1.548816618912482809e+05 2.533265530955682422e+13 1.128720008018883203e+13
1.584893192461114086e+05 2.511744362314652734e+13 1.125011913801228516e+13
1.621810097358930216e+05 2.489932701529291797e+13 1.121317713281206055e+13
1.659586907437559566e+05 2.467849514639155859e+13 1.117629588735630273e+13
1.698243652461745951e+05 2.445513767683800781e+13 1.113939722441311328e+13
1.737800828749376233e+05 2.422944426702788281e+13 1.110240296675064648e+13
1.778279410038922797e+05 2.400160457735671875e+13 1.106523493713700000e+13
1.819700858609982533e+05 2.377180826822008984e+13 1.102781495834029297e+13
1.862087136662869016e+05 2.354024500001353125e+13 1.099006485312866406e+13
1.905460717963248317e+05 2.330710443313267578e+13 1.095190644427023242e+13
1.949844599758045224e+05 2.307257622797303516e+13 1.091326155453310352e+13
1.995262314968878636e+05 2.283685004493019922e+13 1.087405200668541211e+13
2.041737944669531425e+05 2.260010074373368359e+13 1.083420276954568164e+13
2.089296130854040675e+05 2.236242239401235547e+13 1.079365598479001172e+13
2.137962089502232557e+05 2.212388163623892188e+13 1.075235962447452344e+13
2.187761623949552013e+05 2.188454508847777344e+13 1.071026166541850391e+13
2.238721138568342431e+05 2.164447936879324219e+13 1.066731008444121680e+13
2.290867652767774707e+05 2.140375109524977734e+13 1.062345285836194531e+13
2.344228815319922287e+05 2.116242688591172656e+13 1.057863796399997461e+13
2.398832919019489491e+05 2.092057335884346484e+13 1.053281337817457227e+13
2.454708915685028478e+05 2.067825713210937891e+13 1.048592707770501953e+13
2.511886431509582326e+05 2.043554482377383984e+13 1.043792703941060547e+13
2.570395782768864592e+05 2.019250305190125781e+13 1.038876124011059375e+13
2.630267991895381710e+05 1.994919843455600000e+13 1.033837765662426953e+13
2.691534803926913883e+05 1.970569758980244141e+13 1.028672426577091016e+13
2.754228703338169144e+05 1.946206713570493750e+13 1.023374904436978320e+13
2.818382931264454965e+05 1.921837369032792188e+13 1.017939996924018945e+13
2.884031503126605530e+05 1.897468387173575391e+13 1.012362501720138477e+13
2.951209226666384493e+05 1.873106429799281250e+13 1.006637216507266016e+13
3.019951720402018982e+05 1.848758158716344922e+13 1.000758938967327930e+13
3.090295432513591950e+05 1.824430235731209766e+13 9.947224667822539062e+12
3.162277660168380244e+05 1.800129322650311719e+13 9.885225976339707031e+12
3.235936569296281086e+05 1.775862081280088672e+13 9.821541292044070312e+12
3.311311214825914358e+05 1.751635173426976367e+13 9.756118591754886719e+12
3.388441561392028234e+05 1.727455260897418164e+13 9.688905852291458984e+12
3.467368504525316530e+05 1.703329005497848633e+13 9.619851050473048828e+12
3.548133892335753189e+05 1.679263069034706055e+13 9.548902163118935547e+12
3.630780547701017349e+05 1.655264113314427344e+13 9.476007167048398438e+12
3.715352290971727925e+05 1.631338800143453711e+13 9.401114039080722656e+12
3.801893963205612963e+05 1.607493791328222461e+13 9.324170756035181641e+12
3.890451449942804757e+05 1.583735748675171289e+13 9.245125294731054688e+12
3.981071705534977373e+05 1.560071333990735156e+13 9.163925631987603516e+12
4.073802778041129932e+05 1.536506861856262109e+13 9.080530724633220703e+12
4.168693834703355096e+05 1.513046030628048438e+13 8.994982260195134766e+12
4.265795188015924650e+05 1.489691346201723828e+13 8.907359634388041016e+12
4.365158322401657351e+05 1.466445308409126562e+13 8.817742434676882812e+12
4.466835921509634936e+05 1.443310417082089648e+13 8.726210248526597656e+12
4.570881896148751839e+05 1.420289172052457031e+13 8.632842663402159180e+12
4.677351412871980574e+05 1.397384073152063086e+13 8.537719266768503906e+12
4.786300923226380255e+05 1.374597620212745117e+13 8.440919646090578125e+12
4.897788193684466532e+05 1.351932313066338672e+13 8.342523388833322266e+12
5.011872336272724788e+05 1.329390651544685352e+13 8.242610082461703125e+12
5.128613839913648553e+05 1.306975135479619531e+13 8.141259314440660156e+12
5.248074602497722954e+05 1.284688264702978906e+13 8.038550672235130859e+12
5.370317963702531997e+05 1.262532539046600781e+13 7.934563743310082031e+12
5.495408738576248288e+05 1.240510458342323633e+13 7.829378115130450195e+12
5.623413251903490163e+05 1.218624522421984766e+13 7.723073375161192383e+12
5.754399373371566180e+05 1.196877231117420508e+13 7.615729110867244141e+12
5.888436553555895807e+05 1.175271084260466992e+13 7.507424909713557617e+12
6.025595860743580852e+05 1.153808581682964844e+13 7.398240359165090820e+12
6.165950018614821602e+05 1.132492223216750000e+13 7.288255046686781250e+12
6.309573444801929872e+05 1.111324508693659766e+13 7.177548559743585938e+12
6.456542290346563095e+05 1.090307937945529297e+13 7.066200485800431641e+12
6.606934480075964238e+05 1.069445010804200195e+13 6.954290412322298828e+12
6.760829753919818904e+05 1.048738227101507812e+13 6.841897926774117188e+12
6.918309709189363057e+05 1.028190128391044922e+13 6.729102507367435547e+12
7.079457843841387657e+05 1.007804238734343945e+13 6.615981059499461914e+12
7.244359600749906385e+05 9.875850775983597656e+12 6.502607881979485352e+12
7.413102413009176962e+05 9.675372087514330078e+12 6.389057157608300781e+12
7.585775750291835284e+05 9.476651959619062500e+12 6.275403069186704102e+12
7.762471166286912048e+05 9.279736029981207031e+12 6.161719799515491211e+12
7.943282347242821706e+05 9.084669936284185547e+12 6.048081531395458008e+12
8.128305161640995648e+05 8.891499316211451172e+12 5.934562447627423828e+12
8.317637711026708130e+05 8.700269807446399414e+12 5.821236731012174805e+12
8.511380382023758721e+05 8.511027047672468750e+12 5.708178564350512695e+12
8.709635899560814723e+05 8.323816674573052734e+12 5.595462130443224609e+12
8.912509381337459199e+05 8.138684325831617188e+12 5.483161612091134766e+12
9.120108393559096148e+05 7.955675639131566406e+12 5.371351192095030273e+12
9.332543007969903992e+05 7.774836252156315430e+12 5.260105053255705078e+12
9.549925860214367276e+05 7.596211802589281250e+12 5.149497378373955078e+12
9.772372209558112081e+05 7.419847928113917969e+12 5.039602350250599609e+12
1.000000000000000000e+06 7.245790266413626953e+12 4.930494151686424805e+12
1.023292992280753679e+06 7.074605668958941406e+12 4.822053964708945312e+12
1.047128548050900688e+06 6.905747124576514648e+12 4.714622978193070312e+12
1.071519305237607099e+06 6.739258004919991211e+12 4.608254657704259766e+12
1.096478196143185254e+06 6.575177715470617188e+12 4.502999370326434570e+12
1.122018454301962862e+06 6.413541789291647461e+12 4.398904420539819336e+12
1.148153621496884152e+06 6.254381983890184570e+12 4.296014090857466797e+12
1.174897554939530324e+06 6.097726380838922852e+12 4.194369686909896484e+12
1.202264434617413208e+06 5.943599487818632812e+12 4.094009586668922363e+12
1.230268770812381059e+06 5.792022342753105469e+12 3.994969293504610352e+12
1.258925411794168875e+06 5.643012619717925781e+12 3.897281492772719727e+12
1.288249551693134941e+06 5.496584736315488281e+12 3.800976111634457520e+12
1.318256738556407625e+06 5.352749962219607422e+12 3.706080381815501953e+12
1.348962882591653150e+06 5.211516528604830078e+12 3.612618905017121094e+12
1.380384264602886513e+06 5.072889738186680664e+12 3.520613720698828613e+12
1.412537544622755377e+06 4.936872075611605469e+12 3.430084375959070801e+12
1.445439770745927934e+06 4.803463317946392578e+12 3.341047997247757324e+12
1.479108388168207370e+06 4.672660645030228516e+12 3.253519363653331055e+12
1.513561248436207185e+06 4.544458749463265625e+12 3.167510981514608887e+12
1.548816618912482867e+06 4.418849946018804688e+12 3.083033160117125977e+12
1.584893192461114144e+06 4.295824280277923828e+12 3.000094088243008301e+12
1.621810097358930157e+06 4.175369636297067871e+12 2.918699911352028320e+12
1.659586907437559683e+06 4.057471843131682617e+12 2.838854809182127441e+12
1.698243652461746009e+06 3.942114780050389160e+12 2.760561073566834961e+12
1.737800828749376582e+06 3.829280480285761230e+12 2.683819186276992676e+12
1.778279410038922913e+06 3.718949233179492188e+12 2.608627896704593262e+12
1.819700858609982301e+06 3.611099684590641602e+12 2.534984299215865723e+12
1.862087136662869249e+06 3.505708935446905762e+12 2.462883910011475098e+12
1.905460717963248491e+06 3.402752638329301270e+12 2.392320743341080078e+12
1.949844599758045282e+06 3.302205091991203125e+12 2.323287386929707031e+12
1.995262314968878869e+06 3.204039333722837402e+12 2.255775076483065918e+12
2.041737944669531891e+06 3.108227229481997070e+12 2.189773769148584473e+12
2.089296130854040617e+06 3.014739561721447266e+12 2.125272215818461914e+12
2.137962089502232615e+06 2.923546114852272949e+12 2.062258032170180664e+12
2.187761623949551955e+06 2.834615758291658691e+12 2.000717768349258789e+12
2.238721138568342198e+06 2.747916527051728516e+12 1.940636977207664795e+12
2.290867652767774649e+06 2.663415699834280273e+12 1.882000281020036865e+12
2.344228815319922753e+06 2.581079874603824219e+12 1.824791436608055176e+12
2.398832919019490015e+06 2.500875041619108887e+12 1.768993398811757080e+12
2.454708915685033426e+06 2.422766653909724121e+12 1.714588382253827881e+12
2.511886431509581860e+06 2.346719695191543945e+12 1.661557921350979004e+12
2.570395782768864650e+06 2.272698745220625488e+12 1.609882928533174072e+12
2.630267991895381361e+06 2.200668042591477051e+12 1.559543750638858887e+12
2.691534803926913999e+06 2.130591544990873047e+12 1.510520223460583740e+12
2.754228703338169027e+06 2.062432986923616943e+12 1.462791724421662598e+12
2.818382931264454965e+06 1.996155934931802246e+12 1.416337223370784912e+12
2.884031503126605880e+06 1.931723840333214600e+12 1.371135331486656494e+12
2.951209226666383911e+06 1.869100089509057129e+12 1.327164348290409180e+12
3.019951720402019098e+06 1.808248051774909424e+12 1.284402306768377197e+12
3.090295432513591833e+06 1.749131124872335938e+12 1.242827016612449463e+12
3.162277660168379545e+06 1.691712778121870605e+12 1.202416105589693604e+12
3.235936569296280853e+06 1.635956593281047852e+12 1.163147059056932617e+12
3.311311214825914241e+06 1.581826303153781738e+12 1.124997257639772705e+12
3.388441561392027885e+06 1.529285827999822998e+12 1.087944013099065063e+12
3.467368504525316879e+06 1.478299309794952637e+12 1.051964602410811646e+12
3.548133892335752957e+06 1.428831144394823730e+12 1.017036300088823242e+12
3.630780547701017465e+06 1.380846011656451416e+12 9.831364087816007080e+11
3.715352290971728042e+06 1.334308903573255615e+12 9.502422881777976074e+11
3.801893963205612730e+06 1.289185150480190918e+12 9.183313822562751465e+11
3.890451449942804407e+06 1.245440445386930908e+12 8.873812449191480713e+11
3.981071705534977838e+06 1.203040866497437012e+12 8.573695640475179443e+11
4.073802778041129466e+06 1.161952818772396240e+12 8.282740913440109863e+11
4.168693834703354631e+06 1.122142566779308594e+12 8.000720942026585693e+11
4.265795188015925698e+06 1.083576653261743896e+12 7.727408441853668213e+11
4.365158322401666082e+06 1.046222195343352905e+12 7.462579632739683838e+11
4.466835921509635635e+06 1.010046890833190796e+12 7.206014314363876953e+11
4.570881896148751490e+06 9.750190221562296143e+11 6.957495917781094971e+11
4.677351412871981040e+06 9.411074593836730957e+11 6.716811549846010742e+11
4.786300923226380721e+06 9.082816624047851562e+11 6.483752030844736328e+11
4.897788193684466183e+06 8.765116822812886963e+11 6.258111925628829346e+11
5.011872336272724904e+06 8.457681618245004883e+11 6.039689568541579590e+11
5.128613839913647622e+06 8.160223354346354980e+11 5.828287082422346191e+11
5.248074602497722954e+06 7.872460282408452148e+11 5.623710391969943848e+11
5.370317963702532463e+06 7.594116545795910645e+11 5.425769231739946289e+11
5.495408738576248288e+06 7.324922158481837158e+11 5.234277149046480713e+11
5.623413251903491095e+06 7.064612977692209473e+11 5.049051502032056885e+11
5.754399373371565714e+06 6.812930671008663330e+11 4.869913453164050293e+11
5.888436553555896506e+06 6.569622678268487549e+11 4.696687958409719849e+11
6.025595860743580386e+06 6.334442168590853271e+11 4.529203752335200195e+11
6.165950018614822999e+06 6.107147992849047852e+11 4.367293329368002319e+11
6.309573444801930338e+06 5.887504631897894287e+11 4.210792921455317993e+11
6.456542290346561931e+06 5.675282140856145020e+11 4.059542472344335938e+11
6.606934480075964704e+06 5.470256089733099976e+11 3.913385608703521729e+11
6.760829753919818439e+06 5.272207500679114380e+11 3.772169608297360229e+11
6.918309709189362824e+06 5.080922710095128174e+11 3.635745314337598877e+11
7.079457843841387890e+06 4.896191747768026733e+11 3.503965997523370972e+11
7.244359600749906152e+06 4.717808541758083496e+11 3.376687511848535767e+11
7.413102413009176962e+06 4.545572583748613892e+11 3.253769486109387817e+11
7.585775750291835517e+06 4.379288891528284912e+11 3.135075307651400146e+11
7.762471166286927648e+06 4.218767892818851318e+11 3.020472049845032349e+11
7.943282347242821939e+06 4.063825309903327637e+11 2.909830399647337036e+11
8.128305161640995182e+06 3.914282045135693970e+11 2.803024585325162354e+11
8.317637711026709527e+06 3.769964067408850098e+11 2.699932304412318115e+11
8.511380382023759186e+06 3.630702299651763916e+11 2.600434651968311462e+11
8.709635899560812861e+06 3.496332507422201538e+11 2.504416049202887268e+11
8.912509381337458268e+06 3.366695188656698608e+11 2.411764172526494751e+11
9.120108393559096381e+06 3.241635464634653320e+11 2.322369883083249207e+11
9.332543007969902828e+06 3.121002972209408569e+11 2.236127156819414673e+11
9.549925860214369372e+06 3.004651757354484863e+11 2.152933015136861877e+11
9.772372209558112547e+06 2.892440170069400635e+11 2.072687456177713013e+11
1.000000000000000000e+07 2.784230760685341187e+11 1.995293386783062744e+11
1.023292992280753516e+07 2.679890177607365723e+11 1.920656555165679932e+11
1.047128548050900735e+07 2.579289066526035461e+11 1.848685484333426819e+11
1.071519305237607099e+07 2.482301971127976379e+11 1.779291406297348633e+11
1.096478196143184975e+07 2.388807235331463013e+11 1.712388197095530396e+11
1.122018454301963001e+07 2.298686907070039978e+11 1.647892312661165466e+11
1.148153621496884152e+07 2.211826643644045715e+11 1.585722725560717163e+11
1.174897554939530417e+07 2.128115617141065979e+11 1.525800861418181458e+11
1.202264434617413208e+07 2.047446099174552002e+11 1.468050279567111511e+11
1.230268770812381059e+07 1.969713039353739014e+11 1.412396348275941772e+11
1.258925411794168688e+07 1.894814693473829041e+11 1.358766755711802063e+11
1.288249551693134941e+07 1.822652630225683899e+11 1.307091525691849518e+11
1.318256738556407392e+07 1.753131631857086487e+11 1.257302948651320343e+11
1.348962882591653243e+07 1.686159597478772583e+11 1.209335514398833618e+11
1.380384264602886885e+07 1.621647448957487793e+11 1.163125846622403259e+11
1.412537544622755423e+07 1.559509039339375610e+11 1.118612639110183258e+11
1.445439770745928027e+07 1.499661063747552185e+11 1.075736593650164490e+11
1.479108388168207183e+07 1.442022972698674316e+11 1.034440359573571167e+11
1.513561248436207324e+07 1.386516887783995667e+11 9.946684749069949341e+10
1.548816618912482820e+07 1.333067519661184387e+11 9.563673090987208557e+10
1.584893192461114004e+07 1.281602088304079285e+11 9.194850072851780701e+10
1.621810097358930111e+07 1.232050245458235168e+11 8.839714360637699890e+10
1.659586907437559776e+07 1.184343999251047211e+11 8.497781307388722229e+10
1.698243652461745963e+07 1.138417640905960846e+11 8.168582440081481934e+10
1.737800828749376163e+07 1.094207673511140594e+11 7.851664960568214417e+10
1.778279410038922727e+07 1.051652742793747559e+11 7.546591260279531860e+10
1.819700858609982207e+07 1.010693569851877441e+11 7.252938448373127747e+10
1.862087136662869155e+07 9.712728857969216919e+10 6.970297893017881775e+10
1.905460717963248491e+07 9.333353682600320435e+10 6.698274775508369446e+10
1.949844599758045748e+07 8.968275797170816040e+10 6.436487656908721924e+10
1.995262314968878776e+07 8.616979075874652100e+10 6.184568056930413818e+10
2.041737944669531658e+07 8.278964725189978027e+10 5.942159798563971710e+10
2.089296130854040757e+07 7.953749348102462769e+10 5.708917604314974976e+10
2.137962089502232149e+07 7.640865852841740417e+10 5.484507779372115326e+10
2.187761623949551955e+07 7.339863553279714966e+10 5.268608300993061066e+10
2.238721138568342477e+07 7.050307615450215149e+10 5.060908427370285797e+10
2.290867652767774835e+07 6.771778521517297363e+10 4.861108318680008698e+10
2.344228815319922939e+07 6.503871551159490204e+10 4.668918670315994263e+10
2.398832919019489363e+07 6.246196279826592255e+10 4.484060357934076691e+10
2.454708915685033426e+07 5.998376093340954590e+10 4.306264093943498230e+10
2.511886431509582326e+07 5.760047718331748199e+10 4.135270095092386627e+10
2.570395782768864930e+07 5.530860768005660248e+10 3.970827760804697418e+10
2.630267991895380989e+07 5.310477302773037720e+10 3.812695361936493683e+10
2.691534803926913440e+07 5.098571405262457275e+10 3.660639739628837585e+10
2.754228703338168934e+07 4.894828769271065521e+10 3.514436013944275665e+10
2.818382931264454871e+07 4.698946302211927032e+10 3.373867301983322144e+10
2.884031503126605973e+07 4.510631740632377625e+10 3.238724445185929108e+10
2.951209226666383818e+07 4.329603278391027069e+10 3.108805745532251358e+10
3.019951720402019098e+07 4.155589207092922974e+10 2.983916710364990234e+10
3.090295432513592020e+07 3.988327568395028687e+10 2.863869805564257050e+10
3.162277660168379173e+07 3.827565817805560303e+10 2.748484216813562393e+10
3.235936569296281040e+07 3.673060499612701416e+10 2.637585618703751373e+10
3.311311214825914800e+07 3.524576932588823700e+10 2.531005951428874207e+10
3.388441561392027140e+07 3.381888906127586365e+10 2.428583204835683823e+10
3.467368504525316507e+07 3.244778386481281281e+10 2.330161209595236588e+10
3.548133892335753143e+07 3.113035232776573944e+10 2.235589435272450256e+10
3.630780547701017559e+07 2.986456922496069717e+10 2.144722795075825119e+10
3.715352290971727669e+07 2.864848286123178482e+10 2.057421457076355743e+10
3.801893963205612451e+07 2.748021250656597900e+10 1.973550661690777969e+10
3.890451449942804873e+07 2.635794591710314178e+10 1.892980545230807877e+10
3.981071705534976721e+07 2.527993693923225784e+10 1.815585969325672913e+10
4.073802778041130304e+07 2.424450379149071121e+10 1.741246396475519562e+10
4.168693834703355283e+07 2.325003044793891907e+10 1.669845975826616287e+10
4.265795188015925884e+07 2.229496134647457504e+10 1.601273177263553429e+10
4.365158322401665896e+07 2.137779719091660309e+10 1.535420499760358810e+10
4.466835921509634703e+07 2.049709302551488113e+10 1.472184333796889496e+10
4.570881896148752421e+07 1.965145638054504395e+10 1.411464828802498627e+10
4.677351412871981412e+07 1.883954547641838837e+10 1.353165764770557594e+10
4.786300923226380348e+07 1.806006748465213013e+10 1.297194427926420784e+10
4.897788193684465438e+07 1.731177684408563995e+10 1.243461490334303284e+10
5.011872336272724718e+07 1.659347363076687241e+10 1.191880893331224442e+10
5.128613839913647622e+07 1.590400197996961594e+10 1.142369734678754234e+10
5.248074602497722954e+07 1.524224855884192085e+10 1.094848159326082802e+10
5.370317963702532649e+07 1.460714108822002220e+10 1.049239253680316925e+10
5.495408738576248288e+07 1.399764691218015289e+10 1.005468943282617188e+10
5.623413251903490722e+07 1.341277161393404388e+10 9.634658937911075592e+09
5.754399373371567577e+07 1.285155767671087646e+10 9.231614151741216660e+09
5.888436553555896133e+07 1.231308318830037308e+10 8.844893690195835114e+09
6.025595860743580759e+07 1.179646058796683693e+10 8.473860788688159943e+09
6.165950018614822626e+07 1.130083545447518730e+10 8.117902434852526665e+09
6.309573444801929593e+07 1.082538533400424767e+10 7.776428529709597588e+09
6.456542290346561372e+07 1.036931860675209236e+10 7.448871076459617615e+09
6.606934480075964332e+07 9.931873391070896149e+09 7.134683396076538086e+09
6.760829753919818997e+07 9.512316483997558594e+09 6.833339368896425247e+09
6.918309709189362824e+07 9.109942337077871323e+09 6.544332701415649414e+09
7.079457843841388822e+07 8.724072066409519196e+09 6.267176217533939362e+09
7.244359600749905407e+07 8.354052495858934402e+09 6.001401173498360634e+09
7.413102413009177148e+07 7.999255232434028625e+09 5.746556595823335648e+09
7.585775750291836262e+07 7.659075772823268890e+09 5.502208641482088089e+09
7.762471166286927462e+07 7.332932640137359619e+09 5.267939979683004379e+09
7.943282347242820263e+07 7.020266549916712761e+09 5.043349194563576698e+09
8.128305161640995741e+07 6.720539604492849350e+09 4.828050208152216911e+09
8.317637711026708782e+07 6.433234514817938805e+09 4.621671722966716766e+09
8.511380382023777068e+07 6.157853848900134087e+09 4.423856683634766579e+09
8.709635899560813606e+07 5.893919306007201195e+09 4.234261756939513206e+09
8.912509381337459385e+07 5.640971015823586464e+09 4.052556829709253311e+09
9.120108393559095263e+07 5.398566861769908905e+09 3.878424523987197399e+09
9.332543007969905436e+07 5.166281827715300560e+09 3.711559728932537079e+09
9.549925860214367509e+07 4.943707367335469246e+09 3.551669148919900417e+09
9.772372209558111429e+07 4.730450795390517235e+09 3.398470867319336414e+09
1.000000000000000000e+08 4.526134700217149734e+09 3.251693925453624725e+09
