# mass(eV); sig_Xcoeff(Hz):	 Ca+:4S1/2->42P1/2, Ca+:3D3/2->42P1/2
1.000000000000000000e+00 3.541931248077633125e+14 1.235842960341423500e+15
1.023292992280753433e+00 3.541931159596102500e+14 1.235842936297277250e+15
1.047128548050899610e+00 3.541931066992359375e+14 1.235842911143966500e+15
1.071519305237605968e+00 3.541930970073385000e+14 1.235842884829813000e+15
1.096478196143185091e+00 3.541930868637091875e+14 1.235842857300713250e+15
1.122018454301963120e+00 3.541930762471880625e+14 1.235842828500032500e+15
1.148153621496882826e+00 3.541930651356248125e+14 1.235842798368484250e+15
1.174897554939529076e+00 3.541930535058287500e+14 1.235842766844004000e+15
1.202264434617412725e+00 3.541930413335183750e+14 1.235842733861622000e+15
1.230268770812381174e+00 3.541930285932757500e+14 1.235842699353325750e+15
1.258925411794167504e+00 3.541930152584891875e+14 1.235842663247913750e+15
1.288249551693133599e+00 3.541930013012949375e+14 1.235842625470856000e+15
1.318256738556407459e+00 3.541929866925248750e+14 1.235842585944125750e+15
1.348962882591653090e+00 3.541929714016392500e+14 1.235842544586041750e+15
1.380384264602885214e+00 3.541929553966660625e+14 1.235842501311095000e+15
1.412537544622753938e+00 3.541929386441330625e+14 1.235842456029775250e+15
1.445439770745927888e+00 3.541929211089937500e+14 1.235842408648370500e+15
1.479108388168207222e+00 3.541929027545595625e+14 1.235842359068784250e+15
1.513561248436208651e+00 3.541928835424171875e+14 1.235842307188316500e+15
1.548816618912481013e+00 3.541928634323528750e+14 1.235842252899464250e+15
1.584893192461114042e+00 3.541928423822634375e+14 1.235842196089676750e+15
1.621810097358929559e+00 3.541928203480680000e+14 1.235842136641133000e+15
1.659586907437561099e+00 3.541927972836191250e+14 1.235842074430491500e+15
1.698243652461743913e+00 3.541927731406016875e+14 1.235842009328629500e+15
1.737800828749376247e+00 3.541927478684316250e+14 1.235841941200364500e+15
1.778279410038922759e+00 3.541927214141544375e+14 1.235841869904193750e+15
1.819700858609982319e+00 3.541926937223242500e+14 1.235841795291965000e+15
1.862087136662867515e+00 3.541926647348960625e+14 1.235841717208593750e+15
1.905460717963247896e+00 3.541926343911008750e+14 1.235841635491723250e+15
1.949844599758045138e+00 3.541926026273150000e+14 1.235841549971383500e+15
1.995262314968878847e+00 3.541925693769313125e+14 1.235841460469641750e+15
2.041737944669529625e+00 3.541925345702142500e+14 1.235841366800220500e+15
2.089296130854038758e+00 3.541924981341570000e+14 1.235841268768115750e+15
2.137962089502232654e+00 3.541924599923236875e+14 1.235841166169178500e+15
2.187761623949552092e+00 3.541924200646961875e+14 1.235841058789693250e+15
2.238721138568339875e+00 3.541923782674967500e+14 1.235840946405927750e+15
2.290867652767771823e+00 3.541923345130194375e+14 1.235840828783657500e+15
2.344228815319922443e+00 3.541922887094383125e+14 1.235840705677685250e+15
2.398832919019489474e+00 3.541922407606260000e+14 1.235840576831321000e+15
2.454708915685031023e+00 3.541921905659377500e+14 1.235840441975838500e+15
2.511886431509579243e+00 3.541921380200105000e+14 1.235840300829920500e+15
2.570395782768864379e+00 3.541920830125373750e+14 1.235840153099063750e+15
2.630267991895380852e+00 3.541920254280372500e+14 1.235839998474963500e+15
2.691534803926916464e+00 3.541919651456097500e+14 1.235839836634862000e+15
2.754228703338165385e+00 3.541919020386853750e+14 1.235839667240881000e+15
2.818382931264454605e+00 3.541918359747588125e+14 1.235839489939307250e+15
2.884031503126605056e+00 3.541917668151056250e+14 1.235839304359848000e+15
2.951209226666386964e+00 3.541916944145022500e+14 1.235839110114865500e+15
3.019951720402016093e+00 3.541916186209070625e+14 1.235838906798552500e+15
3.090295432513591845e+00 3.541915392751555000e+14 1.235838693986093000e+15
3.162277660168379523e+00 3.541914562106165000e+14 1.235838471232763750e+15
3.235936569296280929e+00 3.541913692528470625e+14 1.235838238073007750e+15
3.311311214825910731e+00 3.541912782192275000e+14 1.235837994019460250e+15
3.388441561392027790e+00 3.541911829185751250e+14 1.235837738561922500e+15
3.467368504525316641e+00 3.541910831507482500e+14 1.235837471166301250e+15
3.548133892335752826e+00 3.541909787062240000e+14 1.235837191273485750e+15
3.630780547701013550e+00 3.541908693656580625e+14 1.235836898298179750e+15
3.715352290971727811e+00 3.541907548994306250e+14 1.235836591627676000e+15
3.801893963205612792e+00 3.541906350671621250e+14 1.235836270620580500e+15
3.890451449942804896e+00 3.541905096172098125e+14 1.235835934605461500e+15
3.981071705534973582e+00 3.541903782861432500e+14 1.235835582879452250e+15
4.073802778041126338e+00 3.541902407981921250e+14 1.235835214706783500e+15
4.168693834703356416e+00 3.541900968646715625e+14 1.235834829317243750e+15
4.265795188015926165e+00 3.541899461833755000e+14 1.235834425904566750e+15
4.365158322401661017e+00 3.541897884379475625e+14 1.235834003624755250e+15
4.466835921509630047e+00 3.541896232972208750e+14 1.235833561594316500e+15
4.570881896148752510e+00 3.541894504145246875e+14 1.235833098888412750e+15
4.677351412871980862e+00 3.541892694269610625e+14 1.235832614538941000e+15
4.786300923226385784e+00 3.541890799546471875e+14 1.235832107532501250e+15
4.897788193684460722e+00 3.541888815999262500e+14 1.235831576808301500e+15
5.011872336272724660e+00 3.541886739465322500e+14 1.235831021255929000e+15
5.128613839913647610e+00 3.541884565587290625e+14 1.235830439713045750e+15
5.248074602497722729e+00 3.541882289803957500e+14 1.235829830962963750e+15
5.370317963702527564e+00 3.541879907340813750e+14 1.235829193732114500e+15
5.495408738576247565e+00 3.541877413200097500e+14 1.235828526687397000e+15
5.623413251903491172e+00 3.541874802150368125e+14 1.235827828433400500e+15
5.754399373371566817e+00 3.541872068715652500e+14 1.235827097509510250e+15
5.888436553555889574e+00 3.541869207164052500e+14 1.235826332386858500e+15
6.025595860743580445e+00 3.541866211495803125e+14 1.235825531465161500e+15
6.165950018614822170e+00 3.541863075430838750e+14 1.235824693069380750e+15
6.309573444801930719e+00 3.541859792395740625e+14 1.235823815446256500e+15
6.456542290346555468e+00 3.541856355510073750e+14 1.235822896760663250e+15
6.606934480075964622e+00 3.541852757572151250e+14 1.235821935091801000e+15
6.760829753919817442e+00 3.541848991044048125e+14 1.235820928429219250e+15
6.918309709189363055e+00 3.541845048036041875e+14 1.235819874668640500e+15
7.079457843841380438e+00 3.541840920290182500e+14 1.235818771607611000e+15
7.244359600749898043e+00 3.541836599163280000e+14 1.235817616940931750e+15
7.413102413009175606e+00 3.541832075608957500e+14 1.235816408255892000e+15
7.585775750291834818e+00 3.541827340158985625e+14 1.235815143027281250e+15
7.762471166286919910e+00 3.541822382903672500e+14 1.235813818612166500e+15
7.943282347242814012e+00 3.541817193471416875e+14 1.235812432244429250e+15
8.128305161640994925e+00 3.541811761007290000e+14 1.235810981029061500e+15
8.317637711026709013e+00 3.541806074150652500e+14 1.235809461936181000e+15
8.511380382023768121e+00 3.541800121011682500e+14 1.235807871794795500e+15
8.709635899560804972e+00 3.541793889146943125e+14 1.235806207286254750e+15
8.912509381337459402e+00 3.541787365533716250e+14 1.235804464937426500e+15
9.120108393559096527e+00 3.541780536543210000e+14 1.235802641113537250e+15
9.332543007969904991e+00 3.541773387912552500e+14 1.235800732010705000e+15
9.549925860214358408e+00 3.541765904715466250e+14 1.235798733648113000e+15
9.772372209558112033e+00 3.541758071331628125e+14 1.235796641859841500e+15
1.000000000000000000e+01 3.541749871414635625e+14 1.235794452286311500e+15
1.023292992280754277e+01 3.541741287858468750e+14 1.235792160365341250e+15
1.047128548050899610e+01 3.541732302762484375e+14 1.235789761322806500e+15
1.071519305237606368e+01 3.541722897394740000e+14 1.235787250162853250e+15
1.096478196143185002e+01 3.541713052153729375e+14 1.235784621657688750e+15
1.122018454301963608e+01 3.541702746528323125e+14 1.235781870336884750e+15
1.148153621496883048e+01 3.541691959055877500e+14 1.235778990476208250e+15
1.174897554939529520e+01 3.541680667278483750e+14 1.235775976085937750e+15
1.202264434617413258e+01 3.541668847697205625e+14 1.235772820898658000e+15
1.230268770812381618e+01 3.541656475724267500e+14 1.235769518356487500e+15
1.258925411794167459e+01 3.541643525633014375e+14 1.235766061597732500e+15
1.288249551693134265e+01 3.541629970505694375e+14 1.235762443442946750e+15
1.318256738556407548e+01 3.541615782178788750e+14 1.235758656380339000e+15
1.348962882591654022e+01 3.541600931185971250e+14 1.235754692550543000e+15
1.380384264602885125e+01 3.541585386698421875e+14 1.235750543730686000e+15
1.412537544622754737e+01 3.541569116462461875e+14 1.235746201317740750e+15
1.445439770745927177e+01 3.541552086734425000e+14 1.235741656311136000e+15
1.479108388168207178e+01 3.541534262212517500e+14 1.235736899294565750e+15
1.513561248436207940e+01 3.541515605965748125e+14 1.235731920417007250e+15
1.548816618912481147e+01 3.541496079359536250e+14 1.235726709372861750e+15
1.584893192461113465e+01 3.541475641978064375e+14 1.235721255381219750e+15
1.621810097358929426e+01 3.541454251543166250e+14 1.235715547164194750e+15
1.659586907437560654e+01 3.541431863829536250e+14 1.235709572924285000e+15
1.698243652461744446e+01 3.541408432576207500e+14 1.235703320320722000e+15
1.737800828749375626e+01 3.541383909394069375e+14 1.235696776444778750e+15
1.778279410038922848e+01 3.541358243669306250e+14 1.235689927793961250e+15
1.819700858609984095e+01 3.541331382462442500e+14 1.235682760245059750e+15
1.862087136662868048e+01 3.541303270403087500e+14 1.235675259026008750e+15
1.905460717963247674e+01 3.541273849579863125e+14 1.235667408686489000e+15
1.949844599758045049e+01 3.541243059425538125e+14 1.235659193067233500e+15
1.995262314968880091e+01 3.541210836597119375e+14 1.235650595267988000e+15
2.041737944669529625e+01 3.541177114850631875e+14 1.235641597614039750e+15
2.089296130854040001e+01 3.541141824910381875e+14 1.235632181621285000e+15
2.137962089502232388e+01 3.541104894332530000e+14 1.235622327959761750e+15
2.187761623949552714e+01 3.541066247362689375e+14 1.235612016415579000e+15
2.238721138568340052e+01 3.541025804787251875e+14 1.235601225851183750e+15
2.290867652767773066e+01 3.540983483778301250e+14 1.235589934163887000e+15
2.344228815319922532e+01 3.540939197731761875e+14 1.235578118242590250e+15
2.398832919019491072e+01 3.540892856098488750e+14 1.235565753922624000e+15
2.454708915685031201e+01 3.540844364208104375e+14 1.235552815938628750e+15
2.511886431509580930e+01 3.540793623085198750e+14 1.235539277875398500e+15
2.570395782768863668e+01 3.540740529257590000e+14 1.235525112116594250e+15
2.630267991895381030e+01 3.540684974556403125e+14 1.235510289791260500e+15
2.691534803926915131e+01 3.540626845907537500e+14 1.235494780718028750e+15
2.754228703338165829e+01 3.540566025114237500e+14 1.235478553346942750e+15
2.818382931264453717e+01 3.540502388630400000e+14 1.235461574698791000e+15
2.884031503126605500e+01 3.540435807324240625e+14 1.235443810301854750e+15
2.951209226666384922e+01 3.540366146231974375e+14 1.235425224125968750e+15
3.019951720402016093e+01 3.540293264301081250e+14 1.235405778513790500e+15
3.090295432513590512e+01 3.540217014122746875e+14 1.235385434109163250e+15
3.162277660168379256e+01 3.540137241653116250e+14 1.235364149782468000e+15
3.235936569296282528e+01 3.540053785922880000e+14 1.235341882552842500e+15
3.311311214825911264e+01 3.539966478734761875e+14 1.235318587507145250e+15
3.388441561392025392e+01 3.539875144348486250e+14 1.235294217715553000e+15
3.467368504525316553e+01 3.539779599152664375e+14 1.235268724143645500e+15
3.548133892335754780e+01 3.539679651323280000e+14 1.235242055560868750e+15
3.630780547701014171e+01 3.539575100468036250e+14 1.235214158445216250e+15
3.715352290971726745e+01 3.539465737256376250e+14 1.235184976884016750e+15
3.801893963205613147e+01 3.539351343034266250e+14 1.235154452470665250e+15
3.890451449942807471e+01 3.539231689423615625e+14 1.235122524197161750e+15
3.981071705534972693e+01 3.539106537905393125e+14 1.235089128342301750e+15
4.073802778041127937e+01 3.538975639386270625e+14 1.235054198355381000e+15
4.168693834703354639e+01 3.538838733747799375e+14 1.235017664735224500e+15
4.265795188015928119e+01 3.538695549377933750e+14 1.234979454904424000e+15
4.365158322401660485e+01 3.538545802683997500e+14 1.234939493078577750e+15
4.466835921509633067e+01 3.538389197586693125e+14 1.234897700130399000e+15
4.570881896148752332e+01 3.538225424994417500e+14 1.234853993448500250e+15
4.677351412871981751e+01 3.538054162257254375e+14 1.234808286790695000e+15
4.786300923226383475e+01 3.537875072600134375e+14 1.234760490131634750e+15
4.897788193684461788e+01 3.537687804534356250e+14 1.234710509504604500e+15
5.011872336272721640e+01 3.537491991246728750e+14 1.234658246837214250e+15
5.128613839913648320e+01 3.537287249681270625e+14 1.234603599669445500e+15
5.248074602497725749e+01 3.537073179257896250e+14 1.234546460732305250e+15
5.370317963702527209e+01 3.536849361767931875e+14 1.234486717990361500e+15
5.495408738576245611e+01 3.536615360792958125e+14 1.234424254500527000e+15
5.623413251903490107e+01 3.536370720953073125e+14 1.234358948207081500e+15
5.754399373371569482e+01 3.536114967127326875e+14 1.234290671728919750e+15
5.888436553555889930e+01 3.535847603645603750e+14 1.234219292138767750e+15
6.025595860743577248e+01 3.535568113451026250e+14 1.234144670734147500e+15
6.165950018614822170e+01 3.535275957232366875e+14 1.234066662799869500e+15
6.309573444801932851e+01 3.534970572525496875e+14 1.233985117361784500e+15
6.456542290346556001e+01 3.534651372783223125e+14 1.233899876931579500e+15
6.606934480075960892e+01 3.534317746412804375e+14 1.233810777242394750e+15
6.760829753919819041e+01 3.533969055780428125e+14 1.233717646975007000e+15
6.918309709189365719e+01 3.533604636181920625e+14 1.233620307474366250e+15
7.079457843841380793e+01 3.533223794779152500e+14 1.233518572456271000e+15
7.244359600749902484e+01 3.532825809501414375e+14 1.233412247703942750e+15
7.413102413009177383e+01 3.532409927911268125e+14 1.233301130754320000e+15
7.585775750291840325e+01 3.531975366088267500e+14 1.233185010590301250e+15
7.762471166286918844e+01 3.531521308697324375e+14 1.233063667694991000e+15
7.943282347242818275e+01 3.531046908001873125e+14 1.232936873784321750e+15
8.128305161640994925e+01 3.530551281474197500e+14 1.232804391111893750e+15
8.317637711026706882e+01 3.530033510462356250e+14 1.232665972096550250e+15
8.511380382023763502e+01 3.529492638879224375e+14 1.232521358956865250e+15
8.709635899560804262e+01 3.528927671857643125e+14 1.232370283335397250e+15
8.912509381337454784e+01 3.528337574372279375e+14 1.232212465912749750e+15
9.120108393559095816e+01 3.527721269828609375e+14 1.232047616011492000e+15
9.332543007969907478e+01 3.527077638619999375e+14 1.231875431190027750e+15
9.549925860214358408e+01 3.526405516653525000e+14 1.231695596826567500e+15
9.772372209558105283e+01 3.525703693845992500e+14 1.231507785693381750e+15
1.000000000000000000e+02 3.524970912591470625e+14 1.231311657521610750e+15
1.023292992280754845e+02 3.524205862290666250e+14 1.231106857290665500e+15
1.047128548050899610e+02 3.523407164926921250e+14 1.230893010618308250e+15
1.071519305237607256e+02 3.522573383110889375e+14 1.230669726423773750e+15
1.096478196143184931e+02 3.521703021763811250e+14 1.230436597530075500e+15
1.122018454301963004e+02 3.520794526104645625e+14 1.230193200068043250e+15
1.148153621496882835e+02 3.519846279592601875e+14 1.229939092863795250e+15
1.174897554939529130e+02 3.518856601826368125e+14 1.229673816809697250e+15
1.202264434617413258e+02 3.517823746402065000e+14 1.229396894218913250e+15
1.230268770812381263e+02 3.516745898731898750e+14 1.229107828163702250e+15
1.258925411794167530e+02 3.515621173826153750e+14 1.228806101797726000e+15
1.288249551693133697e+02 3.514447614041505000e+14 1.228491177662690500e+15
1.318256738556407299e+02 3.513223186799149375e+14 1.228162496979734250e+15
1.348962882591653170e+02 3.511945782276664375e+14 1.227819478926106250e+15
1.380384264602885196e+02 3.510613211078316250e+14 1.227461519897755000e+15
1.412537544622753956e+02 3.509223201888824375e+14 1.227087992758610750e+15
1.445439770745927888e+02 3.507773399116728125e+14 1.226698246077449750e+15
1.479108388168207000e+02 3.506261360533715625e+14 1.226291603353400000e+15
1.513561248436208757e+02 3.504684554917640625e+14 1.225867362231312250e+15
1.548816618912481147e+02 3.503040359707463750e+14 1.225424793708400750e+15
1.584893192461114211e+02 3.501326058679476875e+14 1.224963141333753750e+15
1.621810097358929852e+02 3.499538839655291250e+14 1.224481620402544000e+15
1.659586907437561081e+02 3.497675792253138750e+14 1.223979417147007500e+15
1.698243652461744091e+02 3.495733905695316875e+14 1.223455687926509750e+15
1.737800828749375910e+02 3.493710066686104375e+14 1.222909558419325750e+15
1.778279410038923061e+02 3.491601057375752500e+14 1.222340122819058000e+15
1.819700858609984380e+02 3.489403553428006875e+14 1.221746443038960000e+15
1.862087136662867692e+02 3.487114122210289375e+14 1.221127547927819000e+15
1.905460717963248101e+02 3.484729221127515000e+14 1.220482432501430750e+15
1.949844599758045263e+02 3.482245196122780625e+14 1.219810057194177000e+15
1.995262314968880730e+02 3.479658280370250000e+14 1.219109347135653500e+15
2.041737944669529270e+02 3.476964593188128750e+14 1.218379191457858500e+15
2.089296130854038722e+02 3.474160139202179375e+14 1.217618442638990750e+15
2.137962089502232459e+02 3.471240807793230625e+14 1.216825915890536750e+15
2.187761623949552074e+02 3.468202372865127500e+14 1.216000388594988000e+15
2.238721138568340052e+02 3.465040492972996875e+14 1.215140599802258750e+15
2.290867652767772427e+02 3.461750711855338125e+14 1.214245249793653250e+15
2.344228815319922887e+02 3.458328459417491875e+14 1.213312999723107000e+15
2.398832919019489509e+02 3.454769053218051875e+14 1.212342471346306000e+15
2.454708915685031059e+02 3.451067700514796250e+14 1.211332246849351500e+15
2.511886431509579722e+02 3.447219500262804375e+14 1.210280868640236250e+15
2.570395782768864592e+02 3.443219310947938125e+14 1.209186809125808500e+15
2.630267991895381670e+02 3.439061562377295000e+14 1.208048427934008750e+15
2.691534803926916766e+02 3.434740481473151875e+14 1.206864021639938500e+15
2.754228703338166042e+02 3.430250128172011875e+14 1.205631831017896000e+15
2.818382931264454783e+02 3.425584394765908125e+14 1.204350040090468500e+15
2.884031503126605003e+02 3.420737005721243125e+14 1.203016775251201750e+15
2.951209226666387053e+02 3.415701518034003125e+14 1.201630104472767250e+15
3.019951720402016235e+02 3.410471322185274375e+14 1.200188036613652250e+15
3.090295432513592004e+02 3.405039643767075000e+14 1.198688520837729750e+15
3.162277660168380180e+02 3.399399545854486250e+14 1.197129446162362500e+15
3.235936569296284233e+02 3.393543932207056250e+14 1.195508641152230750e+15
3.311311214825910838e+02 3.387465551389718750e+14 1.193823873777637750e+15
3.388441561392028234e+02 3.381157001911209375e+14 1.192072851457797000e+15
3.467368504525316553e+02 3.374610738486750625e+14 1.190253221311486750e+15
3.548133892335756627e+02 3.367819079540844375e+14 1.188362570639482250e+15
3.630780547701014598e+02 3.360774216075956875e+14 1.186398427665361250e+15
3.715352290971724187e+02 3.353468222043691250e+14 1.184358262563679000e+15
3.801893963205611726e+02 3.345893066366587500e+14 1.182239488807050750e+15
3.890451449942804629e+02 3.338040626771280625e+14 1.180039464866468750e+15
3.981071705534972693e+02 3.329902705607085625e+14 1.177755496302164500e+15
4.073802778041126658e+02 3.321471047838812500e+14 1.175384838285573750e+15
4.168693834703354923e+02 3.312737361418148750e+14 1.172924698596450250e+15
4.265795188015924850e+02 3.303693340255044375e+14 1.170372241142948250e+15
4.365158322401661053e+02 3.294330690028518125e+14 1.167724590056555750e+15
4.466835921509630225e+02 3.284641157096276875e+14 1.164978834418174750e+15
4.570881896148752048e+02 3.274616560783408750e+14 1.162132033676347250e+15
4.677351412871980756e+02 3.264248829353456875e+14 1.159181223823781750e+15
4.786300923226384612e+02 3.253530039989649375e+14 1.156123424403805750e+15
4.897788193684460794e+02 3.242452463140560625e+14 1.152955646424344750e+15
5.011872336272724624e+02 3.231008611106037500e+14 1.149674901161775250e+15
5.128613839913648462e+02 3.219190650324298125e+14 1.146278081452116000e+15
5.248074602497728165e+02 3.206989053713791875e+14 1.142761690690664250e+15
5.370317963702526640e+02 3.194393966901558125e+14 1.139122115957910000e+15
5.495408738576248879e+02 3.181395562255797500e+14 1.135355698304938250e+15
5.623413251903489254e+02 3.167984073011116250e+14 1.131458738994897500e+15
5.754399373371572892e+02 3.154149831299784375e+14 1.127427506629081750e+15
5.888436553555889077e+02 3.139883310436220000e+14 1.123258245241293625e+15
6.025595860743580943e+02 3.125175171829930625e+14 1.118947183451098000e+15
6.165950018614821602e+02 3.110016316932216250e+14 1.114490544774037000e+15
6.309573444801935693e+02 3.094397944654453125e+14 1.109884559194957625e+15
6.456542290346556001e+02 3.078311614730713125e+14 1.105125476119278375e+15
6.606934480075956344e+02 3.061749317535085625e+14 1.100209578826389875e+15
6.760829753919819041e+02 3.044703550904568750e+14 1.095133200559460500e+15
6.918309709189362593e+02 3.027167404561950625e+14 1.089892742396793875e+15
7.079457843841380509e+02 3.009134652779969375e+14 1.084484693061553500e+15
7.244359600749899073e+02 2.990599855978532500e+14 1.078905650839307125e+15
7.413102413009177099e+02 2.971558472000991875e+14 1.073152347786368750e+15
7.585775750291835493e+02 2.952006870736254375e+14 1.067221653732879875e+15
7.762471166286918560e+02 2.931939933238091250e+14 1.061110068936585125e+15
7.943282347242814012e+02 2.911350686820112500e+14 1.054813648322403375e+15
8.128305161640995493e+02 2.890232667372243125e+14 1.048328503761081875e+15
8.317637711026707166e+02 2.868580121761211250e+14 1.041650849241838625e+15
8.511380382023766060e+02 2.846388107392579375e+14 1.034777024706246750e+15
8.709635899560803409e+02 2.823652601035856250e+14 1.027703522333429750e+15
8.912509381337457626e+02 2.800370617672555000e+14 1.020427015486329125e+15
9.120108393559096385e+02 2.776540340186040625e+14 1.012944390545416000e+15
9.332543007969914015e+02 2.752161260775071875e+14 1.005252781874064125e+15
9.549925860214358408e+02 2.727234335041146250e+14 9.973496101790572500e+14
9.772372209558111535e+02 2.701762149772779062e+14 9.892326245503705000e+14
1.000000000000000000e+03 2.675749105528465625e+14 9.808999484866258750e+14
1.023292992280754788e+03 2.649200256941632500e+14 9.723498194562700000e+14
1.047128548050899553e+03 2.622117069666802812e+14 9.635796236866066250e+14
1.071519305237607114e+03 2.594501006435353125e+14 9.545867231008700000e+14
1.096478196143185187e+03 2.566354930988027812e+14 9.453687838365846250e+14
1.122018454301964312e+03 2.537683256010940000e+14 9.359238183309163750e+14
1.148153621496882806e+03 2.508492103590419375e+14 9.262502313064043750e+14
1.174897554939530437e+03 2.478789479166143125e+14 9.163468699764136250e+14
1.202264434617413144e+03 2.448585460035863438e+14 9.062130788143713750e+14
1.230268770812381263e+03 2.417892399544312500e+14 8.958487592573817500e+14
1.258925411794167530e+03 2.386725102776089375e+14 8.852544233057442500e+14
1.288249551693133526e+03 2.355097719866896250e+14 8.744304213279032500e+14
1.318256738556407527e+03 2.323021111538603125e+14 8.633762901219233750e+14
1.348962882591653170e+03 2.290507492258688438e+14 8.520919359169321250e+14
1.380384264602885196e+03 2.257571082784445625e+14 8.405778134983333750e+14
1.412537544622754012e+03 2.224228284741378438e+14 8.288349865778047500e+14
1.445439770745927945e+03 2.190497868633247188e+14 8.168651933599045000e+14
1.479108388168207284e+03 2.156401176276915312e+14 8.046709177156546250e+14
1.513561248436208643e+03 2.121962243663981250e+14 7.922554396644990000e+14
1.548816618912481090e+03 2.087204076616604062e+14 7.796218055330651250e+14
1.584893192461114040e+03 2.052146803446010000e+14 7.667723281004006250e+14
1.621810097358929852e+03 2.016812264860815000e+14 7.537098996459955000e+14
1.659586907437561422e+03 1.981224507542585000e+14 7.404381551377516250e+14
1.698243652461744432e+03 1.945409939803596562e+14 7.269615429616437500e+14
1.737800828749376251e+03 1.909397497521482500e+14 7.132854013620312500e+14
1.778279410038922833e+03 1.873218328690389688e+14 6.994158815041267500e+14
1.819700858609984380e+03 1.836901071997064375e+14 6.853584457750287500e+14
1.862087136662867579e+03 1.800473336577553750e+14 6.711183784268088750e+14
1.905460717963248044e+03 1.763964611645161875e+14 6.567017628702627500e+14
1.949844599758045661e+03 1.727406398524738125e+14 6.421155626426006250e+14
1.995262314968880901e+03 1.690832306685008125e+14 6.273676946774176250e+14
2.041737944669529497e+03 1.654277297951772500e+14 6.124667729708052500e+14
2.089296130854040712e+03 1.617773689999603750e+14 5.974205872384515000e+14
2.137962089502232629e+03 1.581353700431721562e+14 5.822371484535510000e+14
2.187761623949551449e+03 1.545050933118451562e+14 5.669253253069172500e+14
2.238721138568339939e+03 1.508900382805838750e+14 5.514949059685131875e+14
2.290867652767772142e+03 1.472938049436387188e+14 5.359564617242272500e+14
2.344228815319922887e+03 1.437198146213534062e+14 5.203199527708436875e+14
2.398832919019489509e+03 1.401714230191307031e+14 5.045954051091191875e+14
2.454708915685031116e+03 1.366520424385715625e+14 4.887936445809073125e+14
2.511886431509579779e+03 1.331651315725571406e+14 4.729263429719163125e+14
2.570395782768864592e+03 1.297141172376618125e+14 4.570054379631044375e+14
2.630267991895381329e+03 1.263022866894261719e+14 4.410422925157582500e+14
2.691534803926916993e+03 1.229328791468704219e+14 4.250487689897135000e+14
2.754228703338166270e+03 1.196090823004509375e+14 4.090374225572850000e+14
2.818382931264455237e+03 1.163340148408232031e+14 3.930211743358372500e+14
2.884031503126605003e+03 1.131107163240596406e+14 3.770124484199115625e+14
2.951209226666387167e+03 1.099421026364267812e+14 3.610239545703217500e+14
3.019951720402015781e+03 1.068309299565298594e+14 3.450688982752980000e+14
3.090295432513592004e+03 1.037798548737132344e+14 3.291605617881886875e+14
3.162277660168379498e+03 1.007914870943963281e+14 3.133118968000132500e+14
3.235936569296284688e+03 9.786821235962314062e+13 2.975360751269105625e+14
3.311311214825911065e+03 9.501217643870332812e+13 2.818464631510225625e+14
3.388441561392027779e+03 9.222553187496240625e+13 2.662561909047557500e+14
3.467368504525316439e+03 8.951024568413512500e+13 2.507782860473716875e+14
3.548133892335756627e+03 8.686793939704989062e+13 2.354257784583352500e+14
3.630780547701013802e+03 8.430019938949567188e+13 2.202115559482913750e+14
3.715352290971728053e+03 8.180849370242942188e+13 2.051482877554465625e+14
3.801893963205612636e+03 7.939387367168592188e+13 1.902483990793753125e+14
3.890451449942804629e+03 7.705735784739382812e+13 1.755241631303960000e+14
3.981071705534972807e+03 7.479983132632015625e+13 1.609875749200108438e+14
4.073802778041126203e+03 7.262173168835753125e+13 1.466501605480978438e+14
4.168693834703354696e+03 7.052355325777965625e+13 1.325233316090051719e+14
4.265795188015924396e+03 6.850550944144342188e+13 1.186180198696906094e+14
4.365158322401660371e+03 6.656747765431654688e+13 1.049446326569042500e+14
4.466835921509629770e+03 6.470941785414850781e+13 9.151346297890415625e+13
4.570881896148751366e+03 6.293081715952979688e+13 7.833397770973598438e+13
4.677351412871980756e+03 6.123116477881714844e+13 6.541544691069690625e+13
4.786300923226384839e+03 5.960971552690228906e+13 5.276652898867468750e+13
4.897788193684460566e+03 5.806547163239026562e+13 4.039525990097971094e+13
5.011872336272725079e+03 5.659743999434165625e+13 2.830939886015114453e+13
5.128613839913648917e+03 5.520424155842604688e+13 1.651575707736808008e+13
5.248074602497727938e+03 5.388458983519907031e+13 5.021020193231873047e+12
5.370317963702526868e+03 5.263681331426081250e+13 -6.169187894776946289e+12
5.495408738576248652e+03 5.145933564216049219e+13 -1.704937286652764844e+13
5.623413251903491073e+03 5.035024639102039844e+13 -2.761510445068731250e+13
5.754399373371572437e+03 4.930772040015262500e+13 -3.786212102299839062e+13
5.888436553555889986e+03 4.832964923545525000e+13 -4.778720280486522656e+13
6.025595860743580488e+03 4.741400176775242188e+13 -5.738733848530828906e+13
6.165950018614823421e+03 4.655852407975744531e+13 -6.666049028255544531e+13
6.309573444801935693e+03 4.576101271800929688e+13 -7.560493809157176562e+13
6.456542290346556001e+03 4.501913894431451562e+13 -8.421973908020685938e+13
6.606934480075964530e+03 4.433055036180746094e+13 -9.250450360356531250e+13
6.760829753919819268e+03 4.369289688516466406e+13 -1.004593124115707188e+14
6.918309709189363275e+03 4.310374661707256250e+13 -1.080850139006623438e+14
7.079457843841380054e+03 4.256072605886218750e+13 -1.153827928425306406e+14
7.244359600749899073e+03 4.206143277114782812e+13 -1.223544655218525000e+14
7.413102413009177326e+03 4.160346966001516406e+13 -1.290024062683739219e+14
7.585775750291834811e+03 4.118449814857630469e+13 -1.353293434353708438e+14
7.762471166286918560e+03 4.080219100687964844e+13 -1.413385482994133438e+14
7.943282347242812648e+03 4.045425912191898438e+13 -1.470337645143750000e+14
8.128305161640994811e+03 4.013848534585275781e+13 -1.524190703717184688e+14
8.317637711026709439e+03 3.985270477810182812e+13 -1.574989467485183750e+14
8.511380382023768107e+03 3.959481247970880469e+13 -1.622782650948518750e+14
8.709635899560802500e+03 3.936277970614630469e+13 -1.667622234518200938e+14
8.912509381337456944e+03 3.915466054357884375e+13 -1.709562845226760312e+14
9.120108393559097749e+03 3.896858717776159375e+13 -1.748662272505195312e+14
9.332543007969914470e+03 3.880279371118853125e+13 -1.784979399397641250e+14
9.549925860214358181e+03 3.865555519297960156e+13 -1.818579233175105000e+14
9.772372209558112445e+03 3.852535045560857812e+13 -1.849519738572867188e+14
1.000000000000000000e+04 3.841057708176245312e+13 -1.877874371416978750e+14
1.023292992280753606e+04 3.830841746400404688e+13 -1.903824154416066562e+14
1.047128548050900645e+04 3.821803993539403906e+13 -1.927400164938988125e+14
1.071519305237607114e+04 3.813913472645198438e+13 -1.948597808861209062e+14
1.096478196143185232e+04 3.807126780361072656e+13 -1.967428438665982188e+14
1.122018454301962811e+04 3.801386605630296875e+13 -1.983921458732739375e+14
1.148153621496884080e+04 3.796620111943882812e+13 -1.998126631270522188e+14
1.174897554939529982e+04 3.792737171869038281e+13 -2.010116599713724688e+14
1.202264434617412917e+04 3.789628441722785156e+13 -2.019989647719051250e+14
1.230268770812381081e+04 3.787163263311725000e+13 -2.027872713324225312e+14
1.258925411794166212e+04 3.785188299534915625e+13 -2.033923657448685625e+14
1.288249551693134890e+04 3.783592919768063281e+13 -2.038259534930147812e+14
1.318256738556407436e+04 3.782365185652864844e+13 -2.040895377212307500e+14
1.348962882591653215e+04 3.781500403906950000e+13 -2.041846668823979375e+14
1.380384264602883923e+04 3.780990834588319531e+13 -2.041141861062477500e+14
1.412537544622755195e+04 3.780825316304105469e+13 -2.038823984049385625e+14
1.445439770745928035e+04 3.780988856541697656e+13 -2.034952409277022188e+14
1.479108388168207239e+04 3.781462184231505469e+13 -2.029604775135609375e+14
1.513561248436207279e+04 3.782221566746656250e+13 -2.022877961010273438e+14
1.548816618912482772e+04 3.783250992426252344e+13 -2.014843409896647188e+14
1.584893192461114086e+04 3.784548334089255469e+13 -2.005524715401250938e+14
1.621810097358929852e+04 3.786110847389735156e+13 -1.994951579350891562e+14
1.659586907437559421e+04 3.787933835801089062e+13 -1.983165165946284375e+14
1.698243652461746024e+04 3.790010411390872656e+13 -1.970219445722354062e+14
1.737800828749376160e+04 3.792331233399528906e+13 -1.956182662290116875e+14
1.778279410038923015e+04 3.794885282579054688e+13 -1.941134186947638125e+14
1.819700858609982242e+04 3.797670118836376562e+13 -1.925118941070735312e+14
1.862087136662869307e+04 3.800688789030655469e+13 -1.908161619038009062e+14
1.905460717963248317e+04 3.803943654986664062e+13 -1.890294731982070312e+14
1.949844599758044933e+04 3.807436198010692188e+13 -1.871559927258437188e+14
1.995262314968878491e+04 3.811166897779591406e+13 -1.852009011853142812e+14
2.041737944669531862e+04 3.815135098696434375e+13 -1.831698830869020312e+14
2.089296130854040530e+04 3.819338860143650000e+13 -1.810662591020161562e+14
2.137962089502231902e+04 3.823774800212414062e+13 -1.788928949946139062e+14
2.187761623949552086e+04 3.828437923519675000e+13 -1.766533481760134688e+14
2.238721138568342576e+04 3.833321431431532812e+13 -1.743519436454352188e+14
2.290867652767774780e+04 3.838416817432832812e+13 -1.719935620150826562e+14
2.344228815319922433e+04 3.843715836458738281e+13 -1.695815972248647812e+14
2.398832919019490146e+04 3.849209355183195312e+13 -1.671189303833525312e+14
2.454708915685028842e+04 3.854886102094943750e+13 -1.646089879926757812e+14
2.511886431509581598e+04 3.860732434602168750e+13 -1.620558009605680000e+14
2.570395782768864228e+04 3.866733279402403906e+13 -1.594633344543632188e+14
2.630267991895381056e+04 3.872873550828826562e+13 -1.568345164108274688e+14
2.691534803926914174e+04 3.879135907018587500e+13 -1.541725016840352500e+14
2.754228703338168634e+04 3.885500160744294531e+13 -1.514809122934077812e+14
2.818382931264454965e+04 3.891944257083696875e+13 -1.487635050985412500e+14
2.884031503126605458e+04 3.898447167218594531e+13 -1.460232652580436875e+14
2.951209226666383984e+04 3.904985795610020312e+13 -1.432632782662580625e+14
3.019951720402019419e+04 3.911533940868892188e+13 -1.404869890608704844e+14
3.090295432513592095e+04 3.918064382178235156e+13 -1.376977745583404062e+14
3.162277660168379225e+04 3.924550856338714062e+13 -1.348985348321723281e+14
3.235936569296280868e+04 3.930964451656094531e+13 -1.320923551221049375e+14
3.311311214825914794e+04 3.937273573092486719e+13 -1.292825142062338594e+14
3.388441561392027506e+04 3.943447799791654688e+13 -1.264719385633670000e+14
3.467368504525316530e+04 3.949455648643787500e+13 -1.236634846365724844e+14
3.548133892335753626e+04 3.955262741864669531e+13 -1.208601732168988125e+14
3.630780547701017349e+04 3.960835185445903906e+13 -1.180648414588608594e+14
3.715352290971728507e+04 3.966139107371347656e+13 -1.152801699435517969e+14
3.801893963205612090e+04 3.971138038203503906e+13 -1.125089260337943906e+14
3.890451449942804902e+04 3.975795998204252344e+13 -1.097537317709145938e+14
3.981071705534977809e+04 3.980077065442364062e+13 -1.070170768941460312e+14
4.073802778041129932e+04 3.983943269895670312e+13 -1.043014606413096875e+14
4.168693834703355242e+04 3.987357740731434375e+13 -1.016092326067931250e+14
4.265795188015924941e+04 3.990283056127845312e+13 -9.894264964300781250e+13
4.365158322401656187e+04 3.992680899770989062e+13 -9.630390345312551562e+13
4.466835921509634500e+04 3.994514222305815625e+13 -9.369505498368937500e+13
4.570881896148752276e+04 3.995744948496560156e+13 -9.111806740662535938e+13
4.677351412871980574e+04 3.996335820159462500e+13 -8.857480810761914062e+13
4.786300923226380837e+04 3.996249814119024219e+13 -8.606702052700253125e+13
4.897788193684465659e+04 3.995450039330547656e+13 -8.359633930274603125e+13
5.011872336272725079e+04 3.993900731909798438e+13 -8.116429918027698438e+13
5.128613839913648553e+04 3.991566220591935156e+13 -7.877228883769929688e+13
5.248074602497722663e+04 3.988412143536876562e+13 -7.642162443752993750e+13
5.370317963702532870e+04 3.984404622804296875e+13 -7.411345364967960938e+13
5.495408738576248288e+04 3.979511196282923438e+13 -7.184886533397337500e+13
5.623413251903490163e+04 3.973700342191684375e+13 -6.962877396998045312e+13
5.754399373371567344e+04 3.966942041878478906e+13 -6.745403683978807812e+13
5.888436553555895807e+04 3.959207565299787500e+13 -6.532533814755108594e+13
6.025595860743580852e+04 3.950469679578617188e+13 -6.324330908833700000e+13
6.165950018614822329e+04 3.940702804755155469e+13 -6.120841829364697656e+13
6.309573444801929872e+04 3.929883287674403906e+13 -5.922106736581975000e+13
6.456542290346563095e+04 3.917989255716121875e+13 -5.728152867778173438e+13
6.606934480075963074e+04 3.905000710341273438e+13 -5.538997948044472656e+13
6.760829753919818904e+04 3.890899775333392969e+13 -5.354650958787803906e+13
6.918309709189362184e+04 3.875670868849843750e+13 -5.175108469301332031e+13
7.079457843841388240e+04 3.859300258675050000e+13 -5.000363689318532812e+13
7.244359600749907258e+04 3.841776998603297656e+13 -4.830393257377897656e+13
7.413102413009176962e+04 3.823092798640641406e+13 -4.665162350159332031e+13
7.585775750291836448e+04 3.803240115002835938e+13 -4.504654723698162500e+13
7.762471166286910011e+04 3.782214982766140625e+13 -4.348828182016914844e+13
7.943282347242819378e+04 3.760017162590293750e+13 -4.197613721607971094e+13
8.128305161640995357e+04 3.736647135862767969e+13 -4.050964112339231250e+13
8.317637711026707257e+04 3.712108516725221094e+13 -3.908820783245215625e+13
8.511380382023759012e+04 3.686407739973890625e+13 -3.771114062043484375e+13
8.709635899560814141e+04 3.659553310013292969e+13 -3.637772511642559375e+13
8.912509381337459490e+04 3.631556700987379688e+13 -3.508719683614306250e+13
9.120108393559095566e+04 3.602431646326828906e+13 -3.383874374680013672e+13
9.332543007969904284e+04 3.572194061775300781e+13 -3.263154266372575391e+13
9.549925860214367276e+04 3.540863505511713281e+13 -3.146467139815417578e+13
9.772372209558110626e+04 3.508459353700650781e+13 -3.033732625440602734e+13
1.000000000000000000e+05 3.475005772668357031e+13 -2.924845043965944141e+13
1.023292992280753533e+05 3.440555324737309375e+13 -2.819520112448680859e+13
1.047128548050900426e+05 3.405127979307372656e+13 -2.717722998613058594e+13
1.071519305237607041e+05 3.368736931365835156e+13 -2.619478353982863281e+13
1.096478196143185050e+05 3.331400536602983594e+13 -2.524784419366987891e+13
1.122018454301963066e+05 3.293142886287564844e+13 -2.433609401855128906e+13
1.148153621496884007e+05 3.253994433119346875e+13 -2.345887501506903125e+13
1.174897554939530237e+05 3.213992672173335547e+13 -2.261514558162544141e+13
1.202264434617413062e+05 3.173182881366477344e+13 -2.180343286470160156e+13
1.230268770812381263e+05 3.131618926217968750e+13 -2.102178064714532812e+13
1.258925411794168758e+05 3.089363871747190625e+13 -2.026770967301968750e+13
1.288249551693134854e+05 3.046471599738453906e+13 -1.953942830784314453e+13
1.318256738556407217e+05 3.002971121901450391e+13 -1.883686535975111328e+13
1.348962882591653033e+05 2.958892905655562891e+13 -1.815993634967291406e+13
1.380384264602883486e+05 2.914272106355280859e+13 -1.750832986555560156e+13
1.412537544622755086e+05 2.869148998053376562e+13 -1.688147788870994141e+13
1.445439770745927817e+05 2.823569439041998438e+13 -1.627852329368770117e+13
1.479108388168207312e+05 2.777585374833663281e+13 -1.569828428470679688e+13
1.513561248436206661e+05 2.731255038421415625e+13 -1.513923570937013867e+13
1.548816618912482809e+05 2.684629251853861328e+13 -1.460030765631465820e+13
1.584893192461114086e+05 2.637744482915011719e+13 -1.408128518293510742e+13
1.621810097358929925e+05 2.590639110649495703e+13 -1.358184030050872461e+13
1.659586907437559566e+05 2.543354889667370703e+13 -1.310143404723759766e+13
1.698243652461745951e+05 2.495937173514441016e+13 -1.263929011733600586e+13
1.737800828749376233e+05 2.448435152054564844e+13 -1.219436601542223633e+13
1.778279410038922797e+05 2.400900849963228125e+13 -1.176541095749618945e+13
1.819700858609982533e+05 2.353376891087458984e+13 -1.135182328360683398e+13
1.862087136662869307e+05 2.305900039843064062e+13 -1.095338061703301172e+13
1.905460717963248317e+05 2.258508368027561328e+13 -1.056970931359479102e+13
1.949844599758045224e+05 2.211241331239155859e+13 -1.020025731891945703e+13
1.995262314968878345e+05 2.164139735450609766e+13 -9.844272325835765625e+12
2.041737944669531716e+05 2.117244583183697266e+13 -9.500905344046677734e+12
2.089296130854040675e+05 2.070591697755671484e+13 -9.169795442567587891e+12
2.137962089502232266e+05 2.024214818302205469e+13 -8.850678198014587891e+12
2.187761623949552013e+05 1.978147303124081250e+13 -8.543149722146544922e+12
2.238721138568342431e+05 1.932421889551254688e+13 -8.246649236457296875e+12
2.290867652767774707e+05 1.887070391198588281e+13 -7.960503625544172852e+12
2.344228815319922287e+05 1.842123165147256250e+13 -7.684367010550806641e+12
2.398832919019489491e+05 1.797608868349892188e+13 -7.418008832099081055e+12
2.454708915685028478e+05 1.753554184065356641e+13 -7.161083471775090820e+12
2.511886431509582326e+05 1.709983407290539844e+13 -6.913115423619592773e+12
2.570395782768864301e+05 1.666919771997641602e+13 -6.673652538280044922e+12
2.630267991895381710e+05 1.624387481750484570e+13 -6.442488616756294922e+12
2.691534803926913883e+05 1.582408206926789648e+13 -6.219369472910566406e+12
2.754228703338168561e+05 1.541000053927017773e+13 -6.003935154400193359e+12
2.818382931264454965e+05 1.500179112291443555e+13 -5.795799185224614258e+12
2.884031503126604948e+05 1.459964232217180664e+13 -5.594767917917750000e+12
2.951209226666384493e+05 1.420371626830344727e+13 -5.400624660788617188e+12
3.019951720402018982e+05 1.381412939871422656e+13 -5.213063418353212891e+12
3.090295432513591950e+05 1.343099094504227734e+13 -5.031798643163186523e+12
3.162277660168380244e+05 1.305443909967834180e+13 -4.856669693623345703e+12
3.235936569296281086e+05 1.268457025139215234e+13 -4.687462893793338867e+12
3.311311214825914358e+05 1.232143730598238672e+13 -4.523907579396781250e+12
3.388441561392028234e+05 1.196512830113045703e+13 -4.365830417066362793e+12
3.467368504525316530e+05 1.161571749283482617e+13 -4.213068949537904297e+12
3.548133892335752607e+05 1.127322494243758203e+13 -4.065399528927253418e+12
3.630780547701016767e+05 1.093769002060859180e+13 -3.922648507203291992e+12
3.715352290971727343e+05 1.060915819080674219e+13 -3.784677193684649414e+12
3.801893963205612963e+05 1.028761940469643555e+13 -3.651295030938824219e+12
3.890451449942804757e+05 9.973081572047617188e+12 -3.522349506110562012e+12
3.981071705534976791e+05 9.665556287762914062e+12 -3.397712333084885742e+12
4.073802778041129350e+05 9.365003845717753906e+12 -3.277215076573420898e+12
4.168693834703355096e+05 9.071415019794498047e+12 -3.160733722564188477e+12
4.265795188015924650e+05 8.784761448694033203e+12 -3.048141049616777344e+12
4.365158322401656769e+05 8.504985558899900391e+12 -2.939293805023138672e+12
4.466835921509634354e+05 8.232061375662297852e+12 -2.834087856377800781e+12
4.570881896148751839e+05 7.965919083434775391e+12 -2.732393275926924316e+12
4.677351412871980574e+05 7.706505382006053711e+12 -2.634101701244048340e+12
4.786300923226380255e+05 7.453755699941767578e+12 -2.539106037038688477e+12
4.897788193684466532e+05 7.207589513715072266e+12 -2.447294615039768555e+12
5.011872336272724788e+05 6.967941662494703125e+12 -2.358574643806395996e+12
5.128613839913648553e+05 6.734716652652745117e+12 -2.272839190538176270e+12
5.248074602497722954e+05 6.507841351466933594e+12 -2.190002137683451416e+12
5.370317963702531997e+05 6.287213153025083008e+12 -2.109964483634312988e+12
5.495408738576248288e+05 6.072749121643084961e+12 -2.032644369885747314e+12
5.623413251903490163e+05 5.864341990313782227e+12 -1.957950507056104248e+12
5.754399373371566180e+05 5.661900656861031250e+12 -1.885805300280733643e+12
5.888436553555895807e+05 5.465313957051403320e+12 -1.816124119442026367e+12
6.025595860743580852e+05 5.274484207454169922e+12 -1.748833302674363281e+12
6.165950018614821602e+05 5.089298226779502930e+12 -1.683854402329478516e+12
6.309573444801929872e+05 4.909651809292228516e+12 -1.621116971231191895e+12
6.456542290346563095e+05 4.735432697816207031e+12 -1.560549268387366211e+12
6.606934480075964238e+05 4.566529214885504883e+12 -1.502082637439314209e+12
6.760829753919818904e+05 4.402831579552450195e+12 -1.445651618045837402e+12
6.918309709189363057e+05 4.244223910157187988e+12 -1.391190221597585449e+12
7.079457843841387657e+05 4.090595556901074219e+12 -1.338637153540169922e+12
7.244359600749905221e+05 3.941832570733783203e+12 -1.287931484182371582e+12
7.413102413009178126e+05 3.797820056561051270e+12 -1.239013630293287598e+12
7.585775750291835284e+05 3.658446651630786621e+12 -1.191827087925110107e+12
7.762471166286912048e+05 3.523599349566305664e+12 -1.146316095767427002e+12
7.943282347242820542e+05 3.396943339710446289e+12 -1.103265345591259277e+12
8.128305161640995648e+05 3.268450160406659668e+12 -1.060424950679066772e+12
8.317637711026706966e+05 3.144817422893230469e+12 -1.019247685856383789e+12
8.511380382023758721e+05 3.025861272241543945e+12 -9.796690001922336426e+11
8.709635899560814723e+05 2.911404808226588379e+12 -9.416268476324846191e+11
8.912509381337459199e+05 2.801277822248208496e+12 -9.050615898187890625e+11
9.120108393559096148e+05 2.695133062067392578e+12 -8.698699867989432373e+11
9.332543007969903992e+05 2.592620328591609375e+12 -8.359557448064128418e+11
9.549925860214368440e+05 2.493637268514124512e+12 -8.032771558103286133e+11
9.772372209558112081e+05 2.398090176890261230e+12 -7.717961833020041504e+11
1.000000000000000000e+06 2.305890325615120117e+12 -7.414770268406977539e+11
1.023292992280753562e+06 2.216949859872210938e+12 -7.122846639328254395e+11
1.047128548050900572e+06 2.131177670764071045e+12 -6.841831763729128418e+11
1.071519305237607099e+06 2.048474360502052734e+12 -6.571339786692797852e+11
1.096478196143185254e+06 1.968734338356017090e+12 -6.310964097145531006e+11
1.122018454301962862e+06 1.891858513719200439e+12 -6.060327502700010986e+11
1.148153621496883919e+06 1.817753373871762695e+12 -5.819086462582335205e+11
1.174897554939530324e+06 1.746345169564165771e+12 -5.586959137335012207e+11
1.202264434617413208e+06 1.677559980982971924e+12 -5.363663481585708008e+11
1.230268770812381059e+06 1.611316466076508057e+12 -5.148895581280551758e+11
1.258925411794168642e+06 1.547524652690946045e+12 -4.942325884202628174e+11
1.288249551693134708e+06 1.486092208058227539e+12 -4.743620458601242676e+11
1.318256738556407625e+06 1.426934421307860107e+12 -4.552474678406732178e+11
1.348962882591653150e+06 1.369975212726455811e+12 -4.368616942854440308e+11
1.380384264602886513e+06 1.315147455159278564e+12 -4.191810143469148560e+11
1.412537544622755144e+06 1.262389408222237061e+12 -4.021839012722781372e+11
1.445439770745927934e+06 1.211632499647342285e+12 -3.858465878344299927e+11
1.479108388168207137e+06 1.162805397095414551e+12 -3.701444052185599365e+11
1.513561248436207185e+06 1.115839699907020752e+12 -3.550537283940641479e+11
1.548816618912482634e+06 1.070669956686757446e+12 -3.405519892064412231e+11
1.584893192461113911e+06 1.027233504598788086e+12 -3.266176304613032837e+11
1.621810097358929925e+06 9.854703655473282471e+11 -3.132300799619292603e+11
1.659586907437559683e+06 9.453231007119362793e+11 -3.003696947377554932e+11
1.698243652461746009e+06 9.067353036656252441e+11 -2.880172488477189941e+11
1.737800828749376349e+06 8.696510903496440430e+11 -2.761537707038269653e+11
1.778279410038922913e+06 8.340147619876196289e+11 -2.647604402946105957e+11
1.819700858609982301e+06 7.997714297574556885e+11 -2.538188046529906616e+11
1.862087136662869249e+06 7.668720083869925537e+11 -2.433124307805247498e+11
1.905460717963248026e+06 7.352704448328485107e+11 -2.332259544858525391e+11
1.949844599758045282e+06 7.049196028042790527e+11 -2.235436915672808533e+11
1.995262314968878869e+06 6.761074010969827881e+11 -2.143429689958300781e+11
2.041737944669531891e+06 6.479051390342080078e+11 -2.053636141517708130e+11
2.089296130854040850e+06 6.208792697707315674e+11 -1.967604237615511475e+11
2.137962089502232615e+06 5.949807227559895020e+11 -1.885176396063750000e+11
2.187761623949551955e+06 5.701624743066024170e+11 -1.806201636032319641e+11
2.238721138568342198e+06 5.463794622259006348e+11 -1.730535301510062561e+11
2.290867652767774183e+06 5.235728962859667969e+11 -1.657994705450435791e+11
2.344228815319922753e+06 5.016862360336439819e+11 -1.588405478089689941e+11
2.398832919019490015e+06 4.806844373868515625e+11 -1.521653030223537292e+11
2.454708915685033426e+06 4.605334970607823486e+11 -1.457626368271021118e+11
2.511886431509581394e+06 4.412681177081069946e+11 -1.396414312332575073e+11
2.570395782768864650e+06 4.227665504995886841e+11 -1.337652844740902252e+11
2.630267991895381361e+06 4.050028163369926147e+11 -1.281255963597594910e+11
2.691534803926913533e+06 3.879514018903616333e+11 -1.227139515342105713e+11
2.754228703338169027e+06 3.715873447944814453e+11 -1.175221435683614044e+11
2.818382931264454965e+06 3.558862628988869019e+11 -1.125421814606921539e+11
2.884031503126605414e+06 3.408241497344447021e+11 -1.077662274335381622e+11
2.951209226666383911e+06 3.263775954834516602e+11 -1.031866578232872314e+11
3.019951720402019098e+06 3.125237222135070801e+11 -9.879604144589038086e+10
3.090295432513591833e+06 2.992402560564197998e+11 -9.458716054318693542e+10
3.162277660168379545e+06 2.865055371543181152e+11 -9.055301172139810181e+10
3.235936569296280853e+06 2.742565666479478760e+11 -8.667465773981202698e+10
3.311311214825914241e+06 2.625289973702622070e+11 -8.296174383095463562e+10
3.388441561392027419e+06 2.513001566057451782e+11 -7.940707252634294128e+10
3.467368504525316879e+06 2.405483487190612793e+11 -7.600375684202334595e+10
3.548133892335752957e+06 2.302528254915996399e+11 -7.274521051185185242e+10
3.630780547701017465e+06 2.203937550287035828e+11 -6.962513785067108154e+10
3.715352290971728042e+06 2.109523317574720154e+11 -6.663756499711840820e+10
3.801893963205612730e+06 2.019105854612348328e+11 -6.377678305581606293e+10
3.890451449942804873e+06 1.932513840503564148e+11 -6.103734802126967621e+10
3.981071705534976907e+06 1.849583994501121521e+11 -5.841406995459326172e+10
4.073802778041129466e+06 1.770160731156882019e+11 -5.590200208306002045e+10
4.168693834703354631e+06 1.694095816424738770e+11 -5.349642996663197327e+10
4.265795188015925698e+06 1.621247974343992920e+11 -5.119285920092976379e+10
4.365158322401665151e+06 1.551482417072858887e+11 -4.898700099956425476e+10
4.466835921509635635e+06 1.484670420941388550e+11 -4.687475913864208984e+10
4.570881896148752421e+06 1.420688942642455750e+11 -4.485221808900509644e+10
4.677351412871981040e+06 1.359420274145044403e+11 -4.291563230793845367e+10
4.786300923226380721e+06 1.300751728837811279e+11 -4.106141646191190338e+10
4.897788193684465252e+06 1.244575357610679169e+11 -3.928613654286214447e+10
5.011872336272724904e+06 1.190787691158656006e+11 -3.758650176868128204e+10
5.128613839913647622e+06 1.139289504782733307e+11 -3.595935716571356201e+10
5.248074602497722022e+06 1.089985603959037781e+11 -3.440167678091996002e+10
5.370317963702532463e+06 1.042784629521118927e+11 -3.291055748968693542e+10
5.495408738576248288e+06 9.975988847345793152e+10 -3.148321347173804092e+10
5.623413251903491095e+06 9.543442460000776672e+10 -3.011697322403118134e+10
5.754399373371565714e+06 9.129400675230720520e+10 -2.880927639608376312e+10
5.888436553555896506e+06 8.733090610539788818e+10 -2.755766986699643326e+10
6.025595860743580386e+06 8.353771588045266724e+10 -2.635980331453932953e+10
6.165950018614822067e+06 7.990733687170986938e+10 -2.521342455988466263e+10
6.309573444801929407e+06 7.643296277632392883e+10 -2.411637486018202972e+10
6.456542290346561931e+06 7.310806589407885742e+10 -2.306658432969557571e+10
6.606934480075964704e+06 6.992638359427824402e+10 -2.206206760844575119e+10
6.760829753919817507e+06 6.688190594157617188e+10 -2.110091990005277252e+10
6.918309709189362824e+06 6.396886429648272705e+10 -2.018131331676332092e+10
7.079457843841387890e+06 6.118172204699217987e+10 -1.930149388587265396e+10
7.244359600749905221e+06 5.851515680976208496e+10 -1.845977592062633133e+10
7.413102413009177893e+06 5.596404542180900574e+10 -1.765453726906063843e+10
7.585775750291835517e+06 5.352345505434046173e+10 -1.688421646756766129e+10
7.762471166286926717e+06 5.118863838672257233e+10 -1.614731115640273666e+10
7.943282347242821939e+06 4.895503096693005371e+10 -1.544237717561907387e+10
8.128305161640995182e+06 4.681824942306543732e+10 -1.476802793053055573e+10
8.317637711026708595e+06 4.477408972023296356e+10 -1.412293377195641518e+10
8.511380382023759186e+06 4.281852488806586456e+10 -1.350582121572966003e+10
8.709635899560812861e+06 4.094770158104620361e+10 -1.291547180526784325e+10
8.912509381337458268e+06 3.915793565582678223e+10 -1.235072067674666595e+10
9.120108393559096381e+06 3.744570386018051147e+10 -1.181045392680260658e+10
9.332543007969904691e+06 3.580764077161183167e+10 -1.129360761142059898e+10
9.549925860214367509e+06 3.424053509786285782e+10 -1.079916654706432152e+10
9.772372209558112547e+06 3.274132319212598038e+10 -1.032616224940837097e+10
1.000000000000000000e+07 3.130708106139488983e+10 -9.873670407233245850e+09
1.023292992280753516e+07 2.993501607790394974e+10 -9.440808269208902359e+09
1.047128548050900735e+07 2.862245912396940613e+10 -9.026732168425462723e+09
1.071519305237606913e+07 2.736685728841887665e+10 -8.630635221758636475e+09
1.096478196143184789e+07 2.616576712374266052e+10 -8.251745204531210899e+09
1.122018454301963001e+07 2.501684869804244614e+10 -7.889322673375351906e+09
1.148153621496883966e+07 2.391786002250783157e+10 -7.542659206402597427e+09
1.174897554939530417e+07 2.286665611275840759e+10 -7.211077079868311882e+09
1.202264434617413022e+07 2.186118677261064148e+10 -6.893928549157309532e+09
1.230268770812381059e+07 2.089949292908766174e+10 -6.590594682414600372e+09
1.258925411794168688e+07 1.997970249141389465e+10 -6.300484049167213440e+09
1.288249551693134755e+07 1.910002598876000214e+10 -6.023031343355428696e+09
1.318256738556407206e+07 1.825875210561388779e+10 -5.757695975861392021e+09
1.348962882591653243e+07 1.745424315649960327e+10 -5.503960649592240334e+09
1.380384264602886513e+07 1.668493071081974792e+10 -5.261329982081133842e+09
1.412537544622755423e+07 1.594931163399392509e+10 -5.029329258156678200e+09
1.445439770745928027e+07 1.524594462896332359e+10 -4.807503337184694290e+09
1.479108388168207183e+07 1.457344757740983200e+10 -4.595415808900942802e+09
1.513561248436207138e+07 1.393049305113747215e+10 -4.392647583290397644e+09
1.548816618912482820e+07 1.331580461592585754e+10 -4.198795727617568016e+09
1.584893192461114004e+07 1.272815469798618317e+10 -4.013472789106318951e+09
1.621810097358929925e+07 1.216636347301551056e+10 -3.836306435366908073e+09
1.659586907437559590e+07 1.162929819767122078e+10 -3.666939231973738670e+09
1.698243652461745963e+07 1.111587255086705399e+10 -3.505028422961348534e+09
1.737800828749376163e+07 1.062504588482876587e+10 -3.350245683511220455e+09
1.778279410038922727e+07 1.015582236682103920e+10 -3.202276839708170414e+09
1.819700858609982580e+07 9.707249909468465805e+09 -3.060821524096265793e+09
1.862087136662868783e+07 9.278418829578620911e+09 -2.925592748804002285e+09
1.905460717963248491e+07 8.868460177092567444e+09 -2.796316377077937126e+09
1.949844599758045748e+07 8.476544325976004601e+09 -2.672730676296187401e+09
1.995262314968878776e+07 8.101879374335941315e+09 -2.554585812164205551e+09
2.041737944669532031e+07 7.743709279173994064e+09 -2.441643261086306095e+09
2.089296130854040757e+07 7.401311879552419662e+09 -2.333675188381414413e+09
2.137962089502232149e+07 7.073996971929976463e+09 -2.230463843160739899e+09
2.187761623949551582e+07 6.761104580729012489e+09 -2.131801014430916071e+09
2.238721138568342105e+07 6.462003434967435837e+09 -2.037487551703414202e+09
2.290867652767774835e+07 6.176089581358394623e+09 -1.947332928077478886e+09
2.344228815319922939e+07 5.902785121636734009e+09 -1.861154841841033697e+09
2.398832919019489735e+07 5.641537060859901428e+09 -1.778778852435185909e+09
2.454708915685033053e+07 5.391816257803410530e+09 -1.700038048429340839e+09
2.511886431509582326e+07 5.153116462598650932e+09 -1.624772743142159939e+09
2.570395782768864557e+07 4.924953407847455025e+09 -1.552830187261310101e+09
2.630267991895381361e+07 4.706863913363431931e+09 -1.484064285822695732e+09
2.691534803926913440e+07 4.498405007325901985e+09 -1.418335320452294827e+09
2.754228703338168934e+07 4.299153087017466545e+09 -1.355509684253345013e+09
2.818382931264454871e+07 4.108703110458230495e+09 -1.295459626492684603e+09
2.884031503126605600e+07 3.926667788234395504e+09 -1.238062997292576075e+09
2.951209226666383818e+07 3.752676801651927471e+09 -1.183203000774828911e+09
3.019951720402019098e+07 3.586376052967162609e+09 -1.130767958544365406e+09
3.090295432513592020e+07 3.427426950320441246e+09 -1.080651084121550322e+09
3.162277660168379173e+07 3.275505724872239590e+09 -1.032750267544259310e+09
3.235936569296280667e+07 3.130302776396686554e+09 -9.869678689382746220e+08
3.311311214825914800e+07 2.991522050285098553e+09 -9.432105217397823334e+08
3.388441561392027140e+07 2.858880454536398888e+09 -9.013889485149103403e+08
3.467368504525316507e+07 2.732107310367464542e+09 -8.614177875639253855e+08
3.548133892335753143e+07 2.610943819856743813e+09 -8.232154248191789389e+08
3.630780547701017559e+07 2.495142543175031185e+09 -7.867038288382027149e+08
3.715352290971727669e+07 2.384466905837801456e+09 -7.518083954958674908e+08
3.801893963205612451e+07 2.278690725108464241e+09 -7.184577985726963282e+08
3.890451449942804873e+07 2.177597753809215069e+09 -6.865838456645916700e+08
3.981071705534976721e+07 2.080981245687329054e+09 -6.561213411456058025e+08
4.073802778041129559e+07 1.988643540481460094e+09 -6.270079553047080040e+08
4.168693834703355283e+07 1.900395667406752586e+09 -5.991840990451010466e+08
4.265795188015925884e+07 1.816056966728523254e+09 -5.725928046103910208e+08
4.365158322401665896e+07 1.735454727041962862e+09 -5.471796112825291157e+08
4.466835921509634703e+07 1.658423837698810816e+09 -5.228924555912852883e+08
4.570881896148751676e+07 1.584806455048524380e+09 -4.996815658770912886e+08
4.677351412871980667e+07 1.514451686151511908e+09 -4.774993625697512031e+08
4.786300923226380348e+07 1.447215283249021292e+09 -4.563003618131621480e+08
4.897788193684465438e+07 1.382959352533922672e+09 -4.360410835203614831e+08
5.011872336272724718e+07 1.321552076597481012e+09 -4.166799639375999570e+08
5.128613839913648367e+07 1.262867447691041470e+09 -3.981772714979208708e+08
5.248074602497722208e+07 1.206785013034833670e+09 -3.804950262896042466e+08
5.370317963702532649e+07 1.153189631344224691e+09 -3.635969233966323137e+08
5.495408738576248288e+07 1.101971239762144566e+09 -3.474482593191930056e+08
5.623413251903490722e+07 1.053024631248584270e+09 -3.320158616477618814e+08
5.754399373371566832e+07 1.006249241334569335e+09 -3.172680219447968602e+08
5.888436553555896133e+07 9.615489460116317272e+08 -3.031744322010419965e+08
6.025595860743580759e+07 9.188318673768577576e+08 -2.897061234221699238e+08
6.165950018614823371e+07 8.780101880127751827e+08 -2.768354069348934293e+08
6.309573444801929593e+07 8.389999728975583315e+08 -2.645358184107964933e+08
6.456542290346561372e+07 8.017209987916895151e+08 -2.527820640028244257e+08
6.606934480075964332e+07 7.660965912903476954e+08 -2.415499687889963388e+08
6.760829753919818997e+07 7.320534685002354383e+08 -2.308164277039902210e+08
6.918309709189362824e+07 6.995215915348125696e+08 -2.205593583424349427e+08
7.079457843841388822e+07 6.684340215404295921e+08 -2.107576558832965195e+08
7.244359600749905407e+07 6.387267825987143517e+08 -2.013911499674951732e+08
7.413102413009177148e+07 6.103387301395339966e+08 -1.924405630593240857e+08
7.585775750291836262e+07 5.832114232364591360e+08 -1.838874700592084825e+08
7.762471166286925972e+07 5.572890031828615665e+08 -1.757142600689000785e+08
7.943282347242818773e+07 5.325180778350042701e+08 -1.679040999949074388e+08
8.128305161640995741e+07 5.088476073165631890e+08 -1.604408982862579525e+08
8.317637711026707292e+07 4.862288184607076645e+08 -1.533092782190507352e+08
8.511380382023777068e+07 4.646150844170078039e+08 -1.464945397769230306e+08
8.709635899560812116e+07 4.439618310993430614e+08 -1.399826300646508336e+08
8.912509381337459385e+07 4.242264476940780282e+08 -1.337601150947102755e+08
9.120108393559095263e+07 4.053681663465437293e+08 -1.278141416439371109e+08
9.332543007969903946e+07 3.873481985427188873e+08 -1.221324816611894220e+08
9.549925860214368999e+07 3.701292784476528168e+08 -1.167033857484564036e+08
9.772372209558111429e+07 3.536757968171396852e+08 -1.115156267979938239e+08
1.000000000000000000e+08 3.379537273567343950e+08 -1.065584767752119750e+08
