# mphi[eV]; Yb X-coefficients [Hz]:	Yb+:S1/2->D5/2; Yb+:S1/2->F7/2;
1	-3149410968387.54	25714094266684.6
1.0232929923	-3149500347488.03	25719045456248
1.0471285481	-3149587507523.08	25723850027057.1
1.0715193052	-3149672460356.05	25728509400565.6
1.0964781961	-3149755217850.26	25733024998227.6
1.1220184543	-3149835791869.08	25737398241497.1
1.1481536215	-3149914194275.84	25741630551828
1.1748975549	-3149990436933.88	25745723350674.3
1.2022644346	-3150064531706.56	25749678059489.8
1.2302687708	-3150136490457.22	25753496099728.6
1.2589254118	-3150206325049.19	25757178892844.7
1.2882495517	-3150274047345.83	25760727860291.9
1.3182567386	-3150339669210.48	25764144423524.2
1.3489628826	-3150403202506.47	25767430003995.6
1.3803842646	-3150464659097.17	25770586023160.1
1.4125375446	-3150524050845.91	25773613902471.5
1.4454397707	-3150581389616.04	25776515063383.9
1.4791083882	-3150636687270.89	25779290927351.2
1.5135612484	-3150689955673.82	25781942915827.4
1.5488166189	-3150741206688.16	25784472450266.3
1.5848931925	-3150790452177.27	25786880952122
1.6218100974	-3150837704004.49	25789169842848.5
1.6595869074	-3150882974033.16	25791340543899.6
1.6982436525	-3150926274126.61	25793394476729.3
1.7378008287	-3150967616148.22	25795333062791.7
1.77827941	-3151007011961.31	25797157723540.5
1.8197008586	-3151044473429.23	25798869880429.9
1.8620871367	-3151080012415.32	25800470954913.7
1.905460718	-3151113640782.93	25801962368445.9
1.9498445998	-3151145370395.4	25803345542480.4
1.995262315	-3151175213116.08	25804621898471.3
2.0417379447	-3151203180808.31	25805792857872.4
2.0892961309	-3151229285335.43	25806859842137.8
2.1379620895	-3151253538560.78	25807824272721.3
2.1877616239	-3151275952347.72	25808687571076.9
2.2387211386	-3151296538559.6	25809451158658.6
2.2908676528	-3151315309059.74	25810116456920.4
2.3442288153	-3151332275711.5	25810684887316.1
2.398832919	-3151347450378.22	25811157871299.8
2.4547089157	-3151360844923.24	25811536830325.4
2.5118864315	-3151372471209.91	25811823185846.9
2.5703957828	-3151382341101.58	25812018359318.1
2.6302679919	-3151390466461.58	25812123772193.2
2.6915348039	-3151396859153.27	25812140845925.9
2.7542287033	-3151401531039.98	25812071001970.3
2.8183829313	-3151404493985.06	25811915661780.4
2.8840315031	-3151405759851.86	25811676246810
2.9512092267	-3151405340503.72	25811354178513.1
3.0199517204	-3151403247803.97	25810950878343.8
3.0902954325	-3151399493615.98	25810467767755.9
3.1622776602	-3151394089803.08	25809906268203.4
3.2359365693	-3151387048228.61	25809267801140.2
3.3113112148	-3151378380755.93	25808553788020.4
3.3884415614	-3151368099248.36	25807765650297.8
3.4673685045	-3151356215569.28	25806904809426.4
3.5481338923	-3151342741582	25805972686860.3
3.6307805477	-3151327689149.88	25804970704053.2
3.715352291	-3151311070136.26	25803900282459.2
3.8018939632	-3151292896404.49	25802762843532.3
3.8904514499	-3151273179817.9	25801559808726.3
3.9810717055	-3151251932239.86	25800292599495.3
4.073802778	-3151229165533.69	25798962637293.2
4.1686938347	-3151204891562.75	25797571343573.9
4.265795188	-3151179122190.38	25796120139791.5
4.3651583224	-3151151869279.92	25794610447399.8
4.4668359215	-3151123144694.71	25793043687852.8
4.5708818961	-3151092960298.1	25791421282604.5
4.6773514129	-3151061327953.45	25789744653108.8
4.7863009232	-3151028259524.08	25788015220819.8
4.8977881937	-3150993766873.34	25786234407191.2
5.0118723363	-3150957861864.57	25784403633677.2
5.1286138399	-3150920556361.13	25782524321731.5
5.2480746025	-3150881862226.37	25780597892808.3
5.3703179637	-3150841791323.6	25778625768361.4
5.4954087386	-3150800355516.2	25776609369844.9
5.6234132519	-3150757566667.5	25774550118712.6
5.7543993734	-3150713436640.83	25772449436418.5
5.8884365536	-3150667977299.56	25770308744416.6
6.0255958607	-3150621200507.02	25768129464160.8
6.1659500186	-3150573118126.55	25765913017105.1
6.3095734448	-3150523742021.51	25763660824703.5
6.4565422903	-3150473084055.23	25761374308409.8
6.6069344801	-3150421156091.06	25759054889678.1
6.7608297539	-3150367969992.34	25756703989962.2
6.9183097092	-3150313537622.43	25754323030716.2
7.0794578438	-3150257870844.65	25751913433394.1
7.2443596007	-3150200981522.36	25749476619449.7
7.413102413	-3150142881518.91	25747014010337
7.5857757503	-3150083582697.62	25744527027510
7.7624711663	-3150023096921.86	25742017092422.6
7.9432823472	-3149961436054.96	25739485626528.7
8.1283051616	-3149898611960.27	25736934051282.5
8.317637711	-3149834636501.13	25734363788137.7
8.511380382	-3149769521540.9	25731776258548.3
8.7096358996	-3149703278942.89	25729172883968.4
8.9125093813	-3149635920570.48	25726555085851.8
9.1201083936	-3149567458287	25723924285652.5
9.332543008	-3149497903955.78	25721281904824.5
9.5499258602	-3149427269440.19	25718629364821.7
9.7723722096	-3149355566603.56	25715968087098
10	-3149282807309.24	25713299493107.5
10.2329299228	-3149209003420.57	25710625004304.1
10.4712854805	-3149134166800.89	25707946042141.7
10.7151930524	-3149058309313.55	25705264028074.3
10.9647819614	-3148981442821.9	25702580383555.8
11.220184543	-3148903579189.28	25699896530040.3
11.481536215	-3148824730279.02	25697213888981.6
11.7489755494	-3148744907954.49	25694533881833.7
12.0226443462	-3148664124079.02	25691857930050.5
12.3026877081	-3148582390515.94	25689187455086.1
12.5892541179	-3148499719128.63	25686523878394.4
12.8824955169	-3148416121780.41	25683868621429.2
13.1825673856	-3148331610334.62	25681223105644.7
13.4896288259	-3148246196654.62	25678588752494.7
13.803842646	-3148159892603.74	25675966983433.1
14.1253754462	-3148072710045.34	25673359219914.1
14.4543977075	-3147984660842.75	25670766883391.4
14.7910838817	-3147895756859.33	25668191395319
15.1356124844	-3147806009958.4	25665634177151
15.4881661891	-3147715432003.33	25663096650341.3
15.8489319246	-3147624034857.45	25660580236343.7
16.2181009736	-3147531830384.1	25658086356612.3
16.5958690744	-3147438830446.63	25655616432601.1
16.9824365246	-3147345046908.4	25653171885763.9
17.3780082875	-3147250491632.73	25650754137554.8
17.7827941004	-3147155176482.98	25648364609427.6
18.1970085861	-3147059113322.48	25646004722836.4
18.6208713666	-3146962314014.59	25643675899235.1
19.0546071796	-3146864790422.64	25641379560077.7
19.4984459976	-3146766554409.99	25639117126818
19.9526231497	-3146667617839.97	25636890020910.2
20.4173794467	-3146567992575.94	25634699663808
20.8929613085	-3146467690481.22	25632547476965.5
21.379620895	-3146366723419.18	25630434881836.6
21.8776162395	-3146265103253.15	25628363299875.3
22.3872113857	-3146162841846.47	25626334152535.6
22.9086765277	-3146059951062.5	25624348861271.3
23.4422881532	-3145956442764.58	25622408847536.5
23.9883291902	-3145852328816.04	25620515532785
24.5470891569	-3145747621080.24	25618670338470.9
25.1188643151	-3145642331420.51	25616874686048.2
25.7039578277	-3145536471700.22	25615129996970.7
26.302679919	-3145430053782.69	25613437692692.4
26.9153480393	-3145323089531.26	25611799194667.2
27.5422870334	-3145215590809.3	25610215924349.2
28.1838293126	-3145107569480.14	25608689303192.3
28.8403150313	-3144999037407.11	25607220752650.4
29.5120922667	-3144890006453.59	25605811694177.5
30.199517204	-3144780488482.89	25604463549227.6
30.9029543251	-3144670495358.37	25603177739254.5
31.6227766017	-3144560038943.37	25601955685712.3
32.359365693	-3144449131101.24	25600798810054.9
33.1131121483	-3144337783695.32	25599708533736.3
33.8844156139	-3144226008588.95	25598686278210.3
34.6736850453	-3144113817645.49	25597733464931.1
35.4813389234	-3144001222728.26	25596851515352.5
36.307805477	-3143888235700.63	25596041850928.4
37.1535229097	-3143774868425.92	25595305893112.9
38.0189396321	-3143661132767.5	25594645063359.9
38.9045144994	-3143547040588.68	25594060783123.3
39.8107170553	-3143432603752.84	25593554473857.1
40.7380277804	-3143317834123.31	25593127557015.2
41.686938347	-3143202743563.43	25592781454051.7
42.6579518802	-3143087343936.55	25592517586420.4
43.651583224	-3142971647106.01	25592337375575.4
44.6683592151	-3142855664935.15	25592242242970.5
45.7088189615	-3142739409287.33	25592233610059.7
46.7735141287	-3142622892025.88	25592312898297
47.8630092323	-3142506125014.15	25592481529136.4
48.9778819368	-3142389120115.48	25592740924031.7
50.1187233627	-3142271889193.23	25593092504437
51.2861383991	-3142154444110.72	25593537691806.2
52.480746025	-3142036796731.31	25594077907593.2
53.703179637	-3141918958918.34	25594714573252
54.9540873858	-3141800942535.16	25595449110236.6
56.234132519	-3141682759445.1	25596282940000.9
57.5439937337	-3141564421511.52	25597217483998.9
58.8843655356	-3141445940597.76	25598254163684.5
60.2559586074	-3141327328567.15	25599394400511.7
61.6595001861	-3141208597283.06	25600639615934.4
63.095734448	-3141089758608.81	25601991231406.6
64.5654229035	-3140970824407.76	25603450668382.2
66.0693448008	-3140851806543.25	25605019348315.3
67.6082975392	-3140732693322.6	25606698485562.6
69.1830970919	-3140612697901.27	25608482479592.4
70.7945784384	-3140490101015.94	25610357532343.7
72.4435960075	-3140363128057.03	25612309359168.7
74.1310241301	-3140230004414.96	25614323675419.6
75.8577575029	-3140088955480.18	25616386196448.6
77.6247116629	-3139938206643.09	25618482637608.1
79.4328234724	-3139775983294.12	25620598714250.2
81.2830516164	-3139600510823.72	25622720141727.2
83.1763771103	-3139410014622.28	25624832635391.4
85.1138038202	-3139202720080.25	25626921910594.9
87.0963589956	-3138976852588.04	25628973682690
89.1250938134	-3138730637536.08	25630973667029
91.2010839356	-3138462300314.8	25632907578964.1
93.3254300797	-3138170066314.62	25634761133847.5
95.4992586021	-3137852160925.98	25636520047031.6
97.7237220956	-3137506809539.3	25638170033868.4
100	-3137132237544.98	25639696809710.4
102.3292992281	-3136726670333.47	25641086089909.6
104.7128548051	-3136288333295.19	25642323589818.4
107.1519305238	-3135815451820.58	25643395024789
109.6478196143	-3135306251300.03	25644286110173.7
112.2018454302	-3134758957124.01	25644982561324.6
114.8153621497	-3134171794682.91	25645470093594
117.489755494	-3133542989367.17	25645734422334.2
120.2264434617	-3132870766567.21	25645761262897.5
123.0268770812	-3132153351673.46	25645536330635.9
125.8925411794	-3131388970076.35	25645045340901.9
128.8249551693	-3130575847166.3	25644274009047.6
131.8256738556	-3129712208333.72	25643208050425.3
134.8962882592	-3128796278969.06	25641833180387.2
138.0384264603	-3127826284462.74	25640135114285.6
141.2537544623	-3126800450205.18	25638099567472.7
144.5439770746	-3125717001586.8	25635712255300.7
147.9108388168	-3124574163998.04	25632958893121.9
151.3561248436	-3123370162829.32	25629825196288.6
154.8816618912	-3122103223471.06	25626296880152.9
158.4893192461	-3120771571313.69	25622359660067.1
162.1810097359	-3119373431747.63	25617999251383.5
165.9586907438	-3117907030163.31	25613201369454.3
169.8243652462	-3116370591951.16	25607951729631.8
173.7800828749	-3114762342501.6	25602236047268.1
177.8279410039	-3113080507205.06	25596040037715.5
181.970085861	-3111323311451.96	25589349416326.4
186.2087136663	-3109488980632.72	25582149898452.8
190.5460717963	-3107575740137.78	25574427199447.1
194.9844599758	-3105581815357.55	25566167034661.5
199.5262314969	-3103505431682.47	25557355119448.2
204.173794467	-3101344814502.96	25547977169159.5
208.9296130854	-3099098189209.45	25538018899147.7
213.7962089502	-3096763781192.35	25527466024764.9
218.776162395	-3094339815842.09	25516304261363.4
223.8721138568	-3091824518549.11	25504519324295.5
229.0867652768	-3089216114703.83	25492096928913.3
234.422881532	-3086512829696.67	25479022790569.2
239.8832919019	-3083712888918.05	25465282624615.4
245.4708915685	-3080814517758.41	25450862146404
251.188643151	-3077815941608.16	25435747071287.5
257.0395782769	-3074715385857.74	25419923114618
263.0267991895	-3071511075897.57	25403375991747.6
269.1534803927	-3068201237118.07	25386091418028.8
275.4228703338	-3064784094909.68	25368055108813.8
281.8382931264	-3061257874662.81	25349252779454.6
288.4031503127	-3057620801767.89	25329670145303.8
295.1209226666	-3053871101615.34	25309292921713.3
301.9951720402	-3050006999595.6	25288106824035.6
309.0295432514	-3046026721099.08	25266097567622.8
316.2277660168	-3041927661929.14	25243248005000.7
323.5936569296	-3037700293670.87	25219517093873.5
331.1311214826	-3033331644470.18	25194851908962.5
338.8441561392	-3028808717455.95	25169199438657.9
346.7368504525	-3024118515757.12	25142506671350
354.8133892336	-3019248042502.6	25114720595428.8
363.0780547701	-3014184300821.28	25085788199284.6
371.5352290972	-3008914293842.1	25055656471307.6
380.1893963206	-3003425024693.95	25024272399887.8
389.0451449943	-2997703496505.75	24991582973415.6
398.1071705535	-2991736712406.4	24957535180281.1
407.3802778041	-2985511675524.83	24922076008874.4
416.8693834703	-2979015388989.95	24885152447585.8
426.5795188016	-2972234855930.65	24846711484805.3
436.5158322402	-2965157079475.87	24806700108923.3
446.683592151	-2957769062754.49	24765065308329.9
457.0881896149	-2950057808895.45	24721754071415.1
467.7351412872	-2942010321027.64	24676713386569.4
478.6300923226	-2933613602279.99	24629890242182.7
489.7788193684	-2924854655781.4	24581231626645.3
501.1872336273	-2915720484660.79	24530684528347.4
512.8613839914	-2906198092047.06	24478195935679.1
524.8074602498	-2896274481069.13	24423712837030.7
537.0317963703	-2885936654855.91	24367182220792.3
549.5408738576	-2875171616536.31	24308551075354
562.3413251903	-2863966369239.24	24247766389106.1
575.4399373372	-2852307916093.61	24184775150438.7
588.8436553556	-2840183260228.34	24119524347742.1
602.5595860744	-2827579404772.33	24051960969406.3
616.5950018615	-2814483352854.5	23982032003821.6
630.9573444802	-2800882107603.76	23909684439378.2
645.6542290347	-2786762672149.02	23834865264466.1
660.6934480076	-2772112049619.19	23757521467475.7
676.082975392	-2756917243143.18	23677600036797.1
691.8309709189	-2741165255849.91	23595047960820.5
707.9457843841	-2724843090868.29	23509812227935.9
724.435960075	-2707937751327.22	23421839826533.7
741.3102413009	-2690436240355.63	23331077745004.1
758.5775750292	-2672325561082.41	23237472971737
776.2471166287	-2653592716636.48	23140972495122.9
794.3282347243	-2634224710146.76	23041523303551.7
812.8305161641	-2614208544742.16	22939072385413.8
831.7637711027	-2593531223551.58	22833566729099.3
851.1380382024	-2572179924119.08	22724953690166.6
870.9635899561	-2550148810801.33	22613195332392.7
891.2509381337	-2527441245329.98	22498273081315.8
912.0108393559	-2504061216463.77	22380169682454.1
933.254300797	-2480012712961.44	22258867881325.9
954.9925860214	-2455299723581.71	22134350423449.2
977.2372209558	-2429926237083.32	22006600054342.2
1000	-2403896242225	21875599519523.1
1023.2929922808	-2377213727765.47	21741331564509.9
1047.1285480509	-2349882682463.48	21603778934820.8
1071.5193052376	-2321907095077.76	21462924375974
1096.4781961432	-2293290954367.04	21318750633487.6
1122.018454302	-2264038249090.04	21171240452879.8
1148.1536214969	-2234152968005.5	21020376579668.7
1174.8975549395	-2203639099872.16	20866141759372.5
1202.2644346174	-2172500633448.75	20708518737509.2
1230.2687708124	-2140741557493.99	20547490259597.1
1258.9254117942	-2108365860766.63	20383039071154.3
1288.2495516931	-2075377532025.38	20215147917699
1318.2567385564	-2041780560028.99	20043799544749.2
1348.9628825917	-2007578933536.19	19868976697823.2
1380.3842646029	-1972776641305.7	19690662122439
1412.5375446228	-1937377672096.26	19508838564114.9
1445.4397707459	-1901386014666.61	19323488768368.9
1479.1083881682	-1864805657775.47	19134595480719.2
1513.5612484362	-1827640590181.58	18942141446684
1548.8166189125	-1789894800643.67	18746109411781.5
1584.8931924611	-1751572277920.46	18546482121529.6
1621.8100973589	-1712677010770.7	18343242321446.7
1659.5869074376	-1673212987953.12	18136372757050.8
1698.2436524617	-1633184198226.44	17925856173860.1
1737.8008287494	-1592594630349.4	17711675317392.8
1778.2794100389	-1551448273080.73	17493812933166.9
1819.70085861	-1509749115179.17	17272251766700.7
1862.0871366629	-1467501145403.44	17046974563512.2
1905.4607179633	-1424708352512.28	16817964069119.7
1949.8445997581	-1381374725264.41	16585203029041.2
1995.2623149689	-1337504252418.58	16348674188795
2041.7379446695	-1293106917530.03	16108381465214.7
2089.296130854	-1248225427020.16	15864444339711.7
2137.9620895022	-1202913597094.85	15617021529183.3
2187.7616239496	-1157225253036.14	15366271782579.9
2238.7211385683	-1111214220126.07	15112353848852.4
2290.8676527678	-1064934323646.68	14855426476951.3
2344.2288153199	-1018439388880.01	14595648415827.3
2398.8329190195	-971783241108.118	14333178414431.2
2454.708915685	-925019705613.03	14068175221713.5
2511.8864315096	-878202607676.796	13800797586625
2570.3957827689	-831385772581.454	13531204258116.2
2630.2679918954	-784623025609.051	13259553985138
2691.5348039269	-737968192041.625	12986005516640.9
2754.2287033382	-691475097161.221	12710717601575.6
2818.3829312645	-645197566249.877	12433848988892.8
2884.0315031266	-599189424589.641	12155558427543.1
2951.2092266664	-553504497462.551	11876004666477.3
3019.951720402	-508196610150.652	11595346454645.9
3090.2954325136	-463319587935.983	11313742540999.7
3162.2776601684	-418927256100.59	11031351674489.3
3235.9365692963	-375073439926.512	10748332604065.4
3311.3112148259	-331811964695.794	10464844078678.7
3388.441561392	-289196655690.475	10181044847279.8
3467.3685045253	-247281338192.6	9897093658819.38
3548.1338923358	-206119837484.209	9613149262248.12
3630.780547701	-165765978847.347	9329370406516.7
3715.3522909717	-126273587564.052	9045915840575.78
3801.8939632056	-87696488916.3715	8762944313376.03
3890.4514499428	-50088508186.345	8480614573868.12
3981.071705535	-13503470656.0126	8199085371002.7
4073.8027780411	22008731414.3494	7918515631813.33
4168.6938347034	56427839769.0503	7639065625128.42
4265.7951880159	89747103165.0902	7360896231359.02
4365.1583224017	121959839044.107	7084168334026.05
4466.8359215096	153059364847.736	6809042816650.53
4570.8818961488	183038998017.617	6535680562753.4
4677.351412872	211892055995.383	6264242455855.66
4786.3009232264	239611856222.673	5994889379478.25
4897.7881936845	266191716141.123	5727782217142.16
5011.8723362727	291624953192.371	5463081852368.36
5128.6138399137	315904884818.052	5200949168677.83
5248.0746024977	339024828459.804	4941545049591.52
5370.3179637025	360978101559.264	4685030378630.43
5495.4087385763	381758021558.068	4431566039315.51
5623.4132519035	401357905897.853	4181312915167.75
5754.3993733716	419771072020.256	3934431889708.1
5888.4365535559	436990837366.913	3691083846457.56
6025.5958607436	453010519379.462	3451429668937.07
6165.9500186148	467823435499.539	3215630240667.64
6309.5734448019	481422903168.781	2983846445170.2
6456.5422903466	493802239828.825	2756239165965.76
6606.934480076	504954762921.307	2532969286575.27
6760.8297539198	514873789887.864	2314197690519.72
6918.3097091894	523553801879.514	2100081827566.13
7079.4578438414	531016684303.687	1890698285820.68
7244.3596007499	537312086562.658	1686041730249.53
7413.1024130092	542490893719.614	1486103179757.71
7585.7757502918	546603990837.735	1290873653250.31
7762.4711662869	549702262980.207	1100344169632.35
7943.2823472428	551836595210.212	914505747808.91
8128.305161641	553057872590.934	733349406685.024
8317.6377110267	553416980185.555	556866165165.762
8511.3803820238	552964803057.259	385047042156.164
8709.6358995608	551752226269.23	217883056561.3
8912.5093813375	549830134884.65	55365227286.2077
9120.1083935591	547249413966.703	-102515426764.043
9332.5430079699	544060948578.573	-255767886684.412
9549.9258602144	540315623783.441	-404401133569.832
9772.3722095581	536064324644.493	-548424148515.261
10000	531357936224.911	-687845912615.633
10232.9299228075	526247343587.878	-822675406965.9
10471.285480509	520783431796.577	-952921612661.018
10715.1930523761	515017085914.192	-1078593510795.91
10964.7819614319	508999191003.907	-1199700082465.54
11220.1845430196	502780632128.904	-1316250308764.84
11481.5362149688	496412294352.367	-1428253170788.77
11748.9755493953	489945017297.153	-1535717741570.25
12022.6443461741	483419497977.867	-1638673615363.72
12302.6877081238	476853548553.602	-1737196688634.76
12589.2541179417	470261844746.353	-1831369203703.86
12882.4955169314	463659062278.115	-1921273402891.52
13182.5673855641	457059876870.884	-2006991528518.22
13489.6288259165	450478964246.655	-2088605822904.45
13803.8426460288	443931000127.422	-2166198528370.71
14125.3754462276	437430660235.182	-2239851887237.49
14454.3977074593	430992620291.93	-2309648141825.28
14791.0838816821	424631556019.661	-2375669534454.58
15135.6124843621	418362143140.37	-2437998307445.87
15488.1661891248	412199057376.052	-2496716703119.65
15848.9319246111	406156974448.703	-2551906963796.41
16218.1009735893	400250570080.319	-2603651331796.63
16595.8690743756	394494519992.893	-2652032049440.82
16982.4365246175	388903499908.421	-2697131359049.47
17378.0082874938	383492185548.9	-2739031502943.06
17782.7941003892	378275252636.324	-2777814723442.09
18197.0085860998	373267376892.689	-2813563262867.05
18620.8713666287	368483234039.988	-2846359363538.43
19054.6071796325	363937499800.219	-2876285267776.72
19498.4459975805	359644849895.376	-2903423217902.42
19952.6231496888	355619960047.454	-2927855456236.02
20417.3794466953	351874673568.484	-2949662745057.9
20892.9613085404	348405372933.425	-2968917767782.98
21379.6208950223	345203191487.568	-2985690464959.69
21877.6162394955	342259258287.914	-3000050774895.63
22387.2113856834	339564702391.464	-3012068635898.44
22908.6765276777	337110652855.217	-3021813986275.72
23442.2881531992	334888238736.176	-3029356764335.11
23988.3291901949	332888589091.341	-3034766908384.22
24547.0891568503	331102832977.711	-3038114356730.66
25118.8643150958	329522099452.288	-3039469047682.07
25703.9578276886	328137517572.072	-3038900919546.06
26302.6799189538	326940216394.064	-3036479910630.25
26915.3480392691	325921324975.265	-3032275959242.26
27542.2870333817	325071972372.674	-3026359003689.71
28183.8293126445	324383287643.293	-3018798982280.22
28840.3150312661	323846399844.123	-3009665833321.41
29512.0922666638	323452438032.164	-2999029495120.91
30199.5172040202	323192531264.415	-2986959905986.32
30902.9543251359	323057808597.879	-2973527004225.28
31622.7766016838	323039399089.555	-2958800728145.4
32359.3656929628	323128431796.445	-2942851016054.3
33113.1121482591	323316035775.548	-2925747806259.59
33884.4156139203	323593340083.866	-2907561037068.92
34673.6850452532	323951473778.399	-2888360646789.88
35481.3389233575	324381565916.148	-2868216573730.11
36307.8054770102	324874745554.113	-2847198756197.21
37153.5229097173	325422141749.295	-2825377132498.82
38018.9396320561	326014883558.693	-2802821640942.55
38904.514499428	326644100039.31	-2779602219836.02
39810.7170553498	327300920248.147	-2755788807486.85
40738.0277804113	327976922157.42	-2731447744098
41686.9383470335	328667066165.488	-2706618259356.28
42657.9518801593	329367854361.528	-2681327226127.64
43651.5832240166	330075796674.383	-2655601454442.26
44668.3592150963	330787403032.894	-2629467754330.31
45708.8189614875	331499183365.905	-2602952935821.98
46773.5141287198	332207647602.259	-2576083808947.44
47863.0092322638	332909305670.798	-2548887183736.86
48977.8819368447	333600667500.366	-2521389870220.41
50118.7233627273	334278243019.804	-2493618678428.28
51286.1383991365	334938542157.956	-2465600418390.63
52480.7460249772	335578074843.664	-2437361900137.65
53703.1796370253	336193351005.771	-2408929933699.51
54954.0873857625	336780880573.12	-2380331329106.39
56234.1325190349	337337173474.554	-2351592896388.45
57543.9937337157	337858739638.916	-2322741445575.88
58884.365535559	338342088995.047	-2293803786698.85
60255.9586074358	338783731471.791	-2264806729787.53
61659.5001861482	339180176997.991	-2235777084872.11
63095.7344480193	339527935502.489	-2206741661982.75
64565.4229034656	339823516914.129	-2177727271149.64
66069.3448007596	340063431161.752	-2148760722402.94
67608.2975391982	340244188174.202	-2119868825772.84
69183.0970918936	340362343908.74	-2091077956157.13
70794.5784384139	340415538248.382	-2062404241497.3
72443.5960074991	340402509230.706	-2033853428265.7
74131.0241300918	340322043767.616	-2005430800898.3
75857.7575029184	340172928771.02	-1977141643831.07
77624.7116628691	339953951152.825	-1948991241499.99
79432.8234724282	339663897824.936	-1920984878341.01
81283.05161641	339301555699.262	-1893127838790.13
83176.3771102671	338865711687.707	-1865425407283.3
85113.8038202376	338355152702.178	-1837882868256.5
87096.3589956081	337768665654.583	-1810505506145.7
89125.0938133746	337105037456.827	-1783298605386.86
91201.083935591	336363055020.818	-1756267450415.98
93325.4300796991	335541505258.461	-1729417325669.01
95499.2586021437	334639175081.663	-1702753515581.92
97723.7220955811	333654851402.331	-1676281304590.69
100000	332587321132.372	-1650005977131.28
102329.299228075	331435371183.691	-1623932817639.68
104712.85480509	330197788468.196	-1598067110551.85
107151.930523761	328873359897.792	-1572414140303.76
109647.819614319	327460872384.387	-1546979191331.39
112201.845430196	325959112839.887	-1521767548070.7
114815.362149688	324366868176.198	-1496784494957.67
117489.755493953	322682931037.56	-1472035311518.72
120226.443461741	320907373566.18	-1447524181433.37
123026.877081238	319043154846.697	-1423252815812.23
125892.541179417	317093629627.745	-1399222586893.02
128824.955169314	315062152657.958	-1375434866913.48
131825.673855641	312952078685.968	-1351891028111.33
134896.288259165	310766762460.41	-1328592442724.3
138038.426460288	308509558729.916	-1305540482990.11
141253.754462276	306183822243.12	-1282736521146.49
144543.977074593	303792907748.657	-1260181929431.18
147910.838816821	301340169995.158	-1237878080081.89
151356.124843621	298828963731.258	-1215826345336.35
154881.661891248	296262643705.591	-1194028097432.28
158489.319246111	293644564666.789	-1172484708607.43
162181.009735893	290978081363.486	-1151197551099.51
165958.690743756	288266548544.316	-1130167997146.26
169824.365246175	285513320957.911	-1109397418985.38
173780.082874938	282721753352.907	-1088887188854.63
177827.941003892	279895200477.935	-1068638678991.72
181970.085860998	277037017081.631	-1048653261634.37
186208.713666287	274150557912.626	-1028932309020.32
190546.071796325	271239177719.554	-1009477193387.3
194984.459975805	268306231251.05	-990289286973.022
199526.231496888	265355073255.746	-971369962015.224
204173.794466953	262388801394.103	-952720241622.884
208929.613085404	259409109999.23	-934339243170.035
213796.208950223	256417216958.677	-916225437012.063
218776.162394955	253414339770.758	-898377292975.773
223872.113856834	250401695933.788	-880793280887.965
229086.765276777	247380502946.08	-863471870575.446
234422.881531992	244351978305.951	-846411531865.017
239883.291901949	241317339511.714	-829610734583.483
245470.891568503	238277804061.683	-813067948557.647
251188.643150958	235234589454.174	-796781643614.309
257039.578276886	232188913187.502	-780750289580.277
263026.799189538	229141992759.98	-764972356282.353
269153.480392691	226095045669.924	-749446313547.338
275422.870333817	223049289415.648	-734170631202.036
281838.293126445	220005941495.466	-719143779073.254
288403.150312661	216966219407.694	-704364226987.791
295120.922666638	213931340650.645	-689830444772.453
301995.172040202	210902522722.635	-675540902254.04
309029.543251359	207880983121.978	-661494069259.359
316227.766016838	204867939346.988	-647688415615.212
323593.656929628	201864608895.981	-634122411148.402
331131.121482591	198872209267.271	-620794525685.731
338844.156139203	195891957959.172	-607703229054.006
346736.850452532	192925072469.999	-594846991080.027
354813.389233575	189972770298.068	-582224281590.599
363078.054770102	187036268941.691	-569833570412.523
371535.229097173	184116785899.184	-557673327372.605
380189.396320561	181215538668.862	-545742022297.648
389045.14499428	178333744749.039	-534038125014.454
398107.170553498	175472621638.029	-522560105349.827
407380.277804113	172633284953.528	-511306211922.661
416869.383470335	169816082676.802	-500273026624.194
426579.518801593	167021012904.751	-489456371660.563
436515.832240166	164248071955.076	-478852065374.824
446683.592150963	161497256145.475	-468455926110.032
457088.189614875	158768561793.649	-458263772209.247
467735.141287198	156061985217.298	-448271422015.524
478630.092322638	153377522734.12	-438474693871.92
489778.819368447	150715170661.816	-428869406121.489
501187.233627272	148074925318.086	-419451377107.291
512861.383991365	145456783020.628	-410216425172.381
524807.460249772	142860740087.144	-401160368659.816
537031.796370253	140286792835.332	-392279025912.65
549540.873857625	137734937582.893	-383568215273.944
562341.325190349	135205170647.525	-375023755086.751
575439.937337157	132697488346.93	-366641463694.13
588843.65535559	130211886998.805	-358417159439.135
602559.586074358	127748362920.852	-350346660664.824
616595.001861482	125306912430.77	-342425785714.254
630957.344480193	122887531846.258	-334650352930.481
645654.229034656	120490217485.017	-327016180656.56
660693.448007596	118114965664.746	-319519087235.55
676082.975391982	115761772703.144	-312154891010.507
691830.970918936	113430642224.224	-304919468401.033
707945.784384139	111121749908.726	-297810063474.53
724435.960074991	108835445752.73	-290825305899.454
741310.241300918	106572087510.372	-283963887011.642
758577.575029184	104332032935.787	-277224498146.937
776247.116628691	102115639783.111	-270605830641.179
794328.234724282	99923265806.4784	-264106575830.208
812830.5161641	97755268760.0266	-257725425049.867
831763.771102671	95612006397.8905	-251461069635.994
851138.038202376	93493836474.2059	-245312200924.432
870963.589956082	91401116743.1081	-239277510251.021
891250.938133746	89334204958.7332	-233355688951.601
912010.83935591	87293458875.2168	-227545428362.014
933254.300796991	85279236246.6943	-221845419818.1
954992.586021437	83291894827.3013	-216254354655.699
977237.220955811	81331792371.1739	-210770924210.654
1000000	79399286632.4475	-205393819818.805
1023292.99228075	77501951442.311	-200159256500.176
1047128.5480509	75631790289.3831	-195019582268.933
1071519.30523761	73789194302.6068	-189974661056.755
1096478.19614319	71974513781.1017	-185024281332.109
1122018.45430196	70188059218.2479	-180168159148.446
1148153.62149688	68430102353.9904	-175405941175.211
1174897.55493953	66700877251.9551	-170737207707.104
1202264.43461741	65000581398.0498	-166161475647.275
1230268.77081238	63329376817.3346	-161678201460.374
1258925.41179417	61687391206.035	-157286784091.656
1288249.55169314	60074719075.6872	-152986567848.537
1318256.73855641	58491422906.5048	-148776845241.292
1348962.88259165	56937534307.1803	-144656859779.785
1380384.26460289	55413055178.4371	-140625808723.368
1412537.54462276	53917958877.774	-136682845781.321
1445439.77074593	52452191382.9565	-132827083761.402
1479108.38816821	51015672451.9321	-129057597164.336
1513561.24843621	49608296776.9639	-125373424722.241
1548816.61891248	48229935130.8981	-121773571879.218
1584893.19246111	46880435503.6005	-118257013212.535
1621810.09735893	45559624226.7146	-114822694793.006
1659586.90743756	44267307085.0146	-111469536483.379
1698243.65246175	43003270412.7408	-108196434173.714
1737800.82874938	41767282173.4229	-105002261952.895
1778279.41003892	40559093021.805	-101885874215.612
1819700.85860998	39378437346.6039	-98846107704.2823
1862087.13666287	38225034292.9367	-95881783485.5538
1905460.71796325	37098588763.361	-92991708861.1588
1949844.59975805	35998792396.5742	-90174679213.0408
1995262.31496888	34925324522.9207	-87429479782.8041
2041737.94466953	33877853095.9519	-84754887385.6511
2089296.13085404	32856035599.3783	-82149672059.1084
2137962.08950223	31859519928.8451	-79612598646.9304
2187761.62394955	30887945248.0481	-77142428318.6953
2238721.13856834	29940942818.7951	-74737920025.6924
2290867.65276777	29018136804.6939	-72397831893.7936
2344228.81531992	28119145048.2278	-70120922554.0886
2398832.91901949	27243579821.0534	-67905952412.1424
2454708.91568503	26391048547.4228	-65751684856.8028
2511886.43150958	25561154500.7018	-63656887409.556
2570395.78276886	24753497473.0153	-61620332815.4855
2630267.99189538	23967674418.1123	-59640800076.9492
2691534.80392691	23203280067.5975	-57717075431.1377
2754228.70333817	22459907520.7282	-55847953272.7189
2818382.93126445	21737148808.0243	-54032237022.8188
2884031.50312661	21034595428.9841	-52268739945.6201
2951209.22666638	20351838864.2401	-50556285913.8915
3019951.72040202	19688471062.5278	-48893710124.7856
3090295.43251359	19044084902.8762	-47279859767.2683
3162277.66016838	18418274632.46	-45713594642.554
3235936.56929628	17810636280.5831	-44193787738.9413
3311311.21482591	17220768049.2902	-42719325762.4495
3388441.56139203	16648270681.1267	-41289109624.6649
3467368.50452532	16092747804.5849	-39902054889.2063
3548133.89233575	15553806257.7986	-38557092178.2249
3630780.54770102	15031056391.0586	-37253167540.3433
3715352.29097173	14524112348.7381	-35989242781.4396
3801893.96320561	14032592331.2259	-34764295759.6686
3890451.4499428	13556118837.477	-33577320646.1073
3981071.70553498	13094318888.7947	-32427328152.3931
4073802.77804113	12646823474.0358	-31313345369.782
4168693.83470335	12213263069.3151	-30234413745.0945
4265795.18801593	11793271660.1333	-29189591028.3313
4365158.32240167	11386489587.9502	-28177952644.7714
4466835.92150964	10992563612.4276	-27198591740.2636
4570881.89614875	10611146949.8058	-26250619197.4114
4677351.41287198	10241899301.6246	-25333163630.2395
4786300.92322638	9884486874.24256	-24445371358.4515
4897788.19368447	9538582389.5982	-23586406362.3611
5011872.33627272	9203865087.64967	-22755450219.5544
5128613.83991365	8880020720.91946	-21951702024.3153
5248074.60249772	8566741541.56173	-21174378290.819
5370317.96370253	8263726281.35978	-20422712841.0698
5495408.73857625	7970680125.05125	-19695956678.5351
5623413.25190349	7687314677.36807	-18993377848.3951
5754399.37337157	7413347924.16861	-18314261285.3047
5888436.5535559	7148504188.02775	-17657908649.5314
6025595.86074358	6892514078.64078	-17023638152.3087
6165950.01861482	6645114438.38561	-16410784371.2115
6309573.44480193	6406048283.37746	-15818698056.3383
6456542.29034656	6175064740.33891	-15246745928.0499
6606934.48007596	5951918979.59748	-14694310466.9929
6760829.75391982	5736372144.51181	-14160789697.1028
6918309.70918936	5528191199.23642	-13645596765.7678
7079457.84384139	5327147162.98026	-13148155481.4047
7244359.60074991	5133015331.02112	-12667900834.7025
7413102.41300918	4945577084.86294	-12204283503.7429
7585775.75029184	4764619849.55006	-11756769715.0129
7762471.16628693	4589936965.48705	-11324840891.7803
7943282.34724282	4421327561.21661	-10907993306.5066
8128305.161641	4258596427.24036	-10505737737.4451
8317637.71102671	4101553890.96232	-10117599129.5569
8511380.38202376	3950015692.82934	-9743116259.86695
8709635.89956081	3803802863.73722	-9381841407.37092
8912509.38133746	3662741603.76667	-9033340027.59357
9120108.3935591	3526663162.30796	-8697190431.88729
9332543.00796991	3395403719.62889	-8372983471.55164
9549925.86021437	3268804269.93554	-8060322226.84335
9772372.20955811	3146710505.97176	-7758821700.9385
10000000	3028972705.1981	-7468108518.89871
10232929.9228075	2915445617.58804	-7187820631.6859
10471285.480509	2805988355.0745	-6917607025.26151
10715193.0523761	2700464282.67659	-6657127434.79872
10964781.9614319	2598740911.33255	-6406052064.02889
11220184.5430196	2500689792.46183	-6164061309.73688
11481536.2149688	2406186414.27585	-5930845491.4129
11748975.5493953	2315110098.23164	-5706104582.51805
12022644.3461741	2227343552.43039	-5489547193.36684
12302687.7081238	2142772418.38032	-5280889540.94046
12589254.1179417	2061285941.00125	-5079856874.40974
12882495.5169314	1982776973.71341	-4886183448.5886
13182567.3855641	1907141870.11771	-4699612250.69741
13489628.8259165	1834280378.56566	-4519894734.56406
13803842.6460289	1764095539.55584	-4346790562.09241
14125375.4462276	1696493585.89445	-4180067351.83106
14454397.7074593	1631383845.55855	-4019500434.47737
14791083.8816821	1568678647.20131	-3864872615.15509
15135612.4843621	1508293228.23949	-3715973942.30599
15488166.1891248	1450145645.46438	-3572601483.03885
15848931.9246111	1394156688.11813	-3434559104.78187
16218100.9735893	1340249793.37838	-3301657263.08701
16595869.0743756	1288350964.19509	-3173712795.43777
16982436.5246175	1238388689.42426	-3050548720.91416
17378008.2874938	1190293866.2041	-2931994045.5717
17782794.1003892	1143999724.52022	-2817883573.39342
18197008.5860998	1099441753.90731	-2708057722.677
18620871.3666287	1056557632.23566	-2602362347.72124
19054607.1796325	1015287156.53162	-2500648565.67923
19498445.9975805	975572175.782392	-2402772588.44737
19952623.1496888	937356525.675951	-2308595559.46297
20417379.4466953	900585928.238472	-2217983306.71457
20892961.3085404	865207779.124998	-2130805827.0166
21379620.8950223	831171248.564277	-2046937521.56977
21877616.2394955	798427293.145377	-1966257218.2342
22387211.3856834	766928595.480021	-1888648021.32572
22908676.5276777	736629505.770591	-1813997166.19562
23442288.1531992	707485985.280572	-1742195878.57753
23988329.1901949	679455551.647864	-1673139238.55057
24547089.1568503	652497225.983078	-1606726048.97256
25118864.3150958	626571481.696796	-1542858708.24123
25703957.8276886	601640195.001361	-1481443087.24621
26302679.9189538	577666597.034528	-1422388410.37847
26915348.0392691	554615227.553825	-1365607140.46806
27542287.0333817	532451890.152046	-1311014867.52507
28183829.3126445	511143608.945855	-1258530201.16252
28840315.0312661	490658586.690838	-1208074666.5836
29512092.2666638	470966164.277893	-1159572604.01932
30199517.2040202	452036781.56712	-1112951071.50634
30902954.3251359	433841939.51677	-1068139750.89783
31622776.6016838	416354163.566064	-1025070857.00379
32359365.6929628	399546968.232017	-983679049.760376
33113112.1482591	383394822.881565	-943901349.330923
33884415.6139203	367873118.641512	-905677054.044332
34673685.0452532	352958136.409933	-868947661.079437
35481338.9233575	338627015.933856	-833656789.806886
36307805.4770102	324857725.919028	-799750107.702695
37153522.9097173	311629035.138723	-767175258.750439
38018939.6320561	298920484.509487	-735881794.251494
38904514.499428	286712360.102772	-705821105.965444
39810717.0553498	274985667.062319	-676946361.505005
40738027.7804113	263722111.301417	-649212459.123272
41686938.3470336	252904116.98949	-622576071.722986
42657951.8801593	242514766.851804	-596995498.420901
43651583.2240167	232537755.061082	-572430547.504573
44668359.2150963	222957366.342839	-548842484.739281
45708818.9614875	213758455.857093	-526193983.604668
46773514.1287198	204926429.712591	-504449077.102233
47863009.2322638	196447226.09581	-483573111.089299
48977881.9368447	188307296.997404	-463532699.096075
50118723.3627272	180493590.519172	-444295678.583541
51286138.3991365	172993533.745031	-425831068.60081
52480746.0249772	165795016.159858	-408109028.801707
53703179.6370253	158886373.600467	-391100819.781225
54954087.3857625	152256372.723351	-374778764.693507
56234132.5190349	145894195.974205	-359116212.113944
57543993.7337157	139789427.044617	-344087500.108926
58884365.535559	133932036.801655	-329667921.477674
60255958.6074358	128312369.676477	-315833690.131506
61659500.1861482	122921130.498368	-302561908.576724
63095734.4480193	117749371.761036	-289830536.468255
64565422.9034656	112788481.308268	-277618360.201926
66069344.8007596	108030170.426415	-265904963.514177
67608297.5391982	103466462.331469	-254670699.058761
69183097.0918936	99089681.0388548	-243896660.930823
70794578.4384139	94892440.6043175	-233564658.109519
72443596.0074991	90867634.724642	-223657188.791091
74131024.1300918	87008426.6871987	-214157415.585081
75857757.5029184	83308239.6576341	-205049141.547094
77624711.6628693	79760747.295288	-196316787.022248
79432823.4724282	76359864.6862167	-187945367.274136
81283051.61641	73099739.5839612	-179920470.874829
83176377.1102671	69974743.9484844	-172228238.83212
85113803.8202378	66979465.7739503	-164855344.430862
87096358.9956081	64108701.1962835	-157788973.7659
89125093.8133746	61357446.8716932	-151016806.944728
91201083.935591	58720892.6176007	-144526999.938618
93325430.0796991	56194414.3076378	-138308167.061558
95499258.6021437	53773567.0126278	-132349364.056942
97723722.0955811	51454078.3796871	-126640071.772512
100000000	49231842.2418064	-121170180.404609
