# mass(eV); Xcoeff(Hz):	 Ca+:2S1/2-2D5/2	Ca+:2D3/2-2D5/2
1.000000000000000000e+00 -8.774465360173402500e+14 4.203299516319927734e+12
1.023292992280753433e+00 -8.774465210406257500e+14 4.203299297041039551e+12
1.047128548050899610e+00 -8.774465053761116250e+14 4.203299068619176270e+12
1.071519305237605968e+00 -8.774464889918240000e+14 4.203298830650378418e+12
1.096478196143185091e+00 -8.774464718542885000e+14 4.203298582715562012e+12
1.122018454301963120e+00 -8.774464539284697500e+14 4.203298324374687500e+12
1.148153621496882826e+00 -8.774464351776918750e+14 4.203298055167549805e+12
1.174897554939529076e+00 -8.774464155635623750e+14 4.203297774612832520e+12
1.202264434617412725e+00 -8.774463950458930000e+14 4.203297482210469238e+12
1.230268770812381174e+00 -8.774463735826173750e+14 4.203297177432508301e+12
1.258925411794167504e+00 -8.774463511296960000e+14 4.203296859728625977e+12
1.288249551693133599e+00 -8.774463276410337500e+14 4.203296528527228516e+12
1.318256738556407459e+00 -8.774463030683723750e+14 4.203296183228520508e+12
1.348962882591653090e+00 -8.774462773612010000e+14 4.203295823201512207e+12
1.380384264602885214e+00 -8.774462504666382500e+14 4.203295447790636230e+12
1.412537544622753938e+00 -8.774462223293315000e+14 4.203295056310704590e+12
1.445439770745927888e+00 -8.774461928913342500e+14 4.203294648042498535e+12
1.479108388168207222e+00 -8.774461620919875000e+14 4.203294222236865723e+12
1.513561248436208651e+00 -8.774461298677925000e+14 4.203293778106682617e+12
1.548816618912481013e+00 -8.774460961522775000e+14 4.203293314833791016e+12
1.584893192461114042e+00 -8.774460608758572500e+14 4.203292831556071777e+12
1.621810097358929559e+00 -8.774460239656851250e+14 4.203292327380057129e+12
1.659586907437561099e+00 -8.774459853455081250e+14 4.203291801364381348e+12
1.698243652461743913e+00 -8.774459449354967500e+14 4.203291252530814453e+12
1.737800828749376247e+00 -8.774459026520860000e+14 4.203290679847083984e+12
1.778279410038922759e+00 -8.774458584077950000e+14 4.203290082244209473e+12
1.819700858609982319e+00 -8.774458121110436250e+14 4.203289458597122559e+12
1.862087136662867515e+00 -8.774457636659661250e+14 4.203288807731755371e+12
1.905460717963247896e+00 -8.774457129722013750e+14 4.203288128420947754e+12
1.949844599758045138e+00 -8.774456599246893750e+14 4.203287419378929199e+12
1.995262314968878847e+00 -8.774456044134460000e+14 4.203286679264313477e+12
2.041737944669529625e+00 -8.774455463233365000e+14 4.203285906669701660e+12
2.089296130854038758e+00 -8.774454855338331250e+14 4.203285100125462402e+12
2.137962089502232654e+00 -8.774454219187583750e+14 4.203284258096422852e+12
2.187761623949552092e+00 -8.774453553460222500e+14 4.203283378974778809e+12
2.238721138568339875e+00 -8.774452856773526250e+14 4.203282461078205566e+12
2.290867652767771823e+00 -8.774452127679900000e+14 4.203281502648280762e+12
2.344228815319922443e+00 -8.774451364664023750e+14 4.203280501844499512e+12
2.398832919019489474e+00 -8.774450566139497500e+14 4.203279456745216309e+12
2.454708915685031023e+00 -8.774449730445651250e+14 4.203278365335675781e+12
2.511886431509579243e+00 -8.774448855843966250e+14 4.203277225513364746e+12
2.570395782768864379e+00 -8.774447940514523750e+14 4.203276035073993164e+12
2.630267991895380852e+00 -8.774446982552081250e+14 4.203274791718268066e+12
2.691534803926916464e+00 -8.774445979962187500e+14 4.203273493033774414e+12
2.754228703338165385e+00 -8.774444930656930000e+14 4.203272136502540039e+12
2.818382931264454605e+00 -8.774443832450580000e+14 4.203270719490161621e+12
2.884031503126605056e+00 -8.774442683055026250e+14 4.203269239239661133e+12
2.951209226666386964e+00 -8.774441480074961250e+14 4.203267692867075195e+12
3.019951720402016093e+00 -8.774440221002872500e+14 4.203266077358305176e+12
3.090295432513591845e+00 -8.774438903213793750e+14 4.203264389558083984e+12
3.162277660168379523e+00 -8.774437523959813750e+14 4.203262626165727539e+12
3.235936569296280929e+00 -8.774436080364282500e+14 4.203260783732296875e+12
3.311311214825910731e+00 -8.774434569415857500e+14 4.203258858646889648e+12
3.388441561392027790e+00 -8.774432987962135000e+14 4.203256847133808105e+12
3.467368504525316641e+00 -8.774431332703091250e+14 4.203254745243572266e+12
3.548133892335752826e+00 -8.774429600184165000e+14 4.203252548845206055e+12
3.630780547701013550e+00 -8.774427786789021250e+14 4.203250253619462402e+12
3.715352290971727811e+00 -8.774425888732015000e+14 4.203247855043851074e+12
3.801893963205612792e+00 -8.774423902050235000e+14 4.203245348394690918e+12
3.890451449942804896e+00 -8.774421822595250000e+14 4.203242728726626953e+12
3.981071705534973582e+00 -8.774419646024425000e+14 4.203239990866643066e+12
4.073802778041126338e+00 -8.774417367791832500e+14 4.203237129408077148e+12
4.168693834703356416e+00 -8.774414983138791250e+14 4.203234138692972168e+12
4.265795188015926165e+00 -8.774412487083887500e+14 4.203231012802468750e+12
4.365158322401661017e+00 -8.774409874412581250e+14 4.203227745549556152e+12
4.466835921509630047e+00 -8.774407139666332500e+14 4.203224330462528320e+12
4.570881896148752510e+00 -8.774404277131172500e+14 4.203220760770650391e+12
4.677351412871980862e+00 -8.774401280825855000e+14 4.203217029394229492e+12
4.786300923226385784e+00 -8.774398144489302500e+14 4.203213128923662598e+12
4.897788193684460722e+00 -8.774394861567555000e+14 4.203209051619749512e+12
5.011872336272724660e+00 -8.774391425200145000e+14 4.203204789382343262e+12
5.128613839913647610e+00 -8.774387828205765000e+14 4.203200333740107422e+12
5.248074602497722729e+00 -8.774384063067341250e+14 4.203195675833656250e+12
5.370317963702527564e+00 -8.774380121916358750e+14 4.203190806397127930e+12
5.495408738576247565e+00 -8.774375996516418750e+14 4.203185715745256348e+12
5.623413251903491172e+00 -8.774371678246195000e+14 4.203180393744232910e+12
5.754399373371566817e+00 -8.774367158081442500e+14 4.203174829800513184e+12
5.888436553555889574e+00 -8.774362426576202500e+14 4.203169012833093750e+12
6.025595860743580445e+00 -8.774357473843235000e+14 4.203162931257752441e+12
6.165950018614822170e+00 -8.774352289533390000e+14 4.203156572957749023e+12
6.309573444801930719e+00 -8.774346862814166250e+14 4.203149925265700195e+12
6.456542290346555468e+00 -8.774341182347195000e+14 4.203142974936488770e+12
6.606934480075964622e+00 -8.774335236264690000e+14 4.203135708117005859e+12
6.760829753919817442e+00 -8.774329012144866250e+14 4.203128110327725098e+12
6.918309709189363055e+00 -8.774322496986122500e+14 4.203120166424097656e+12
7.079457843841380438e+00 -8.774315677180151250e+14 4.203111860577646973e+12
7.244359600749898043e+00 -8.774308538483681250e+14 4.203103176235636719e+12
7.413102413009175606e+00 -8.774301065989030000e+14 4.203094096093185547e+12
7.585775750291834818e+00 -8.774293244093231250e+14 4.203084602059706543e+12
7.762471166286919910e+00 -8.774285056465770000e+14 4.203074675222197754e+12
7.943282347242814012e+00 -8.774276486014776250e+14 4.203064295809952637e+12
8.128305161640994925e+00 -8.774267514851773750e+14 4.203053443155015625e+12
8.317637711026709013e+00 -8.774258124254647500e+14 4.203042095651057617e+12
8.511380382023768121e+00 -8.774248294629112500e+14 4.203030230716040039e+12
8.709635899560804972e+00 -8.774238005468152500e+14 4.203017824745105957e+12
8.912509381337459402e+00 -8.774227235309911250e+14 4.203004853063629883e+12
9.120108393559096527e+00 -8.774215961693293750e+14 4.202991289886568848e+12
9.332543007969904991e+00 -8.774204161111891250e+14 4.202977108260330078e+12
9.549925860214358408e+00 -8.774191808965488750e+14 4.202962280017390137e+12
9.772372209558112033e+00 -8.774178879509567500e+14 4.202946775722104492e+12
1.000000000000000000e+01 -8.774165345802335000e+14 4.202930564614454590e+12
1.023292992280754277e+01 -8.774151179649466250e+14 4.202913614547980469e+12
1.047128548050899610e+01 -8.774136351546245000e+14 4.202895891933529785e+12
1.071519305237606368e+01 -8.774120830617068750e+14 4.202877361672458496e+12
1.096478196143185002e+01 -8.774104584552162500e+14 4.202857987099596680e+12
1.122018454301963608e+01 -8.774087579541527500e+14 4.202837729899590332e+12
1.148153621496883048e+01 -8.774069780205741250e+14 4.202816550046244629e+12
1.174897554939529520e+01 -8.774051149523616250e+14 4.202794405727841309e+12
1.202264434617413258e+01 -8.774031648756728750e+14 4.202771253264587891e+12
1.230268770812381618e+01 -8.774011237370312500e+14 4.202747047029365723e+12
1.258925411794167459e+01 -8.773989872950656250e+14 4.202721739365015625e+12
1.288249551693134265e+01 -8.773967511118783750e+14 4.202695280498792480e+12
1.318256738556407548e+01 -8.773944105440142500e+14 4.202667618445780762e+12
1.348962882591654022e+01 -8.773919607330278750e+14 4.202638698917833496e+12
1.380384264602885125e+01 -8.773893965956157500e+14 4.202608465227940430e+12
1.412537544622754737e+01 -8.773867128133165000e+14 4.202576858178048340e+12
1.445439770745927177e+01 -8.773839038217281250e+14 4.202543815965478516e+12
1.479108388168207178e+01 -8.773809637992532500e+14 4.202509274060667969e+12
1.513561248436207940e+01 -8.773778866553321250e+14 4.202473165100347168e+12
1.548816618912481147e+01 -8.773746660181445000e+14 4.202435418763551758e+12
1.584893192461113465e+01 -8.773712952217656250e+14 4.202395961647783691e+12
1.621810097358929426e+01 -8.773677672927346250e+14 4.202354717143446777e+12
1.659586907437560654e+01 -8.773640749360341250e+14 4.202311605297090820e+12
1.698243652461744446e+01 -8.773602105204336250e+14 4.202266542667569824e+12
1.737800828749375626e+01 -8.773561660631761250e+14 4.202219442195586426e+12
1.778279410038922848e+01 -8.773519332139906250e+14 4.202170213039843750e+12
1.819700858609984095e+01 -8.773475032383841250e+14 4.202118760431310059e+12
1.862087136662868048e+01 -8.773428670001912500e+14 4.202064985508573730e+12
1.905460717963247674e+01 -8.773380149433521250e+14 4.202008785150531738e+12
1.949844599758045049e+01 -8.773329370728756250e+14 4.201950051804024902e+12
1.995262314968880091e+01 -8.773276229349650000e+14 4.201888673310847168e+12
2.041737944669529625e+01 -8.773220615962617500e+14 4.201824532714907227e+12
2.089296130854040001e+01 -8.773162416221728750e+14 4.201757508073792480e+12
2.137962089502232388e+01 -8.773101510542458750e+14 4.201687472262782227e+12
2.187761623949552714e+01 -8.773037773865432500e+14 4.201614292766720215e+12
2.238721138568340052e+01 -8.772971075409843750e+14 4.201537831474250488e+12
2.290867652767773066e+01 -8.772901278416058750e+14 4.201457944450794922e+12
2.344228815319922532e+01 -8.772828239876927500e+14 4.201374481721125977e+12
2.398832919019491072e+01 -8.772751810257430000e+14 4.201287287031940918e+12
2.454708915685031201e+01 -8.772671833202042500e+14 4.201196197613961914e+12
2.511886431509580930e+01 -8.772588145229428750e+14 4.201101043935682129e+12
2.570395782768863668e+01 -8.772500575413893750e+14 4.201001649445613281e+12
2.630267991895381030e+01 -8.772408945053077500e+14 4.200897830312329102e+12
2.691534803926915131e+01 -8.772313067321180000e+14 4.200789395156941406e+12
2.754228703338165829e+01 -8.772212746907478750e+14 4.200676144770930176e+12
2.818382931264453717e+01 -8.772107779639118750e+14 4.200557871839324219e+12
2.884031503126605500e+01 -8.771997952087897500e+14 4.200434360640728027e+12
2.951209226666384922e+01 -8.771883041160161250e+14 4.200305386755221191e+12
3.019951720402016093e+01 -8.771762813669281250e+14 4.200170716754298340e+12
3.090295432513590512e+01 -8.771637025889990000e+14 4.200030107889548828e+12
3.162277660168379256e+01 -8.771505423093852500e+14 4.199883307771100098e+12
3.235936569296282528e+01 -8.771367739065095000e+14 4.199730054044948730e+12
3.311311214825911264e+01 -8.771223695596148750e+14 4.199570074054229004e+12
3.388441561392025392e+01 -8.771073001961993750e+14 4.199403084504893066e+12
3.467368504525316553e+01 -8.770915354372581250e+14 4.199228791121142578e+12
3.548133892335754780e+01 -8.770750435402445000e+14 4.199046888296143555e+12
3.630780547701014171e+01 -8.770577913396762500e+14 4.198857058736433105e+12
3.715352290971726745e+01 -8.770397441852737500e+14 4.198658973105382812e+12
3.801893963205613147e+01 -8.770208658775720000e+14 4.198452289666659180e+12
3.890451449942807471e+01 -8.770011186008858750e+14 4.198236653914142578e+12
3.981071705534972693e+01 -8.769804628535463750e+14 4.198011698216173340e+12
4.073802778041127937e+01 -8.769588573753073750e+14 4.197777041446570801e+12
4.168693834703354639e+01 -8.769362590718230000e+14 4.197532288621478516e+12
4.265795188015928119e+01 -8.769126229360883750e+14 4.197277030542196289e+12
4.365158322401660485e+01 -8.768879019667431250e+14 4.197010843434705566e+12
4.466835921509633067e+01 -8.768620470831271250e+14 4.196733288602587402e+12
4.570881896148752332e+01 -8.768350070369800000e+14 4.196443912078671875e+12
4.677351412871981751e+01 -8.768067283206736250e+14 4.196142244295921875e+12
4.786300923226383475e+01 -8.767771550718607500e+14 4.195827799760670410e+12
4.897788193684461788e+01 -8.767462289744205000e+14 4.195500076748231445e+12
5.011872336272721640e+01 -8.767138891555387500e+14 4.195158557002452637e+12
5.128613839913648320e+01 -8.766800720016271250e+14 4.194802699691290039e+12
5.248074602497725749e+01 -8.766447108780292500e+14 4.194431928486393066e+12
5.370317963702527209e+01 -8.766077361705221250e+14 4.194045643046186523e+12
5.495408738576245611e+01 -8.765690751998692500e+14 4.193643221361793457e+12
5.623413251903490107e+01 -8.765286520925772500e+14 4.193224019197104492e+12
5.754399373371569482e+01 -8.764863876466583750e+14 4.192787369528679688e+12
5.888436553555889930e+01 -8.764421991922098750e+14 4.192332581997319336e+12
6.025595860743577248e+01 -8.763960004466811250e+14 4.191858942363728027e+12
6.165950018614822170e+01 -8.763477013646367500e+14 4.191365711996312500e+12
6.309573444801932851e+01 -8.762972079818791250e+14 4.190852127355522461e+12
6.456542290346556001e+01 -8.762444222537453750e+14 4.190317399511746094e+12
6.606934480075960892e+01 -8.761892418874225000e+14 4.189760713691719727e+12
6.760829753919819041e+01 -8.761315601681173750e+14 4.189181228846683594e+12
6.918309709189365719e+01 -8.760712657789111250e+14 4.188578077263071289e+12
7.079457843841380793e+01 -8.760082426141438750e+14 4.187950364211808105e+12
7.244359600749902484e+01 -8.759423695861548750e+14 4.187297167646596191e+12
7.413102413009177383e+01 -8.758735204252342500e+14 4.186617537959081055e+12
7.585775750291840325e+01 -8.758015634828300000e+14 4.185910498644350586e+12
7.762471166286918844e+01 -8.757263617588520000e+14 4.185175066406587402e+12
7.943282347242818275e+01 -8.756477727289482500e+14 4.184410255186380371e+12
8.128305161640994925e+01 -8.755656479058276250e+14 4.183615058646299316e+12
8.317637711026706882e+01 -8.754798326002342500e+14 4.182788450080303711e+12
8.511380382023763502e+01 -8.753901656855388750e+14 4.181929383403947266e+12
8.709635899560804262e+01 -8.752964793553302500e+14 4.181036794302448730e+12
8.912509381337454784e+01 -8.751985988739191250e+14 4.180109601602486328e+12
9.120108393559095816e+01 -8.750963423197738750e+14 4.179146708856838379e+12
9.332543007969907478e+01 -8.749895203218516250e+14 4.178147006175913574e+12
9.549925860214358408e+01 -8.748779357888850000e+14 4.177109372329785645e+12
9.772372209558105283e+01 -8.747613836316365000e+14 4.176032677146117188e+12
1.000000000000000000e+02 -8.746396504782400000e+14 4.174915784223490723e+12
1.023292992280754845e+02 -8.745125135654801250e+14 4.173757496118782715e+12
1.047128548050899610e+02 -8.743797377578606250e+14 4.172556367755445801e+12
1.071519305237607256e+02 -8.742410772595292500e+14 4.171310853155400879e+12
1.096478196143184931e+02 -8.740962759949402500e+14 4.170019358753993652e+12
1.122018454301963004e+02 -8.739450672148055000e+14 4.168680242772943848e+12
1.148153621496882835e+02 -8.737871730898737500e+14 4.167291814661354492e+12
1.174897554939529130e+02 -8.736223042924238750e+14 4.165852334636610352e+12
1.202264434617413258e+02 -8.734501595653763750e+14 4.164360013330205566e+12
1.230268770812381263e+02 -8.732704252789682500e+14 4.162813011544167480e+12
1.258925411794167530e+02 -8.730827749749580000e+14 4.161209440152589844e+12
1.288249551693133697e+02 -8.728868688983962500e+14 4.159547360143697266e+12
1.318256738556407299e+02 -8.726823535169815000e+14 4.157824782837739746e+12
1.348962882591653170e+02 -8.724688610281490000e+14 4.156039670290635742e+12
1.380384264602885196e+02 -8.722460088540233750e+14 4.154189935899753906e+12
1.412537544622753956e+02 -8.720133991244693750e+14 4.152273445258940430e+12
1.445439770745927888e+02 -8.717706181485201250e+14 4.150288017257120605e+12
1.479108388168207000e+02 -8.715172358745585000e+14 4.148231425469941406e+12
1.513561248436208757e+02 -8.712528053396833750e+14 4.146101399864938477e+12
1.548816618912481147e+02 -8.709768621087961250e+14 4.143895628858208984e+12
1.584893192461114211e+02 -8.706889237040497500e+14 4.141611761756281738e+12
1.621810097358929852e+02 -8.703884890253992500e+14 4.139247411615503418e+12
1.659586907437561081e+02 -8.700750377631220000e+14 4.136800158571556641e+12
1.698243652461744091e+02 -8.697480298032996250e+14 4.134267553678336426e+12
1.737800828749375910e+02 -8.694069046274131250e+14 4.131647123302192383e+12
1.778279410038923061e+02 -8.690510807073468750e+14 4.128936374135820312e+12
1.819700858609984380e+02 -8.686799548972843750e+14 4.126132798874806152e+12
1.862087136662867692e+02 -8.682929018241587500e+14 4.123233882631197266e+12
1.905460717963248101e+02 -8.678892732785307500e+14 4.120237110148530762e+12
1.949844599758045263e+02 -8.674683976080138750e+14 4.117139973884965332e+12
1.995262314968880730e+02 -8.670295791155726250e+14 4.113939983055895020e+12
2.041737944669529270e+02 -8.665720974653373750e+14 4.110634673708364746e+12
2.089296130854038722e+02 -8.660952070988405000e+14 4.107221619932369141e+12
2.137962089502232459e+02 -8.655981366649181250e+14 4.103698446295530762e+12
2.187761623949552074e+02 -8.650800884668503750e+14 4.100062841624836426e+12
2.238721138568340052e+02 -8.645402379307198750e+14 4.096312574238942871e+12
2.290867652767772427e+02 -8.639777330993596250e+14 4.092445508759767090e+12
2.344228815319922887e+02 -8.633916941567078750e+14 4.088459624649729980e+12
2.398832919019489509e+02 -8.627812129878976250e+14 4.084353036603210449e+12
2.454708915685031059e+02 -8.621453527808996250e+14 4.080124016971982422e+12
2.511886431509579722e+02 -8.614831475968605000e+14 4.075771017095195801e+12
2.570395782768864592e+02 -8.607935860013228750e+14 4.071292029691575195e+12
2.630267991895381670e+02 -8.600755880210292500e+14 4.066683675249644043e+12
2.691534803926916766e+02 -8.593280311752018750e+14 4.061942317421500977e+12
2.754228703338166042e+02 -8.585497539550658750e+14 4.057064245628817383e+12
2.818382931264454783e+02 -8.577395549371933750e+14 4.052045676684194336e+12
2.884031503126605003e+02 -8.568961919222803750e+14 4.046882756797093262e+12
2.951209226666387053e+02 -8.560183811053347500e+14 4.041571564031942871e+12
3.019951720402016235e+02 -8.551047962838837500e+14 4.036108111241254395e+12
3.090295432513592004e+02 -8.541540681114860000e+14 4.030488349536148926e+12
3.162277660168380180e+02 -8.531647834045772500e+14 4.024708172336508301e+12
3.235936569296284233e+02 -8.521354845114535000e+14 4.018763420071496582e+12
3.311311214825910838e+02 -8.510646687530941250e+14 4.012649885571572266e+12
3.388441561392028234e+02 -8.499507879464411250e+14 4.006363320234700195e+12
3.467368504525316553e+02 -8.487922480217786250e+14 3.999899441032943359e+12
3.548133892335756627e+02 -8.475874087469596250e+14 3.993253938438199707e+12
3.630780547701014598e+02 -8.463345835724197500e+14 3.986422485345553711e+12
3.715352290971724187e+02 -8.450320396122142500e+14 3.979400747095695801e+12
3.801893963205611726e+02 -8.436779977777056250e+14 3.972184392686225098e+12
3.890451449942804629e+02 -8.422706330820598750e+14 3.964769107280844238e+12
3.981071705534972693e+02 -8.408080751353223750e+14 3.957150606133528320e+12
4.073802778041126658e+02 -8.392884088516463750e+14 3.949324650046277832e+12
4.168693834703354923e+02 -8.377096753921350000e+14 3.941287062500386230e+12
4.265795188015924850e+02 -8.360698733688411250e+14 3.933033748602519043e+12
4.365158322401661053e+02 -8.343669603376996250e+14 3.924560716004131348e+12
4.466835921509630225e+02 -8.325988546105863750e+14 3.915864097960719238e+12
4.570881896148752048e+02 -8.307634374192950000e+14 3.906940178711327637e+12
4.677351412871980756e+02 -8.288585554670578750e+14 3.897785421378083984e+12
4.786300923226384612e+02 -8.268820239062398750e+14 3.888396498600954102e+12
4.897788193684460794e+02 -8.248316297841668750e+14 3.878770326121859863e+12
5.011872336272724624e+02 -8.227051359521996250e+14 3.868904098971835938e+12
5.128613839913648462e+02 -8.205002218595036250e+14 3.858794560182555176e+12
5.248074602497728165e+02 -8.182143489661122500e+14 3.848436353172849609e+12
5.370317963702526640e+02 -8.158448956351776250e+14 3.837823632576648926e+12
5.495408738576248879e+02 -8.133891916243443750e+14 3.826950455014099609e+12
5.623413251903489254e+02 -8.108445209122710000e+14 3.815810781515001465e+12
5.754399373371572892e+02 -8.082081250186797500e+14 3.804398480423413574e+12
5.888436553555889077e+02 -8.054772068668302500e+14 3.792707330841391113e+12
6.025595860743580943e+02 -8.026489352414558750e+14 3.780731026648894043e+12
6.165950018614821602e+02 -7.997204498996512500e+14 3.768463181163969238e+12
6.309573444801935693e+02 -7.966888673970112500e+14 3.755897332501048340e+12
6.456542290346556001e+02 -7.935512876965243750e+14 3.743026949682495117e+12
6.606934480075956344e+02 -7.903048016332975000e+14 3.729845439583585938e+12
6.760829753919819041e+02 -7.869464993142261250e+14 3.716346154777272461e+12
6.918309709189362593e+02 -7.834734795382385000e+14 3.702522402360164062e+12
7.079457843841380509e+02 -7.798828603297078750e+14 3.688367453848592285e+12
7.244359600749899073e+02 -7.761717906852203750e+14 3.673874556233624023e+12
7.413102413009177099e+02 -7.723374636419678750e+14 3.659036944301666504e+12
7.585775750291835493e+02 -7.683771188166231250e+14 3.643847842631115234e+12
7.762471166286918560e+02 -7.642877754085902500e+14 3.628300204185693848e+12
7.943282347242814012e+02 -7.600661929689811250e+14 3.612386671410969727e+12
8.128305161640995493e+02 -7.557091371885592500e+14 3.596099835298225586e+12
8.317637711026707166e+02 -7.512134048066956250e+14 3.579432259021930176e+12
8.511380382023766060e+02 -7.465758374762730000e+14 3.562376490715829102e+12
8.709635899560803409e+02 -7.417933371521955000e+14 3.544925077648556641e+12
8.912509381337457626e+02 -7.368628831371537500e+14 3.527070581919770996e+12
9.120108393559096385e+02 -7.317815509290076250e+14 3.508805597804267578e+12
9.332543007969914015e+02 -7.265465330256715000e+14 3.490122770885547852e+12
9.549925860214358408e+02 -7.211551618558283750e+14 3.471014819114187988e+12
9.772372209558111535e+02 -7.156049350171197500e+14 3.451474555972972168e+12
1.000000000000000000e+03 -7.098935430178838750e+14 3.431494915895472656e+12
1.023292992280754788e+03 -7.040187249309457500e+14 3.411068831160994141e+12
1.047128548050899553e+03 -6.979777279531652500e+14 3.390188766761086426e+12
1.071519305237607114e+03 -6.917677753309756250e+14 3.368847126359007324e+12
1.096478196143185187e+03 -6.853862543212416250e+14 3.347036416540524414e+12
1.122018454301964312e+03 -6.788307434574497500e+14 3.324749272372561035e+12
1.148153621496882806e+03 -6.720990424619880000e+14 3.301978485374327148e+12
1.174897554939530437e+03 -6.651892050257266250e+14 3.278717034072601074e+12
1.202264434617413144e+03 -6.580995746934271250e+14 3.254958117357706055e+12
1.230268770812381263e+03 -6.508288241120867500e+14 3.230695190863671875e+12
1.258925411794167530e+03 -6.433759910237972500e+14 3.205922004337967773e+12
1.288249551693133526e+03 -6.357400168636942500e+14 3.180632477519226074e+12
1.318256738556407527e+03 -6.279193583656240000e+14 3.154820602439023926e+12
1.348962882591653170e+03 -6.199127059784763750e+14 3.128480712586878906e+12
1.380384264602885196e+03 -6.117190976640356250e+14 3.101607555853093262e+12
1.412537544622754012e+03 -6.033379617565740000e+14 3.074196347092979004e+12
1.445439770745927945e+03 -5.947691636714048750e+14 3.046242825174977051e+12
1.479108388168207284e+03 -5.860130567731203750e+14 3.017743314842732422e+12
1.513561248436208643e+03 -5.770705205169750000e+14 2.988694781125814941e+12
1.548816618912481090e+03 -5.679423034960368750e+14 2.959094375367824219e+12
1.584893192461114040e+03 -5.586287085212251250e+14 2.928939234574311523e+12
1.621810097358929852e+03 -5.491304460189321250e+14 2.898227140981873047e+12
1.659586907437561422e+03 -5.394487477425349375e+14 2.866956640958177246e+12
1.698243652461744432e+03 -5.295854218577688750e+14 2.835127123515167969e+12
1.737800828749376251e+03 -5.195429127047774375e+14 2.802738905105460938e+12
1.778279410038922833e+03 -5.093242554199216250e+14 2.769793215166055176e+12
1.819700858609984380e+03 -4.989320473375283125e+14 2.736291237793965332e+12
1.862087136662867579e+03 -4.883688102753878125e+14 2.702234493665595215e+12
1.905460717963248044e+03 -4.776376761704108750e+14 2.667625535335614258e+12
1.949844599758045661e+03 -4.667424547396561875e+14 2.632468050470636719e+12
1.995262314968880901e+03 -4.556876970451637500e+14 2.596766963753166992e+12
2.041737944669529497e+03 -4.444785149287856875e+14 2.560528246842285156e+12
2.089296130854040712e+03 -4.331194606383838125e+14 2.523757600107272949e+12
2.137962089502232629e+03 -4.216153169773708125e+14 2.486461433007956543e+12
2.187761623949551449e+03 -4.099715845129600000e+14 2.448647482112118652e+12
2.238721138568339939e+03 -3.981945427690400625e+14 2.410324918889235352e+12
2.290867652767772142e+03 -3.862911525290639375e+14 2.371504251524646484e+12
2.344228815319922887e+03 -3.742679422484036875e+14 2.332195901086573730e+12
2.398832919019489509e+03 -3.621315711199046250e+14 2.292410970083816895e+12
2.454708915685031116e+03 -3.498894400668430000e+14 2.252162075492823242e+12
2.511886431509579779e+03 -3.375497479414362500e+14 2.211463457922945801e+12
2.570395782768864592e+03 -3.251209905499395625e+14 2.170330175503026611e+12
2.630267991895381329e+03 -3.126112289076800625e+14 2.128776918652062500e+12
2.691534803926916993e+03 -3.000290701978415000e+14 2.086819645001636230e+12
2.754228703338166270e+03 -2.873838643329333125e+14 2.044475923900764160e+12
2.818382931264455237e+03 -2.746853949932932812e+14 2.001764501720709229e+12
2.884031503126605003e+03 -2.619430280410275000e+14 1.958704054824388916e+12
2.951209226666387167e+03 -2.491665374749006250e+14 1.915314458994317871e+12
3.019951720402015781e+03 -2.363663511310984375e+14 1.871617187669724609e+12
3.090295432513592004e+03 -2.235530725061981250e+14 1.827634408277270264e+12
3.162277660168379498e+03 -2.107370215893549375e+14 1.783388116261961670e+12
3.235936569296284688e+03 -1.979289612056746875e+14 1.738901561612707275e+12
3.311311214825911065e+03 -1.851400874506344375e+14 1.694199261684770996e+12
3.388441561392027779e+03 -1.723813532610982500e+14 1.649305768695124268e+12
3.467368504525316439e+03 -1.596637940615109062e+14 1.604246301725680420e+12
3.548133892335756627e+03 -1.469987918025553438e+14 1.559047258730026855e+12
3.630780547701013802e+03 -1.343976212550395156e+14 1.513735303756162354e+12
3.715352290971728053e+03 -1.218714566393411875e+14 1.468337413675976318e+12
3.801893963205612636e+03 -1.094316439359432656e+14 1.422881471746104980e+12
3.890451449942804629e+03 -9.708940969742814062e+13 1.377395585573999756e+12
3.981071705534972807e+03 -8.485583551431421875e+13 1.331908079376434814e+12
4.073802778041126203e+03 -7.274198104818284375e+13 1.286447811557484863e+12
4.168693834703354696e+03 -6.075873484447889844e+13 1.241043506746617676e+12
4.265795188015924396e+03 -4.891678651484525781e+13 1.195723913401930664e+12
4.365158322401660371e+03 -3.722663685954400781e+13 1.150518143043690430e+12
4.466835921509629770e+03 -2.569858926304180859e+13 1.105455861713834229e+12
4.570881896148751366e+03 -1.434259379301105078e+13 1.060566757195145630e+12
4.677351412871980756e+03 -3.168401980477910645e+12 1.015880151401838135e+12
4.786300923226384839e+03 7.814611376476782227e+12 9.714248382491857910e+11
4.897788193684460566e+03 1.859744113645849609e+13 9.272294050479464111e+11
5.011872336272725079e+03 2.917136347082048438e+13 8.833223366299718018e+11
5.128613839913648917e+03 3.952821610942442969e+13 8.397316283664610596e+11
5.248074602497727938e+03 4.966005512483723438e+13 7.964854828700474854e+11
5.370317963702526868e+03 5.955961254934336719e+13 7.536113403056204834e+11
5.495408738576248652e+03 6.921984499872371094e+13 7.111364900355791016e+11
5.623413251903491073e+03 7.863443796910621875e+13 6.690871273985003662e+11
5.754399373371572437e+03 8.779733018307387500e+13 6.274887599228619385e+11
5.888436553555889986e+03 9.670321784622231250e+13 5.863658059018277588e+11
6.025595860743580488e+03 1.053470834431641250e+14 5.457431901034169922e+11
6.165950018614823421e+03 1.137246590708919844e+14 5.056447085790870972e+11
6.309573444801935693e+03 1.218320439869206719e+14 4.660931773396121826e+11
6.456542290346556001e+03 1.296659880582819219e+14 4.271100337605604858e+11
6.606934480075964530e+03 1.372237695991657188e+14 3.887156337929635620e+11
6.760829753919819268e+03 1.445031403511987500e+14 3.509310544633876953e+11
6.918309709189363275e+03 1.515025369448120312e+14 3.137764270771340942e+11
7.079457843841380054e+03 1.582207876807593438e+14 2.772687793665120850e+11
7.244359600749899073e+03 1.646573236226406562e+14 2.414253296403526611e+11
7.413102413009177326e+03 1.708121395284423750e+14 2.062636000532798462e+11
7.585775750291834811e+03 1.766856386371971875e+14 1.717970532500815430e+11
7.762471166286918560e+03 1.822787791164865938e+14 1.380398101936059570e+11
7.943282347242812648e+03 1.875930306556521562e+14 1.050070193581801758e+11
8.128305161640994811e+03 1.926302654194498438e+14 7.270970187861788940e+10
8.317637711026709439e+03 1.973928108532283438e+14 4.115932660814942169e+10
8.511380382023768107e+03 2.018834443089275312e+14 1.036673436686741447e+10
8.709635899560802500e+03 2.061053436305204062e+14 -1.965952744594048691e+10
8.912509381337456944e+03 2.100620341207581562e+14 -4.891094549668979645e+10
9.120108393559097749e+03 2.137574338623460000e+14 -7.738056593511013794e+10
9.332543007969914470e+03 2.171956718636379688e+14 -1.050617873146972198e+11
9.549925860214358181e+03 2.203815287938620312e+14 -1.319497166280566406e+11
9.772372209558112445e+03 2.233192858265095938e+14 -1.580384863856719055e+11
1.000000000000000000e+04 2.260146883416688125e+14 -1.833258817914851074e+11
1.023292992280753606e+04 2.284829967368175625e+14 -2.078361687930951233e+11
1.047128548050900645e+04 2.307264972707479688e+14 -2.315591585448532410e+11
1.071519305237607114e+04 2.327444389352042500e+14 -2.544766773686406250e+11
1.096478196143185232e+04 2.345375369443832812e+14 -2.765747258256443481e+11
1.122018454301962811e+04 2.361081678086958750e+14 -2.978441208810724487e+11
1.148153621496884080e+04 2.374605830443045000e+14 -3.182812021865565796e+11
1.174897554939529982e+04 2.386011430820945312e+14 -3.378886079683187256e+11
1.202264434617412917e+04 2.395385730626858438e+14 -3.566761264471313477e+11
1.230268770812381081e+04 2.402842423363549375e+14 -3.746616291848120117e+11
1.258925411794166212e+04 2.408523769204071562e+14 -3.918718198105925903e+11
1.288249551693134890e+04 2.412535594922435312e+14 -4.083231984518750000e+11
1.318256738556407436e+04 2.414891837211020312e+14 -4.240058566573416748e+11
1.348962882591653215e+04 2.415607598279177188e+14 -4.389110935497350464e+11
1.380384264602883923e+04 2.414710594717338750e+14 -4.530349803970264893e+11
1.412537544622755195e+04 2.412242725369846562e+14 -4.663790309949515381e+11
1.445439770745928035e+04 2.408261785558722500e+14 -4.789509372469649048e+11
1.479108388168207239e+04 2.402843339804160938e+14 -4.907653754599050903e+11
1.513561248436207279e+04 2.396081672885225938e+14 -5.018444799713068237e+11
1.548816618912482772e+04 2.388046491514037188e+14 -5.122017625235219116e+11
1.584893192461114086e+04 2.378761207540609062e+14 -5.218341269567857056e+11
1.621810097358929852e+04 2.368255247919478125e+14 -5.307416170387263184e+11
1.659586907437559421e+04 2.356569254098856250e+14 -5.389295427536699219e+11
1.698243652461746024e+04 2.343756395155331562e+14 -5.464091706109912720e+11
1.737800828749376160e+04 2.329883800833715625e+14 -5.531984796353906250e+11
1.778279410038923015e+04 2.315029505559826562e+14 -5.593209645716571045e+11
1.819700858609982242e+04 2.299238089399253125e+14 -5.647863555119641113e+11
1.862087136662869307e+04 2.282534529315607812e+14 -5.695968625466878662e+11
1.905460717963248317e+04 2.264951504136774062e+14 -5.737593343963039551e+11
1.949844599758044933e+04 2.246530686677294375e+14 -5.772860382211833496e+11
1.995262314968878491e+04 2.227323748278186875e+14 -5.801953352915256348e+11
2.041737944669531862e+04 2.207387251215581562e+14 -5.825089523082010498e+11
2.089296130854040530e+04 2.186754115338442812e+14 -5.842361696083690186e+11
2.137962089502231902e+04 2.165452584154602500e+14 -5.853845812778083496e+11
2.187761623949552086e+04 2.143517607789443125e+14 -5.859666322658984375e+11
2.238721138568342576e+04 2.120991577396283125e+14 -5.860002201222268066e+11
2.290867652767774780e+04 2.097922227623771875e+14 -5.855074270338281250e+11
2.344228815319922433e+04 2.074342542932307188e+14 -5.845012962214434814e+11
2.398832919019490146e+04 2.050280315890890000e+14 -5.829923460954835205e+11
2.454708915685028842e+04 2.025768533616510625e+14 -5.809956519741481934e+11
2.511886431509581598e+04 2.000845939008784062e+14 -5.785314057112949219e+11
2.570395782768864228e+04 1.975550475529457812e+14 -5.756196954414577637e+11
2.630267991895381056e+04 1.949909790180960312e+14 -5.722729010196724854e+11
2.691534803926914174e+04 1.923953548663769375e+14 -5.685058878441881104e+11
2.754228703338168634e+04 1.897715758300333438e+14 -5.643380708173862305e+11
2.818382931264454965e+04 1.871231572065471562e+14 -5.597904628310714111e+11
2.884031503126605458e+04 1.844528594896338438e+14 -5.548774405957625732e+11
2.951209226666383984e+04 1.817635212926733438e+14 -5.496149296849271851e+11
3.019951720402019419e+04 1.790583055253866250e+14 -5.440229441727492065e+11
3.090295432513592095e+04 1.763402972860347812e+14 -5.381210940879760742e+11
3.162277660168379225e+04 1.736121190859040000e+14 -5.319243096554625854e+11
3.235936569296280868e+04 1.708765494852327188e+14 -5.254501534331652222e+11
3.311311214825914794e+04 1.681365309692062188e+14 -5.187189679524894409e+11
3.388441561392027506e+04 1.653946691667445312e+14 -5.117473945390000610e+11
3.467368504525316530e+04 1.626534891216343125e+14 -5.045520013760582886e+11
3.548133892335753626e+04 1.599156483649930625e+14 -4.971522705524442139e+11
3.630780547701017349e+04 1.571836279151301875e+14 -4.895653981896928101e+11
3.715352290971728507e+04 1.544597540750107812e+14 -4.818069422544855957e+11
3.801893963205612090e+04 1.517464115928647500e+14 -4.738948229646683960e+11
3.890451449942804902e+04 1.490458461987144688e+14 -4.658455542426335449e+11
3.981071705534977809e+04 1.463601727616052812e+14 -4.576747869643882446e+11
4.073802778041129932e+04 1.436914934502272188e+14 -4.493998900391705933e+11
4.168693834703355242e+04 1.410417740981401875e+14 -4.410359159672685547e+11
4.265795188015924941e+04 1.384128824664833750e+14 -4.325977378028846436e+11
4.365158322401656187e+04 1.358066116772983125e+14 -4.241007735370702515e+11
4.466835921509634500e+04 1.332246385187717031e+14 -4.155586879758287354e+11
4.570881896148752276e+04 1.306685309441167812e+14 -4.069859474741434937e+11
4.677351412871980574e+04 1.281397704343535000e+14 -3.983958748602396851e+11
4.786300923226380837e+04 1.256397173029755781e+14 -3.898013652171832886e+11
4.897788193684465659e+04 1.231696245111120156e+14 -3.812151849394910278e+11
5.011872336272725079e+04 1.207306574385106406e+14 -3.726490608643367920e+11
5.128613839913648553e+04 1.183238364059192188e+14 -3.641146376994152832e+11
5.248074602497722663e+04 1.159501239653325625e+14 -3.556219075661315918e+11
5.370317963702532870e+04 1.136103190652883594e+14 -3.471808124342151489e+11
5.495408738576248288e+04 1.113051760636360781e+14 -3.388012331665388794e+11
5.623413251903490163e+04 1.090352844356742031e+14 -3.304929562230900269e+11
5.754399373371567344e+04 1.068011928270189062e+14 -3.222644315539515381e+11
5.888436553555895807e+04 1.046032902540938594e+14 -3.141235464550860596e+11
6.025595860743580852e+04 1.024419283953697031e+14 -3.060774887534663696e+11
6.165950018614822329e+04 1.003173133972021094e+14 -2.981329439964080811e+11
6.309573444801929872e+04 9.822960434291032812e+13 -2.902958996534672852e+11
6.456542290346563095e+04 9.617884904009735938e+13 -2.825721948455846558e+11
6.606934480075963074e+04 9.416501903036126562e+13 -2.749675534961875610e+11
6.760829753919818904e+04 9.218802092000053125e+13 -2.674864212114227295e+11
6.918309709189362184e+04 9.024766096196396875e+13 -2.601324195477928162e+11
7.079457843841388240e+04 8.834372993923351562e+13 -2.529095407023209534e+11
7.244359600749907258e+04 8.647588146972621875e+13 -2.458210900857433777e+11
7.413102413009176962e+04 8.464368197520493750e+13 -2.388695127948010559e+11
7.585775750291836448e+04 8.284689124997553125e+13 -2.320571370344328308e+11
7.762471166286910011e+04 8.108504615459410938e+13 -2.253854932364344482e+11
7.943282347242819378e+04 7.935745318733789062e+13 -2.188556546447360535e+11
8.128305161640995357e+04 7.766364269894387500e+13 -2.124697830761200867e+11
8.317637711026707257e+04 7.600306465757039062e+13 -2.062283421339609680e+11
8.511380382023759012e+04 7.437508717690545312e+13 -2.001308432683067932e+11
8.709635899560814141e+04 7.277908066138225000e+13 -1.941775551762842407e+11
8.912509381337459490e+04 7.121439459389421875e+13 -1.883692521226394958e+11
9.120108393559095566e+04 6.968035619458032031e+13 -1.827040154880972290e+11
9.332543007969904284e+04 6.817630249379065625e+13 -1.771807876881024170e+11
9.549925860214367276e+04 6.670150711546033594e+13 -1.717993378109709778e+11
9.772372209558110626e+04 6.525536134138022656e+13 -1.665584500323103027e+11
1.000000000000000000e+05 6.383705245556514062e+13 -1.614557107778617249e+11
1.023292992280753533e+05 6.244427085039142969e+13 -1.564835214684648743e+11
1.047128548050900426e+05 6.107686776362404688e+13 -1.516420155802664490e+11
1.071519305237607041e+05 5.973521977572361719e+13 -1.469330777633678284e+11
1.096478196143185050e+05 5.841949189154303906e+13 -1.423576681566740723e+11
1.122018454301963066e+05 5.712960719156591406e+13 -1.379156898610190125e+11
1.148153621496884007e+05 5.586521350284184375e+13 -1.336058434206501923e+11
1.174897554939530237e+05 5.462564683614939062e+13 -1.294254672094027405e+11
1.202264434617413062e+05 5.340989131583647656e+13 -1.253703625298984222e+11
1.230268770812381263e+05 5.221653530718349219e+13 -1.214346021415262909e+11
1.258925411794168758e+05 5.104373800940026562e+13 -1.176103810913234253e+11
1.288249551693134854e+05 4.989025207594359375e+13 -1.138922292840946350e+11
1.318256738556407217e+05 4.875629597656457812e+13 -1.102806022010390930e+11
1.348962882591653033e+05 4.764208958964996875e+13 -1.067758165785802765e+11
1.380384264602883486e+05 4.654767364036554688e+13 -1.033772887428602905e+11
1.412537544622755086e+05 4.547288445601853125e+13 -1.000834132251663818e+11
1.445439770745927817e+05 4.441732625441131250e+13 -9.689142969637095642e+10
1.479108388168207312e+05 4.338034075580767969e+13 -9.379727723574792480e+10
1.513561248436206661e+05 4.236099057866901562e+13 -9.079551491527726746e+10
1.548816618912482809e+05 4.135871769402682031e+13 -8.788248082644601440e+10
1.584893192461114086e+05 4.037367214246610938e+13 -8.505786961911895752e+10
1.621810097358929925e+05 3.940591051835897656e+13 -8.232088864471206665e+10
1.659586907437559566e+05 3.845531308228153906e+13 -7.966986162976351929e+10
1.698243652461745951e+05 3.752155973742244531e+13 -7.710211505796853638e+10
1.737800828749376233e+05 3.660410368218451562e+13 -7.461385378336634827e+10
1.778279410038922797e+05 3.570221906514046875e+13 -7.220039198799952698e+10
1.819700858609982533e+05 3.481573252983363672e+13 -6.985966464778202820e+10
1.862087136662869307e+05 3.394478990356219141e+13 -6.759111190146318817e+10
1.905460717963248317e+05 3.308939950127945312e+13 -6.539349259095140839e+10
1.949844599758045224e+05 3.224940586843568359e+13 -6.326476287532758331e+10
1.995262314968878345e+05 3.142446770476435547e+13 -6.120197557750478363e+10
2.041737944669531716e+05 3.061414944228308594e+13 -5.920173360056476593e+10
2.089296130854040675e+05 2.981844964969887891e+13 -5.726277042542133331e+10
2.137962089502232266e+05 2.903744216781961719e+13 -5.538421321702807617e+10
2.187761623949552013e+05 2.827105822013385547e+13 -5.356453325350032806e+10
2.238721138568342431e+05 2.751906666992179297e+13 -5.180146204805084991e+10
2.290867652767774707e+05 2.678111534710387109e+13 -5.009219042618711090e+10
2.344228815319922287e+05 2.605716328839472266e+13 -4.843537362864684296e+10
2.398832919019489491e+05 2.534726735916316406e+13 -4.683015643483811188e+10
2.454708915685028478e+05 2.465135019916596484e+13 -4.527511326269449615e+10
2.511886431509582326e+05 2.396918132288734375e+13 -4.376817363764817047e+10
2.570395782768864301e+05 2.330054289224140234e+13 -4.230736601506038666e+10
2.630267991895381710e+05 2.264547153503090625e+13 -4.089189923023221588e+10
2.691534803926913883e+05 2.200393081575538281e+13 -3.952072642308100891e+10
2.754228703338168561e+05 2.137574343424477734e+13 -3.819225942559143066e+10
2.818382931264454965e+05 2.076068555435953516e+13 -3.690475377951529694e+10
2.884031503126604948e+05 2.015875285891725000e+13 -3.565738117230341339e+10
2.951209226666384493e+05 1.956989176430785156e+13 -3.444916478421141815e+10
3.019951720402018982e+05 1.899391416798364844e+13 -3.327864908379110718e+10
3.090295432513591950e+05 1.843064511597111719e+13 -3.214447223434672928e+10
3.162277660168380244e+05 1.788006288277111328e+13 -3.104591053057587051e+10
3.235936569296281086e+05 1.734205120139941797e+13 -2.998194378607475662e+10
3.311311214825914358e+05 1.681639365014685938e+13 -2.895123523230740738e+10
3.388441561392028234e+05 1.630300575776798828e+13 -2.795296042883031845e+10
3.467368504525316530e+05 1.580180010279276758e+13 -2.698633957996134567e+10
3.548133892335752607e+05 1.531257422431880078e+13 -2.605024704603536987e+10
3.630780547701016767e+05 1.483519472113445703e+13 -2.514380667742750549e+10
3.715352290971727343e+05 1.436956907657800391e+13 -2.426630791338554001e+10
3.801893963205612963e+05 1.391549769791742969e+13 -2.341673771783015442e+10
3.890451449942804757e+05 1.347283678462895508e+13 -2.259429352922320175e+10
3.981071705534976791e+05 1.304147031775323047e+13 -2.179830309456974030e+10
4.073802778041129350e+05 1.262119106463722852e+13 -2.102785765394469070e+10
4.168693834703355096e+05 1.221186643451487305e+13 -2.028230784381246185e+10
4.265795188015924650e+05 1.181334151463770117e+13 -1.956098367310954666e+10
4.365158322401656769e+05 1.142541627359921680e+13 -1.886309032382232285e+10
4.466835921509634354e+05 1.104796124993987500e+13 -1.818798210022332001e+10
4.570881896148751839e+05 1.068077751737461328e+13 -1.753484198708601379e+10
4.677351412871980574e+05 1.032370400648667969e+13 -1.690307676342471313e+10
4.786300923226380255e+05 9.976569567817326172e+12 -1.629216916313040161e+10
4.897788193684466532e+05 9.639182622833179688e+12 -1.570150592166050720e+10
5.011872336272724788e+05 9.311385847508062500e+12 -1.513045879303519630e+10
5.128613839913648553e+05 8.992977504709294922e+12 -1.457833848162627411e+10
5.248074602497722954e+05 8.683798755749598633e+12 -1.404473340078561401e+10
5.370317963702531997e+05 8.383648492480202148e+12 -1.352914417919282150e+10
5.495408738576248288e+05 8.092362523015884766e+12 -1.303096851294608879e+10
5.623413251903490163e+05 7.809742978698567383e+12 -1.254951867131906509e+10
5.754399373371566180e+05 7.535621547632193359e+12 -1.208440950957085037e+10
5.888436553555895807e+05 7.269802849477469727e+12 -1.163522701595857811e+10
6.025595860743580852e+05 7.012116112990346680e+12 -1.120139713818494606e+10
6.165950018614821602e+05 6.762370260916697266e+12 -1.078236819228394318e+10
6.309573444801929872e+05 6.520390850144844727e+12 -1.037793037857612610e+10
6.456542290346563095e+05 6.285994309637976562e+12 -9.987656565596187592e+09
6.606934480075964238e+05 6.059001044653589844e+12 -9.610807671228826523e+09
6.760829753919818904e+05 5.839236179465602539e+12 -9.247018132685304642e+09
6.918309709189363057e+05 5.626518046696792969e+12 -8.896085057980297089e+09
7.079457843841387657e+05 5.420675151192386719e+12 -8.557559248857305527e+09
7.244359600749905221e+05 5.221533041296602539e+12 -8.231013619551151276e+09
7.413102413009178126e+05 5.028917601938113281e+12 -7.916084916225986481e+09
7.585775750291835284e+05 4.842661475724693359e+12 -7.612263831203693390e+09
7.762471166286912048e+05 4.662596243993644531e+12 -7.319201340088793755e+09
7.943282347242820542e+05 4.493166591865654297e+12 -7.042093436051842690e+09
8.128305161640995648e+05 4.322108603554613281e+12 -6.766507531113212585e+09
8.317637711026706966e+05 4.157563404452617676e+12 -6.501704296996311188e+09
8.511380382023758721e+05 3.999283010505526855e+12 -6.247261928251428604e+09
8.709635899560814723e+05 3.847028880742193359e+12 -6.002775116879276276e+09
8.912509381337459199e+05 3.700571557659791992e+12 -5.767854407205082893e+09
9.120108393559096148e+05 3.559461218849416504e+12 -5.541830016919230461e+09
9.332543007969903992e+05 3.423251991899015625e+12 -5.324081499006979942e+09
9.549925860214368440e+05 3.291800080645323242e+12 -5.114343679129418373e+09
9.772372209558112081e+05 3.164973992468333984e+12 -4.912367723931252480e+09
1.000000000000000000e+06 3.042649450145188477e+12 -4.717902310628890038e+09
1.023292992280753562e+06 2.924703788052502441e+12 -4.530735752533822060e+09
1.047128548050900572e+06 2.811010207817708496e+12 -4.350639319275589943e+09
1.071519305237607099e+06 2.701430982351064453e+12 -4.177356820268073082e+09
1.096478196143185254e+06 2.595820127038052246e+12 -4.010621032517940044e+09
1.122018454301962862e+06 2.494041084489943848e+12 -3.850179499257498264e+09
1.148153621496883919e+06 2.395966207279666016e+12 -3.695812850330021381e+09
1.174897554939530324e+06 2.301493746651303711e+12 -3.547336646363528728e+09
1.202264434617413208e+06 2.210521764327251465e+12 -3.404564814290906906e+09
1.230268770812381059e+06 2.122938726579759277e+12 -3.267297624804118633e+09
1.258925411794168642e+06 2.038621921818991211e+12 -3.135319292217695236e+09
1.288249551693134708e+06 1.957445842237434326e+12 -3.008411680917510509e+09
1.318256738556407625e+06 1.879295513142789307e+12 -2.886376005743805408e+09
1.348962882591653150e+06 1.804067871760510986e+12 -2.769035251388871193e+09
1.380384264602886513e+06 1.731672234359779053e+12 -2.656235146414086342e+09
1.412537544622755144e+06 1.662025473596076416e+12 -2.547835898438850403e+09
1.445439770745927934e+06 1.595035404243520264e+12 -2.443683238252097607e+09
1.479108388168207137e+06 1.530606185327326904e+12 -2.343616986647497654e+09
1.513561248436207185e+06 1.468645944693501709e+12 -2.247483607583271027e+09
1.548816618912482634e+06 1.409066809620071045e+12 -2.155136273127487183e+09
1.584893192461113911e+06 1.351784700512900879e+12 -2.066434547190521955e+09
1.621810097358929925e+06 1.296719201305497314e+12 -1.981244203760006905e+09
1.659586907437559683e+06 1.243793358428212891e+12 -1.899437021478881836e+09
1.698243652461746009e+06 1.192931664828610596e+12 -1.820887684733471632e+09
1.737800828749376349e+06 1.144059388289823975e+12 -1.745472763647068739e+09
1.778279410038922913e+06 1.097102132209769775e+12 -1.673070072460455894e+09
1.819700858609982301e+06 1.051986674356329346e+12 -1.603560054116962194e+09
1.862087136662869249e+06 1.008647602869671997e+12 -1.536836297845173836e+09
1.905460717963248026e+06 9.670235999558638916e+11 -1.472799362837195396e+09
1.949844599758045282e+06 9.270519465377827148e+11 -1.411347833777030706e+09
1.995262314968878869e+06 8.890974405399332275e+11 -1.352929552879543781e+09
2.041737944669531891e+06 8.519727539549501953e+11 -1.295999231028573751e+09
2.089296130854040850e+06 8.163982291105385742e+11 -1.241464421743995428e+09
2.137962089502232615e+06 7.823091380325216064e+11 -1.189224329842871428e+09
2.187761623949551955e+06 7.496434555086972656e+11 -1.139182401137065649e+09
2.238721138568342198e+06 7.183417462329088135e+11 -1.091246143997988462e+09
2.290867652767774183e+06 6.883270658757572021e+11 -1.045300955253191590e+09
2.344228815319922753e+06 6.595255465044949951e+11 -1.001237338117941976e+09
2.398832919019490015e+06 6.318907589634466553e+11 -9.589814457586894035e+08
2.454708915685033426e+06 6.053776720725760498e+11 -9.184618153084627390e+08
2.511886431509581394e+06 5.800298247201445312e+11 -8.797242212199355364e+08
2.570395782768864650e+06 5.556892851523074951e+11 -8.425498213713611364e+08
2.630267991895381361e+06 5.323215300217357788e+11 -8.068826750162857771e+08
2.691534803926913533e+06 5.098926852863604736e+11 -7.726681382117190361e+08
2.754228703338169027e+06 4.883696353525312500e+11 -7.398530103116255999e+08
2.818382931264454965e+06 4.677200587818000488e+11 -7.083855777789865732e+08
2.884031503126605414e+06 4.479121619104711914e+11 -6.782152575116870403e+08
2.951209226666383911e+06 4.289149603654718628e+11 -6.492929412669938803e+08
3.019951720402019098e+06 4.106981928177938843e+11 -6.215708416035588980e+08
3.090295432513591833e+06 3.932324139978282471e+11 -5.950026017784059048e+08
3.162277660168379545e+06 3.764890055939497070e+11 -5.695432817664706707e+08
3.235936569296280853e+06 3.603861459855848999e+11 -5.450784021749744415e+08
3.311311214825914241e+06 3.449690806868624878e+11 -5.216605143543444276e+08
3.388441561392027419e+06 3.302079851405007324e+11 -4.992439915874181986e+08
3.467368504525316879e+06 3.160743203799151611e+11 -4.777851811694427133e+08
3.548133892335752957e+06 3.025407936626433105e+11 -4.572423408081460595e+08
3.630780547701017465e+06 2.895813173078733521e+11 -4.375755715013080835e+08
3.715352290971728042e+06 2.771711497634759521e+11 -4.187469911144509912e+08
3.801893963205612730e+06 2.652866481217254333e+11 -4.007203953254657984e+08
3.890451449942804873e+06 2.539052708159273987e+11 -3.834612556986954212e+08
3.981071705534976907e+06 2.430055327549410400e+11 -3.669366497643667459e+08
4.073802778041129466e+06 2.325669600087320251e+11 -3.511151900162096024e+08
4.168693834703354631e+06 2.225700446509264221e+11 -3.359669581794413328e+08
4.265795188015925698e+06 2.129961932065230713e+11 -3.214634288060091138e+08
4.365158322401665151e+06 2.038276653268768921e+11 -3.075773799732243419e+08
4.466835921509635635e+06 1.950475184221418762e+11 -2.942828106390632987e+08
4.570881896148752421e+06 1.866395574886578674e+11 -2.815548645927820802e+08
4.677351412871981040e+06 1.785882899578256226e+11 -2.693697646172782779e+08
4.786300923226380721e+06 1.708788845925014954e+11 -2.577047531915326118e+08
4.897788193684465252e+06 1.634971342659212646e+11 -2.465380380088050961e+08
5.011872336272724904e+06 1.564294221468065491e+11 -2.358487377403499484e+08
5.128613839913647622e+06 1.496626908066028748e+11 -2.256168373840217292e+08
5.248074602497722022e+06 1.431844140294219360e+11 -2.158231474017875791e+08
5.370317963702532463e+06 1.369825711794484406e+11 -2.064492623503739536e+08
5.495408738576248288e+06 1.310456244170783081e+11 -1.974775281176515520e+08
5.623413251903491095e+06 1.253625068044572144e+11 -1.888910195817257464e+08
5.754399373371565714e+06 1.199226096303202057e+11 -1.806735180707612634e+08
5.888436553555896506e+06 1.147157664831855774e+11 -1.728094892087599039e+08
6.025595860743580386e+06 1.097322351405579834e+11 -1.652840544340056181e+08
6.165950018614822067e+06 1.049626784710620117e+11 -1.580829605325106978e+08
6.309573444801929407e+06 1.003981450881694183e+11 -1.511925483365518749e+08
6.456542290346561931e+06 9.603005049687339783e+10 -1.445997269010311365e+08
6.606934480075964704e+06 9.185015925820181274e+10 -1.382919445221708715e+08
6.760829753919817507e+06 8.785056868053543091e+10 -1.322571610935232639e+08
6.918309709189362824e+06 8.402369378829670715e+10 -1.264838249493440092e+08
7.079457843841387890e+06 8.036225508118809509e+10 -1.209608516767326593e+08
7.244359600749905221e+06 7.685925513867027283e+10 -1.156775917181516290e+08
7.413102413009177893e+06 7.350795888752838135e+10 -1.106238033412712663e+08
7.585775750291835517e+06 7.030188188935998535e+10 -1.057896325481272936e+08
7.762471166286926717e+06 6.723478394061262512e+10 -1.011656025126837939e+08
7.943282347242821939e+06 6.430066553515709686e+10 -9.674260739203055203e+07
8.128305161640995182e+06 6.149376544515420532e+10 -9.251190844177664816e+07
8.317637711026708595e+06 5.880855836551431274e+10 -8.846512667506307364e+07
8.511380382023759186e+06 5.623975186639019012e+10 -8.459423740533554554e+07
8.709635899560812861e+06 5.378228182217395782e+10 -8.089156414008653164e+07
8.912509381337458268e+06 5.143130656383628845e+10 -7.734976873715627193e+07
9.120108393559096381e+06 4.918219595130428314e+10 -7.396183567884109914e+07
9.332543007969904691e+06 4.703052731811960602e+10 -7.072106491281419992e+07
9.549925860214367509e+06 4.497208058257798004e+10 -6.762106234919323027e+07
9.772372209558112547e+06 4.300282971404345703e+10 -6.465572749089212716e+07
1.000000000000000000e+07 4.111893223082073975e+10 -6.181923780739591271e+07
1.023292992280753516e+07 3.931671831473692322e+10 -5.910603237593089044e+07
1.047128548050900735e+07 3.759268049682955933e+10 -5.651079556530649960e+07
1.071519305237606913e+07 3.594346406618715668e+10 -5.402844399035471678e+07
1.096478196143184789e+07 3.436585821459479523e+10 -5.165411367907813191e+07
1.122018454301963001e+07 3.285678822312877274e+10 -4.938314828902288526e+07
1.148153621496883966e+07 3.141330814018520355e+10 -4.721108872522095591e+07
1.174897554939530417e+07 3.003259952257859039e+10 -4.513367004812549800e+07
1.202264434617413022e+07 2.871196850564213181e+10 -4.314681612581513077e+07
1.230268770812381059e+07 2.744884097875750351e+10 -4.124663274475755543e+07
1.258925411794168688e+07 2.624075714145909500e+10 -3.942939912201285362e+07
1.288249551693134755e+07 2.508536577295706177e+10 -3.769155915836870670e+07
1.318256738556407206e+07 2.398041836868273163e+10 -3.602971279254598171e+07
1.348962882591653243e+07 2.292376319835219574e+10 -3.444060773964527249e+07
1.380384264602886513e+07 2.191333956236377335e+10 -3.292113053710765392e+07
1.412537544622755423e+07 2.094717259371640396e+10 -3.146829843419929966e+07
1.445439770745928027e+07 2.002336871403161621e+10 -3.007925211640410498e+07
1.479108388168207183e+07 1.914011213615447617e+10 -2.875125015629755333e+07
1.513561248436207138e+07 1.829565897377497864e+10 -2.748166065288957208e+07
1.548816618912482820e+07 1.748833238929212189e+10 -2.626795425130183995e+07
1.584893192461114004e+07 1.671651978737058449e+10 -2.510769972191831097e+07
1.621810097358929925e+07 1.597867134688862801e+10 -2.399856149379176274e+07
1.659586907437559590e+07 1.527329913169306755e+10 -2.293829795189267769e+07
1.698243652461745963e+07 1.459897621411706352e+10 -2.192475971133956686e+07
1.737800828749376163e+07 1.395433568061377716e+10 -2.095588772620790824e+07
1.778279410038922727e+07 1.333806949502298164e+10 -2.002971150622959435e+07
1.819700858609982580e+07 1.274892708654419136e+10 -1.914434702053800970e+07
1.862087136662868783e+07 1.218571358422478485e+10 -1.829799415783819184e+07
1.905460717963248491e+07 1.164728762076519966e+10 -1.748893340530534089e+07
1.949844599758045748e+07 1.113255947937452316e+10 -1.671552289766806550e+07
1.995262314968878776e+07 1.064048899133985329e+10 -1.597619516029213928e+07
2.041737944669532031e+07 1.017008308681103706e+10 -1.526945344926091842e+07
2.089296130854040757e+07 9.720393199936100006e+09 -1.459386799773460440e+07
2.137962089502232149e+07 9.290512742688190460e+09 -1.394807240252583288e+07
2.187761623949551582e+07 8.879574834824020386e+09 -1.333076033590817638e+07
2.238721138568342105e+07 8.486750304108566284e+09 -1.274068256228463724e+07
2.290867652767774835e+07 8.111245865300093651e+09 -1.217664413577869721e+07
2.344228815319922939e+07 7.752302461662770271e+09 -1.163750181499711610e+07
2.398832919019489735e+07 7.409193751578238487e+09 -1.112216171684835665e+07
2.454708915685033053e+07 7.081224728989159584e+09 -1.062957724359116331e+07
2.511886431509582326e+07 6.767730458460942268e+09 -1.015874727986782789e+07
2.570395782768864557e+07 6.468074880603498459e+09 -9.708714505266766995e+06
2.630267991895381361e+07 6.181649635573618889e+09 -9.278563612508872524e+06
2.691534803926913440e+07 5.907872908318922043e+09 -8.867419459274165332e+06
2.754228703338168934e+07 5.646188325936283112e+09 -8.474445334528872743e+06
2.818382931264454871e+07 5.396063895651467323e+09 -8.098841299447741359e+06
2.884031503126605600e+07 5.156990943033353806e+09 -7.739842493617373519e+06
2.951209226666383818e+07 4.928483084836695671e+09 -7.396717590060479008e+06
3.019951720402019098e+07 4.710075244102424622e+09 -7.068767409103471786e+06
3.090295432513592020e+07 4.501322710919378281e+09 -6.755323522612919100e+06
3.162277660168379173e+07 4.301800245569287300e+09 -6.455746847211312503e+06
3.235936569296280667e+07 4.111101219078085899e+09 -6.169426256875334308e+06
3.311311214825914800e+07 3.928836794766202927e+09 -5.895777258677205071e+06
3.388441561392027140e+07 3.754635162211562157e+09 -5.634240839746519923e+06
3.467368504525316507e+07 3.588140815536180973e+09 -5.384282395208870992e+06
3.548133892335753143e+07 3.429013854012373924e+09 -5.145390663549305871e+06
3.630780547701017559e+07 3.276929295239731789e+09 -4.917076773502404802e+06
3.715352290971727669e+07 3.131576427865434647e+09 -4.698873468234223314e+06
3.801893963205612451e+07 2.992658189494165421e+09 -4.490334186994646676e+06
3.890451449942804873e+07 2.859890567422098160e+09 -4.291032051708353683e+06
3.981071705534976721e+07 2.733002027847269058e+09 -4.100558985665482469e+06
4.073802778041129559e+07 2.611732970856424809e+09 -3.918524929743221961e+06
4.168693834703355283e+07 2.495835209369865894e+09 -3.744557081987678539e+06
4.265795188015925884e+07 2.385071472294144630e+09 -3.578299044769770931e+06
4.365158322401665896e+07 2.279214928222098827e+09 -3.419410102392550558e+06
4.466835921509634703e+07 2.178048728682717800e+09 -3.267564607378159650e+06
4.570881896148751676e+07 2.081365569581788778e+09 -3.122451343826639466e+06
4.677351412871980667e+07 1.988967275873249769e+09 -2.983772848013038747e+06
4.786300923226380348e+07 1.900664400370025158e+09 -2.851244692158075050e+06
4.897788193684465438e+07 1.816275841199197769e+09 -2.724594855086482130e+06
5.011872336272724718e+07 1.735628477283968925e+09 -2.603563251111767255e+06
5.128613839913648367e+07 1.658556817944179535e+09 -2.487901244782559574e+06
5.248074602497722208e+07 1.584902668276729107e+09 -2.377371047708536498e+06
5.370317963702532649e+07 1.514514809562935591e+09 -2.271745177921503782e+06
5.495408738576248288e+07 1.447248692943976879e+09 -2.170806137360821478e+06
5.623413251903490722e+07 1.382966146833281755e+09 -2.074346063064133516e+06
5.754399373371566832e+07 1.321535097012459517e+09 -1.982166266906775301e+06
5.888436553555896133e+07 1.262829301359430552e+09 -1.894076853243052727e+06
6.025595860743580759e+07 1.206728094483917713e+09 -1.809896315110024996e+06
6.165950018614823371e+07 1.153116143804669857e+09 -1.729451142998659983e+06
6.309573444801929593e+07 1.101883215737568378e+09 -1.652575570786526892e+06
6.456542290346561372e+07 1.052923951625217199e+09 -1.579111169296844397e+06
6.606934480075964332e+07 1.006137653610334277e+09 -1.508906469009710476e+06
6.760829753919818997e+07 9.614280793866549730e+08 -1.441816817570678657e+06
6.918309709189362824e+07 9.187032457164714336e+08 -1.377704160776176257e+06
7.079457843841388822e+07 8.778752406773159504e+08 -1.316436746410259744e+06
7.244359600749905407e+07 8.388600438737596273e+08 -1.257888692449852824e+06
7.413102413009177148e+07 8.015773534806019068e+08 -1.201939718256219756e+06
7.585775750291836262e+07 7.659504184340432882e+08 -1.148474861624427605e+06
7.762471166286925972e+07 7.319058789883240461e+08 -1.097384263437614543e+06
7.943282347242818773e+07 6.993736148561598063e+08 -1.048562973751841229e+06
8.128305161640995741e+07 6.682865949708253145e+08 -1.001910631995740463e+06
8.317637711026707292e+07 6.385807652598628998e+08 -9.573314198955335887e+05
8.511380382023777068e+07 6.101948904415264130e+08 -9.147337524043951416e+05
8.709635899560812116e+07 5.830704311366031170e+08 -8.740300273907663068e+05
8.912509381337459385e+07 5.571514263635634184e+08 -8.351364252248875564e+05
9.120108393559095263e+07 5.323843354410745502e+08 -7.979725494062174112e+05
9.332543007969903946e+07 5.087182177260493040e+08 -7.624624778589473572e+05
9.549925860214368999e+07 4.861041315802618861e+08 -7.285326158473946853e+05
9.772372209558111429e+07 4.644953109715171456e+08 -6.961126436163864564e+05
1.000000000000000000e+08 4.438470687612897754e+08 -6.651353706565741450e+05
