1.	3.6610363112735055e-10
1.02329299228069992	3.6598025329022554e-10
1.04712854805080013	3.6586064837764127e-10
1.07151930523759997	3.6574477242322087e-10
1.09647819614309983	3.656325817876678e-10
1.12201845430189984	3.65524033150162e-10
1.1481536214968	3.654190834999808e-10
1.17489755493949999	3.65317690128207e-10
1.20226443461740007	3.6521981061962413e-10
1.23026877081229991	3.6512540284472576e-10
1.2589254117941	3.6503442495188796e-10
1.28824955169310007	3.6494683535963614e-10
1.31825673855639991	3.648625927490944e-10
1.34896288259160002	3.6478165605652847e-10
1.38038426460280017	3.6470398446603916e-10
1.41253754462269998	3.6462953740235295e-10
1.44543977074589991	3.645582745237756e-10
1.47910838816820012	3.6449015571521905e-10
1.51356124843619999	3.6442514108139587e-10
1.54881661891239997	3.6436319094008044e-10
1.58489319246110005	3.643042658155287e-10
1.62181009735890003	3.642483264319664e-10
1.65958690743750004	3.6419533370723586e-10
1.69824365246169995	3.641452487465008e-10
1.73780082874929986	3.640980328360945e-10
1.77827941003889989	3.640536474374546e-10
1.81970085860989994	3.6401205418116365e-10
1.86208713666279979	3.6397321486108896e-10
1.90546071796320016	3.639370914286305e-10
1.94984459975800006	3.63903645987051e-10
1.99526231496880002	3.6387284078592275e-10
2.04173794466949987	3.6384463821564294e-10
2.08929613085400012	3.6381900080206863e-10
2.13796208950220024	3.6379589120122695e-10
2.18776162394950013	3.637752721941189e-10
2.23872113856829991	3.637571066816196e-10
2.29086765276769988	3.637413576794562e-10
2.3442288153198998	3.637279883132917e-10
2.39883291901940021	3.6371696181385143e-10
2.45470891568499994	3.6370824151220496e-10
2.5118864315095002	3.6370179083505786e-10
2.57039578276879999	3.6369757330017067e-10
2.63026799189530003	3.6369555251185803e-10
2.69153480392690003	3.6369569215655165e-10
2.7542287033381001	3.636979559984441e-10
2.81838293126439998	3.6370230787523367e-10
2.88403150312659973	3.6370871169391723e-10
2.95120922666629992	3.6371713142669775e-10
3.01995172040200011	3.637275311069288e-10
3.09029543251349992	3.637398748251605e-10
3.16227766016830003	3.6375412672525803e-10
3.2359365692962001	3.63770251000596e-10
3.31131121482590007	3.6378821189030987e-10
3.38844156139199981	3.638079736756482e-10
3.46736850452530021	3.6382950067638416e-10
3.54813389233569998	3.638527572472919e-10
3.63078054770100023	3.6387770777471367e-10
3.71535229097170028	3.639043166731883e-10
3.80189396320559991	3.639325483821476e-10
3.89045144994280001	3.639623673626969e-10
3.98107170553489986	3.639937380944558e-10
4.07380277804109969	3.640266250724692e-10
4.16869383470329957	3.6406099280419723e-10
4.26579518801589952	3.640968058065643e-10
4.36515832240160062	3.641340286030914e-10
4.46683592150959985	3.6417262572108426e-10
4.57088189614870011	3.642125616888992e-10
4.67735141287190004	3.6425380103327083e-10
4.78630092322630052	3.6429630827672364e-10
4.89778819368440033	3.643400479350339e-10
5.01187233627270068	3.6438498451476594e-10
5.12861383991360054	3.644310825108988e-10
5.24807460249770052	3.644783064044729e-10
5.37031796370250003	3.64526620660365e-10
5.4954087385761996	3.645759897250793e-10
5.62341325190339969	3.6462637802464246e-10
5.7543993733715002	3.646777499625508e-10
5.88843655355579987	3.647300699177877e-10
6.02559586074349962	3.647833022429065e-10
6.16595001861479997	3.648374112622013e-10
6.30957344480189963	3.648923612699162e-10
6.4565422903465004	3.6494811652854865e-10
6.60693448007589978	3.650046412672021e-10
6.76082975391980057	3.650618996800349e-10
6.91830970918929999	3.6511985592473747e-10
7.07945784384129961	3.651784741211259e-10
7.24435960074980034	3.652377183497588e-10
7.41310241300910011	3.6529755265066255e-10
7.58577575029180018	3.653579410220998e-10
7.76247116628690037	3.6541884741942537e-10
7.9432823472427998	3.654802357539964e-10
8.128305161640899	3.655420698921678e-10
8.31763771102670013	3.6560431365434625e-10
8.51138038202370062	3.656669308141212e-10
8.70963589956079964	3.6572988509747185e-10
8.91250938133740078	3.6579314018202106e-10
9.12010839355899883	3.6585665969640313e-10
9.33254300796989966	3.659204072196637e-10
9.54992586021429979	3.6598434628074285e-10
9.7723722095580996	3.660484403580453e-10
10.	3.6611265287906717e-10
10.2329299228075001	3.661769472200935e-10
10.4712854805089002	3.6624128670598883e-10
10.7151930523760015	3.6630563461003857e-10
10.9647819614318003	3.6636995415386584e-10
11.2201845430195988	3.6643420850744283e-10
11.4815362149688003	3.664983607891561e-10
11.7489755493951993	3.6656237406595226e-10
12.0226443461741006	3.666262113535518e-10
12.3026877081238002	3.6668983561676245e-10
12.5892541179416	3.6675320976982896e-10
12.8824955169313	3.66816296676886e-10
13.1825673855640009	3.668790591524871e-10
13.4896288259164994	3.669414599621908e-10
13.8038426460287997	3.670034618232423e-10
14.1253754462274994	3.670650274053146e-10
14.4543977074591989	3.671261193313394e-10
14.7910838816820007	3.6718670017842005e-10
15.1356124843619995	3.6724673247879287e-10
15.4881661891248008	3.673061787208903e-10
15.8489319246110991	3.673650013504957e-10
16.2181009735892978	3.6742316277192625e-10
16.5958690743755994	3.674806253493439e-10
16.9824365246174018	3.675373514081156e-10
17.3780082874936994	3.6759330323627124e-10
17.7827941003892	3.676484430860103e-10
18.1970085860998019	3.6770273317532525e-10
18.6208713666285988	3.677561356896776e-10
19.0546071796324021	3.6780861278375135e-10
19.4984459975804008	3.678601265833044e-10
19.9526231496887974	3.679106391870904e-10
20.4173794466952003	3.6796011266884884e-10
20.8929613085403005	3.68008509079384e-10
21.3796208950223026	3.6805579044873393e-10
21.8776162394954987	3.681019187883857e-10
22.3872113856834005	3.681468560936138e-10
22.9086765276776987	3.681905643458609e-10
23.4422881531991969	3.6823300551521785e-10
23.9883291901949001	3.682741415629749e-10
24.5470891568503014	3.68313934444252e-10
25.1188643150958022	3.683523461107131e-10
25.7039578276886012	3.6838933851335953e-10
26.3026799189537996	3.6842487360538647e-10
26.9153480392691016	3.684589133451467e-10
27.5422870333816014	3.684914196991559e-10
28.1838293126445016	3.6852235464521937e-10
28.8403150312659982	3.6855168017559315e-10
29.5120922666637995	3.685793583002539e-10
30.1995172040201005	3.6860535105022593e-10
30.9029543251359016	3.686296204810054e-10
31.6227766016837002	3.6865212867604215e-10
32.3593656929627969	3.6867283775030543e-10
33.1131121482590984	3.6869170985392566e-10
33.8844156139201971	3.687087071759065e-10
34.6736850452531016	3.6872379194792754e-10
35.4813389233575052	3.687369264481979e-10
36.3078054770100991	3.6874807300539457e-10
37.1535229097171964	3.6875719400268663e-10
38.018939632056096	3.68764251881803e-10
38.9045144994280037	3.6876920914720435e-10
39.8107170553496985	3.687720283702995e-10
40.7380277804111941	3.687726721937432e-10
41.6869383470334966	3.687711033358123e-10
42.657951880159203	3.68767284594835e-10
43.6515832240165977	3.687611788536883e-10
44.6683592150963022	3.6875274908438974e-10
45.708818961487502	3.687419583527139e-10
46.7735141287198033	3.687287698229059e-10
47.8630092322638063	3.687131467624432e-10
48.9778819368446037	3.686950525468744e-10
50.1187233627272022	3.6867445066470383e-10
51.2861383991363979	3.6865130472235076e-10
52.4807460249772006	3.6862557844915397e-10
53.703179637025201	3.6859723570245753e-10
54.9540873857623993	3.6856624047273625e-10
56.2341325190349011	3.6853255688877974e-10
57.5439937337155953	3.6849614922293106e-10
58.8843655355588993	3.6845698189639425e-10
60.2559586074356943	3.684150194845754e-10
61.6595001861482004	3.683702267224776e-10
63.0957344480193001	3.683225685101589e-10
64.565422903465489	3.682720099182215e-10
66.0693448007595947	3.682185161933594e-10
67.6082975391981051	3.681620561044332e-10
69.1830970918936004	3.681027084924438e-10
70.7945784384138079	3.680406843771558e-10
72.4435960074989964	3.6797620246051525e-10
74.1310241300917028	3.679094812452779e-10
75.8577575029184032	3.6784073900732085e-10
77.6247116628691032	3.6777019377057547e-10
79.4328234724280975	3.676980632845792e-10
81.2830516164099066	3.676245650046067e-10
83.1763771102669978	3.6754991607441406e-10
85.1138038202376066	3.674743333115504e-10
87.096358995608	3.67398033195267e-10
89.125093813374491	3.673212318569813e-10
91.2010839355909013	3.672441450732864e-10
93.325430079699089	3.671669882615389e-10
95.4992586021434988	3.670899764779409e-10
97.723722095580996	3.67013324418184e-10
100.	3.669372464205826e-10
102.329299228075399	3.668619564717107e-10
104.712854805089904	3.667876682145423e-10
107.151930523760697	3.667145949590623e-10
109.647819614318507	3.6664294969535165e-10
112.2018454301963	3.66572945109132e-10
114.815362149688298	3.6650479359976374e-10
117.489755493952899	3.664387073006993e-10
120.226443461741297	3.663748981023512e-10
123.026877081238112	3.66313577677414e-10
125.892541179416696	3.662549575086104e-10
128.824955169313313	3.6619924891884517e-10
131.825673855640702	3.6614666310380855e-10
134.896288259165317	3.660974111669797e-10
138.038426460288491	3.6605170415705554e-10
141.253754462275396	3.660097531078227e-10
144.543977074592789	3.6597176908043986e-10
147.9108388168207	3.6593796320816504e-10
151.35612484362079	3.6590854674354087e-10
154.881661891248115	3.6588373110802244e-10
158.489319246111393	3.6586372794408093e-10
162.1810097358929	3.658487491697964e-10
165.958690743756108	3.658390070359621e-10
169.824365246174381	3.6583471418570684e-10
173.780082874937591	3.6583608371667455e-10
177.827941003892306	3.658433292457797e-10
181.970085860998381	3.6585666497658024e-10
186.208713666286684	3.658763057692844e-10
190.546071796324782	3.65902467213438e-10
194.984459975804498	3.659353657033457e-10
199.526231496887988	3.6597521851623714e-10
204.173794466952899	3.6602224389326824e-10
208.929613085403815	3.660766611233735e-10
213.796208950223189	3.661386906300486e-10
218.776162394955094	3.6620855406111386e-10
223.872113856834005	3.6628647438153556e-10
229.086765276777214	3.663726759693541e-10
234.422881531992204	3.6646738471482345e-10
239.883291901948979	3.6657082812281894e-10
245.470891568503106	3.6668323541860825e-10
251.188643150957915	3.668048376570923e-10
257.039578276886402	3.669358678355768e-10
263.02679918953811	3.670765610102332e-10
269.15348039269162	3.6722715441630044e-10
275.422870333816604	3.673878875921954e-10
281.838293126445478	3.6755900250762833e-10
288.4031503126605	3.677407436958673e-10
295.120922666638705	3.679333583902917e-10
301.995172040201624	3.681370966653773e-10
309.0295432513592	3.683522115822782e-10
316.227766016837904	3.68578960613894e-10
323.593656929628366	3.6881761518546904e-10
331.131121482591084	3.6906845554594095e-10
338.84415613920271	3.693317657056468e-10
346.736850452531598	3.696078335815508e-10
354.81338923357572	3.698969511871818e-10
363.078054770101403	3.701994148291898e-10
371.535229097172419	3.705155253107645e-10
380.18939632056123	3.7084558814220623e-10
389.04514499428052	3.7118991375894734e-10
398.107170553497326	3.7154881774735676e-10
407.380277804112609	3.7192262107862065e-10
416.869383470335492	3.7231165035112063e-10
426.579518801592485	3.7271623804161044e-10
436.515832240166105	3.7313672276564584e-10
446.683592150962966	3.735734495476514e-10
457.088189614875205	3.74026770101083e-10
467.735141287198132	3.744970431191414e-10
478.630092322638461	3.749846345765504e-10
489.778819368446079	3.754899180428948e-10
501.187233627272462	3.7601327500810155e-10
512.861383991364846	3.7655509522062686e-10
524.807460249772816	3.7711577703897295e-10
537.031796370252664	3.776957277972002e-10
549.540873857624888	3.782953641851106e-10
562.341325190349039	3.7891511264385913e-10
575.439937337157289	3.7955540977773647e-10
588.843655355589021	3.8021670278299596e-10
602.559586074358094	3.8089944989454184e-10
616.59500186148216	3.8160412085144643e-10
630.957344480193569	3.823311973822633e-10
645.6542290346556	3.8308117371116735e-10
660.693448007595748	3.838545570860424e-10
676.082975391981904	3.8465186832967415e-10
691.830970918936259	3.854736424153126e-10
707.945784384138051	3.86320429067893e-10
724.435960074989907	3.8719279339236236e-10
741.31024130091771	3.880913165305721e-10
758.577575029183549	3.8901659634833945e-10
776.24711662869197	3.8996924815437235e-10
794.328234724281401	3.9094990545284703e-10
812.830516164099549	3.919592207315696e-10
831.76377110267083	3.929978662877433e-10
851.13803820237672	3.9406654154157004e-10
870.963589956080455	3.9516622738092077e-10
891.250938133745876	3.9629827722009293e-10
912.010839355909638	3.974641062835227e-10
933.254300796991515	3.9866517082726754e-10
954.992586021435954	3.9990297056453017e-10
977.237220955811267	4.0117905125000516e-10
1000.	4.0249500743404635e-10
1023.29299228075479	4.038524853986313e-10
1047.12854805089955	4.052531862881525e-10
1071.51930523760711	4.0669886944924276e-10
1096.47819614318519	4.0819135599514703e-10
1122.01845430196431	4.097325326115662e-10
1148.15362149688281	4.113243556224418e-10
1174.89755493953044	4.129688553359275e-10
1202.26443461741314	4.1466814069264223e-10
1230.26877081238126	4.1642440424044324e-10
1258.92541179416753	4.1823992746226674e-10
1288.24955169313353	4.201170864861784e-10
1318.25673855640775	4.220583582096137e-10
1348.96288259165317	4.2406632687298975e-10
1380.3842646028852	4.261436911213842e-10
1412.53754462275401	4.2829327159690626e-10
1445.43977074592817	4.305180191087778e-10
1479.10838816820728	4.3282102343301125e-10
1513.56124843620887	4.3520552279904787e-10
1548.81661891248132	4.3767491412683556e-10
1584.89319246111404	4.4023276408465884e-10
1621.81009735892985	4.428828210457479e-10
1659.58690743756119	4.4562902803032834e-10
1698.24365246174443	4.4847553672951157e-10
1737.80082874937625	4.5142672271839873e-10
1778.27941003892283	4.544872019781831e-10
1819.70085860998438	4.5766184886107085e-10
1862.08713666286758	4.6095581564772636e-10
1905.46071796324827	4.643745538650319e-10
1949.84459975804566	4.679238375524875e-10
1995.2623149688809	4.71609788688992e-10
2041.73794466952972	4.75438845247051e-10
2089.29613085404117	4.794175156815046e-10
2137.96208950223263	4.835526060610022e-10
2187.7616239495519	4.87851359791181e-10
2238.72113856833994	4.923214934042356e-10
2290.86765276777214	4.969712358038594e-10
2344.22881531992289	5.01809371472542e-10
2398.83291901948996	5.068452881164546e-10
2454.70891568503112	5.120890292894028e-10
2511.88643150958023	5.175513526141657e-10
2570.39578276886505	5.232437943088633e-10
2630.26799189538133	5.291787408300728e-10
2691.53480392691699	5.353695085661184e-10
2754.22870333816627	5.418304326564663e-10
2818.38293126445524	5.485769661807348e-10
2884.031503126605	5.556257911582558e-10
2951.20922666638717	5.629949430326126e-10
3019.95172040201624	5.707039505924315e-10
3090.295432513592	5.78773993609213e-10
3162.2776601683795	5.872280808663887e-10
3235.93656929628469	5.960912517252633e-10
3311.31121482591106	6.053908049405247e-10
3388.44156139202778	6.151565591227813e-10
3467.36850452531644	6.254211500756312e-10
3548.13389233575663	6.362203712455491e-10
3630.7805477010138	6.475935647587634e-10
3715.3522909717276	6.595840720378048e-10
3801.89396320561264	6.722397548649038e-10
3890.45144994280508	6.856136000853549e-10
3981.07170553497326	6.997644240452673e-10
4073.8027780411262	7.147565082072835e-10
4168.6938347033547	7.306521850932382e-10
4265.7951880159253	7.475160766375973e-10
4365.15832240166128	7.654195779963239e-10
4466.83592150962977	7.844417469301881e-10
4570.88189614875137	8.0467031254881e-10
4677.35141287198076	8.262028497662388e-10
4786.30092322638484	8.491481518524331e-10
4897.78819368446148	8.736278409212123e-10
5011.87233627272508	8.997782656374556e-10
5128.61383991364892	9.277527474601939e-10
5248.07460249772794	9.577242521794795e-10
5370.31796370252687	9.89888583460102e-10
5495.40873857624865	1.0244682210901968e-9
5623.41325190349107	1.0617169607421225e-9
5754.39937337157244	1.1019255572108343e-9
5888.43655355588999	1.1454286334260226e-9
6025.5958607435814	1.192613198923079e-9
6165.95001861482251	1.2439292324001807e-9
6309.57344480193569	1.2999029359094404e-9
6456.542290346556	1.361153481551804e-9
6606.93448007596453	1.4284143729932493e-9
6760.82975391981927	1.5025609760898125e-9
6918.30970918936328	1.5846461268097354e-9
7079.45784384138005	1.6759403901265113e-9
7244.35960074989907	1.7779906774601836e-9
7413.10241300917733	1.8927077833571057e-9
7585.77575029183572	2.0224800695823713e-9
7762.47116628691947	2.170332061157548e-9
7943.28234724281356	2.3401506937193874e-9
8128.30516164099481	2.537015448432194e-9
8317.63771102670944	2.767692629591642e-9
8511.38038202376811	3.0413975876509196e-9
8709.63589956080432	3.371011160789755e-9
8912.50938133745876	3.775100917991299e-9
9120.10839355909593	4.281445355477738e-9
9332.54300796991447	4.9335492551152625e-9
9549.92586021435818	5.8036000062559075e-9
9772.37220955811244	7.020758823011638e-9
10000.	8.841165367307406e-9
10232.9299228075361	1.1854787173495205e-8
10471.2854805090083	1.7792020899045685e-8
10715.1930523760711	3.4856549844379085e-8
10964.7819614318523	1.1511666158381207e-6
11220.1845430196263	4.1110672608301004e-8
11481.536214968839	2.009720094515674e-8
11748.9755493953016	1.3433500617061109e-8
12022.644346174131	1.0167716503384707e-8
12302.6877081238108	8.231309232213734e-9
12589.2541179416621	6.951479510644424e-9
12882.4955169313489	6.043968419142019e-9
13182.5673855640744	5.367970240714342e-9
13489.6288259165322	4.845780709110771e-9
13803.842646028841	4.4310131091578755e-9
14125.3754462275538	4.094267669411787e-9
14454.3977074592804	3.816010447147812e-9
14791.0838816820724	3.582757606649007e-9
15135.6124843620728	3.384903676112874e-9
15488.1661891248277	3.2154228192855043e-9
15848.9319246111409	3.069059419306014e-9
16218.1009735892985	2.941805622817497e-9
16595.8690743755942	2.8305537960032915e-9
16982.4365246174602	2.732859206385407e-9
17378.0082874937616	2.646774214900362e-9
17782.7941003892302	2.57073006417284e-9
18197.0085860998261	2.5034510750255984e-9
18620.8713666286894	2.4438913640168215e-9
19054.6071796324832	2.3911875018355145e-9
19498.4459975804493	2.344622645581427e-9
19952.6231496887849	2.3035990578218954e-9
20417.3794466953223	2.2676070471793576e-9
20892.9613085404053	2.2361672473272406e-9
21379.6208950223227	2.2088570018598242e-9
21877.6162394955209	2.185316516666292e-9
22387.2113856834258	2.165238333197694e-9
22908.6765276777478	2.1483588669262055e-9
23442.2881531992243	2.134451562034563e-9
23988.3291901949015	2.1233213124064246e-9
24547.0891568502884	2.1147998825106835e-9
25118.8643150958196	2.108742123423562e-9
25703.9578276886459	2.105022825180793e-9
26302.6799189538106	2.1035340812018687e-9
26915.3480392691417	2.1041830667199335e-9
27542.28703338169	2.1068901531513625e-9
28183.8293126445496	2.111587295712389e-9
28840.3150312660582	2.1182166434723608e-9
29512.0922666638398	2.126729330259202e-9
30199.5172040201978	2.1370844120200146e-9
30902.954325135921	2.149247921848895e-9
31622.7766016837959	2.1631920182717076e-9
32359.3656929628123	2.1788942057863205e-9
33113.1121482591479	2.196336609297662e-9
33884.4156139202751	2.2155052861147734e-9
34673.6850452531653	2.2363895607142987e-9
35481.3389233575363	2.2589813686173967e-9
36307.8054770101808	2.283274596555697e-9
37153.5229097172851	2.3092644066831463e-9
38018.9396320561282	2.3369465329845234e-9
38904.514499428049	2.3663165382948268e-9
39810.7170553497781	2.3973690205319898e-9
40738.0277804112993	2.4301019118923404e-9
41686.9383470335524	2.4645509324866856e-9
42657.9518801592494	2.5007721905538477e-9
43651.5832240165619	2.538825569920058e-9
44668.359215096345	2.5787747191710386e-9
45708.8189614875228	2.620687125765971e-9
46773.514128719813	2.6646341846794055e-9
47863.0092322638084	2.710691258271359e-9
48977.8819368446639	2.7589377234886286e-9
50118.7233627272508	2.8094570017932413e-9
51286.1383991364855	2.862336566381472e-9
52480.7460249772266	2.9176679202815662e-9
53703.1796370253287	2.975546537780533e-9
54954.0873857624829	3.036071760310379e-9
56234.1325190349089	3.09934663639864e-9
57543.9937337156734	3.165477693535032e-9
58884.3655355589654	3.2345746278027553e-9
60255.9586074358085	3.3067498948479427e-9
61659.5001861482233	3.38211818319625e-9
63095.7344480192987	3.4607957480594378e-9
64565.422903465631	3.542899580604361e-9
66069.3448007596307	3.6285463841938126e-9
67608.297539198189	3.7178513253847762e-9
69183.0970918936218	3.810928220143614e-9
70794.5784384138824	3.90792838762916e-9
72443.596007499058	4.009050134198102e-9
74131.0241300917696	4.114504618414771e-9
75857.7575029183645	4.224514656073565e-9
77624.7116628691147	4.339315231336584e-9
79432.8234724282083	4.459153989914291e-9
81283.0516164099536	4.584291702392053e-9
83176.3771102670871	4.715002682918059e-9
85113.8038202375901	4.851575145007957e-9
87096.3589956081414	4.994311472088478e-9
89125.0938133745949	5.143528375484883e-9
91201.0839355909557	5.299556906731848e-9
93325.4300796990428	5.462742284216438e-9
95499.2586021436873	5.633443486101346e-9
97723.7220955811208	5.812032552071944e-9
100000.	5.99889352555577e-9
102329.299228075353	6.194420955534118e-9
104712.854805090057	6.399017862798344e-9
107151.930523760704	6.613093059434412e-9
109647.81961431852	6.837057692475136e-9
112201.845430196307	7.071320863193901e-9
114815.362149688401	7.316284152763068e-9
117489.755493953038	7.57233516483945e-9
120226.443461741321	7.839911136204432e-9
123026.877081238126	8.119612253010471e-9
125892.541179416876	8.412096291139687e-9
128824.955169313485	8.718061803172683e-9
131825.673855640722	9.03825090721013e-9
134896.288259165303	9.373452280447334e-9
138038.426460288378	9.724504373389123e-9
141253.754462275538	1.0092298861918527e-8
144543.977074592782	1.0477784355887686e-8
147910.838816820731	1.088197038450948e-8
151356.124843620695	1.1305931680605637e-8
154881.661891248281	1.175081278774921e-8
158489.319246111409	1.2217833016551977e-8
162181.009735893022	1.2708291778835174e-8
165958.690743755957	1.3223574331233728e-8
169824.365246174595	1.3765157962983031e-8
173780.082874937623	1.4334618666298185e-8
177827.94100389228	1.493363833197559e-8
181970.085860998253	1.5564012517741196e-8
186208.713666286902	1.6227658842591902e-8
190546.071796324832	1.692662606710199e-8
194984.459975804522	1.766310392763108e-8
199526.231496887864	1.8439433801860832e-8
204173.794466953142	1.9258117517198662e-8
208929.613085404068	2.0121815169098968e-8
213796.208950223256	2.1033362890650052e-8
218776.162394955201	2.1995789809187147e-8
223872.113856834243	2.301233158044062e-8
229086.765276777471	2.4086444894518975e-8
234422.881531992229	2.5221823047393835e-8
239883.291901948949	2.6422412684017243e-8
245470.891568502848	2.7692431840193963e-8
251188.643150958233	2.9036389437337167e-8
257039.578276886459	3.0459106419026374e-8
263026.799189538171	3.196573876307008e-8
269153.480392691388	3.3561802660351646e-8
275422.870333816914	3.5253202225679167e-8
281838.293126445496	3.7046260200630656e-8
288403.150312660553	3.8947752229648724e-8
295120.922666638449	4.096494544552322e-8
301995.172040201898	4.310564229789834e-8
309029.543251359195	4.5378230809943504e-8
316227.766016838024	4.779174276825003e-8
323593.656929628109	5.035592175777137e-8
331131.121482591436	5.308130347075948e-8
338844.156139202823	5.597931137659943e-8
346736.850452531653	5.906237167782504e-8
354813.389233575319	6.234405254855555e-8
363078.054770101735	6.583923402443388e-8
371535.229097172792	6.956431668139844e-8
380189.396320561296	7.35374795316768e-8
389045.144994280476	7.777900055567612e-8
398107.170553497737	8.231165722523689e-8
407380.277804112993	8.716082550038941e-8
416869.38347033551	9.235190166603339e-8
426579.518801592465	9.791100706882723e-8
436515.832240165735	1.0386619965961572e-7
446683.592150963494	1.1024760122166474e-7
457088.189614875184	1.1708752480028148e-7
467735.141287198057	1.2442061070903798e-7
478630.092322638026	1.32283974440311e-7
489778.819368446653	1.407173715778283e-7
501187.233627272479	1.4976338727533734e-7
512861.383991364855	1.5946766124644497e-7
524807.460249772295	1.6987916378318314e-7
537031.7963702532	1.8105054443596435e-7
549540.873857624829	1.9303858309391148e-7
562341.325190349016	2.0590478388254448e-7
575439.937337156618	2.1971616631151683e-7
588843.655355589581	2.3454632649642045e-7
602559.586074358085	2.504768654954641e-7
616595.00186148216	2.6759931393633334e-7
630957.344480192987	2.860177252728183e-7
645654.22903465631	3.058521689626592e-7
660693.448007596424	3.2724343703989254e-7
676082.97539198189	3.503593948415981e-7
691830.970918936306	3.7540203735788245e-7
707945.784384138766	4.0257804074547934e-7
724435.960074990638	4.3208178924809025e-7
741310.241300917696	4.6412180372621516e-7
758577.575029183528	4.989227249553664e-7
776247.116628691205	5.367257307835277e-7
794328.234724282171	5.777887890627024e-7
812830.516164099565	6.223867376176056e-7
831763.771102670813	6.708112075990894e-7
851138.038202375872	7.233704478180328e-7
870963.589956081472	7.803891712870531e-7
891250.93813374592	8.422086389718648e-7
912010.839355909615	9.091873291243599e-7
933254.300796990399	9.817027248857995e-7
954992.586021436728	1.060155001781969e-6
977237.220955811208	1.1449737273105843e-6
1.e6	1.2366291200041072e-6
1.02329299228075368e6	1.329251811377387e-6
1.04712854805090069e6	1.4302619741023724e-6
1.0715193052376071e6	1.5405616292418634e-6
1.09647819614318525e6	1.6611693670644306e-6
1.12201845430196286e6	1.7932389550459894e-6
1.14815362149688415e6	1.938081712161735e-6
1.17489755493953032e6	2.097193613559784e-6
1.20226443461741321e6	2.272288389720879e-6
1.23026877081238106e6	2.465338291645096e-6
1.25892541179416888e6	2.6786247502893162e-6
1.28824955169313494e6	2.9148019237750876e-6
1.31825673855640762e6	3.1769771827379366e-6
1.34896288259165315e6	3.4688140498655078e-6
1.38038426460288651e6	3.7946651478894686e-6
1.41253754462275538e6	4.159745549634352e-6
1.44543977074592793e6	4.570360880727571e-6
1.47910838816820737e6	5.034210036593103e-6
1.51356124843620718e6	5.560790040263822e-6
1.54881661891248287e6	6.161941215373434e-6
1.58489319246111414e6	6.852585649802898e-6
1.62181009735893016e6	7.651732602527808e-6
1.65958690743755968e6	8.58385375497709e-6
1.69824365246174601e6	9.680773537608832e-6
1.73780082874937658e6	0.000010984283078622048
1.77827941003892291e6	0.000012549784748792514
1.8197008586099823e6	0.000014451432876402117
1.86208713666286925e6	0.000016789498735088236
1.90546071796324849e6	0.000019701130264017797
1.94984459975804528e6	0.000023376433072477417
1.99526231496887887e6	0.00002808311522158564
2.04173794466953189e6	0.00003420529014207328
2.08929613085404062e6	0.00004230638624364681
2.13796208950223262e6	0.000053234519429784
2.18776162394955196e6	0.00006830571185208664
2.2387211385683422e6	0.00008963674148838998
2.29086765276777465e6	0.00012078228884149985
2.34422881531992275e6	0.0001680345009586914
2.39883291901949002e6	0.00024329056490524022
2.45470891568503343e6	0.0003710468347575736
2.51188643150958186e6	0.0006078734070316424
2.57039578276886465e6	0.0011076454150761657
2.63026799189538136e6	0.0024108490041790664
2.691534803926914e6	0.0075598745717764745
2.75422870333816903e6	0.08510129210570459
2.81838293126445496e6	0.0686070808639228
2.88403150312660588e6	0.009998353482953007
2.95120922666638391e6	0.004311470256536078
3.0199517204020191e6	0.002593273232497796
3.09029543251359183e6	0.0018363471064469714
3.16227766016837954e6	0.0014323990910056496
3.23593656929628085e6	0.0011907591622618066
3.31131121482591424e6	0.0010352336932705182
3.38844156139202788e6	0.0009301743548333765
3.46736850452531688e6	0.0008569189593531553
3.54813389233575296e6	0.0008048206891844317
3.63078054770101746e6	0.0007673629889081017
3.71535229097172804e6	0.0007403036153921501
3.80189396320561273e6	0.0007207169897497833
3.89045144994280441e6	0.0007064691813116332
3.98107170553497784e6	0.0006959169883419401
4.07380277804112947e6	0.0006878109151517475
4.16869383470335463e6	0.0006816812574536582
4.2657951880159257e6	0.0006773861327621892
4.36515832240166608e6	0.0006748114839880609
4.46683592150963564e6	0.000673865832530376
4.57088189614875149e6	0.0006744772700107579
4.67735141287198104e6	0.0006765910837512443
4.78630092322638072e6	0.0006801678940462853
4.89778819368446618e6	0.0006851822110213184
5.0118723362727249e6	0.0006916213410472194
5.12861383991364762e6	0.0006994845899688041
5.24807460249772295e6	0.0007087827241808177
5.37031796370253246e6	0.0007195376611628127
5.49540873857624829e6	0.0007317823704929284
5.6234132519034911e6	0.0007455609736702717
5.75439937337156571e6	0.0007609290380614736
5.88843655355589651e6	0.0007779540667141906
6.02559586074358039e6	0.0007967161917721321
6.165950018614823e6	0.0008173090857308312
6.30957344480193034e6	0.0008398411116936002
6.45654229034656193e6	0.0008644367413546888
6.6069344800759647e6	0.0008912382785911597
6.76082975391981844e6	0.0009204079370041588
6.91830970918936282e6	0.0009521287590638513
7.07945784384138789e6	0.000986570437628486
7.24435960074990615e6	0.0010238842667749715
7.41310241300917696e6	0.0010642369175562325
7.58577575029183552e6	0.001107812640390359
7.76247116628692765e6	0.0011548139489406585
7.94328234724282194e6	0.0012054623778040587
8.12830516164099518e6	0.0012599992904266427
8.31763771102670953e6	0.0013186867104839043
8.51138038202375919e6	0.0013818081447052872
8.70963589956081286e6	0.0014496693588161628
8.91250938133745827e6	0.0015225990597378552
9.12010839355909638e6	0.0016009494266113421
9.33254300796990283e6	0.0016850964206447483
9.54992586021436937e6	0.0017754397886641992
9.77237220955811255e6	0.0018724026574383685
1.e7	0.001976430595060906
1.02329299228075352e7	0.002087989993365719
1.04712854805090074e7	0.002207565599149683
1.0715193052376071e7	0.00233565699520077
1.09647819614318498e7	0.002472773804397393
1.122018454301963e7	0.002619429363698916
1.14815362149688415e7	0.0027761325908452978
1.17489755493953042e7	0.0029433781069444697
1.20226443461741321e7	0.003121719030596112
1.23026877081238106e7	0.0033119039977526432
1.25892541179416869e7	0.003514757082498895
1.28824955169313494e7	0.0037311581878819457
1.31825673855640739e7	0.003962046054459787
1.34896288259165324e7	0.0042084212506254565
1.38038426460288688e7	0.004471349097970244
1.41253754462275542e7	0.004751962474540993
1.44543977074592803e7	0.0050514644273182835
1.47910838816820718e7	0.005371130510718204
1.51356124843620732e7	0.005712310752236315
1.54881661891248282e7	0.0060764311291170835
1.584893192461114e7	0.006464994419301626
1.62181009735893011e7	0.006879580270716366
1.65958690743755978e7	0.007321844306305629
1.69824365246174596e7	0.00779351606197265
1.73780082874937616e7	0.008296395526051444
1.77827941003892273e7	0.008832348025929127
1.81970085860998221e7	0.00940329718294446
1.86208713666286916e7	0.01001121563406019
1.90546071796324849e7	0.0106581132048705
1.94984459975804575e7	0.011346022203737169
1.99526231496887878e7	0.012076979511423443
2.04173794466953166e7	0.012853130655485493
2.08929613085404076e7	0.013677368840598123
2.13796208950223215e7	0.0145531063672273
2.18776162394955196e7	0.015484126612010488
2.23872113856834248e7	0.01647463962592873
2.29086765276777484e7	0.01752934719066545
2.34422881531992294e7	0.018653518954109494
2.39883291901948936e7	0.01985308188418223
2.45470891568503343e7	0.021134725830524108
2.51188643150958233e7	0.02250602869819244
2.57039578276886493e7	0.023975605670178302
2.63026799189538099e7	0.025553288113036872
2.69153480392691344e7	0.02725033938928468
2.75422870333816893e7	0.02907971689213979
2.81838293126445487e7	0.03105639242342942
2.88403150312660597e7	0.033197746787775505
2.95120922666638382e7	0.03552405964183768
3.0199517204020191e7	0.0380591226735572
3.09029543251359202e7	0.040831014058556374
3.16227766016837917e7	0.043873086014992596
3.23593656929628104e7	0.047225237156463755
3.3113112148259148e7	0.050935570126807724
3.38844156139202714e7	0.05506257756690846
3.46736850452531651e7	0.05967806308730783
3.54813389233575314e7	0.06487110153652403
3.63078054770101756e7	0.07075349483301428
3.71535229097172767e7	0.0774674227822428
3.80189396320561245e7	0.08519638637353182
3.89045144994280487e7	0.09418121235105996
3.98107170553497672e7	0.10474405598329746
4.0738027780411303e7	0.1173204058632635
4.16869383470335528e7	0.13247253695408728
4.26579518801592588e7	0.15095914106926417
4.3651583224016659e7	0.17385289209644728
4.4668359215096347e7	0.20271563595050002
4.57088189614875242e7	0.23990217660640767
4.67735141287198141e7	0.28911562594245005
4.78630092322638035e7	0.3564892319241378
4.89778819368446544e7	0.4528664183541644
5.01187233627272472e7	0.5991134423094128
5.12861383991364762e7	0.8402576829899654
5.24807460249772295e7	1.2907985379362137
5.37031796370253265e7	2.3275058683274867
5.49540873857624829e7	5.954125915363474
5.62341325190349072e7	58.48268375636967
5.75439937337156758e7	27.509685146507344
5.88843655355589613e7	3.883878995008292
6.02559586074358076e7	1.5273700152481402
6.16595001861482263e7	0.8430167255188212
6.30957344480192959e7	0.5615797278296448
6.45654229034656137e7	0.43201449303218536
6.60693448007596433e7	0.37735277978011494
6.760829753919819e7	0.3593095004198352
6.91830970918936282e7	0.356083171066427
7.07945784384138882e7	0.35909788991373565
7.24435960074990541e7	0.36573489059662456
7.41310241300917715e7	0.37533583199696324
7.58577575029183626e7	0.38790769189356555
7.76247116628692746e7	0.40375054655046416
7.94328234724282026e7	0.4233669157359736
8.12830516164099574e7	0.44746972121980827
8.31763771102670878e7	0.47704107378008587
8.51138038202377707e7	0.513437493838248
8.70963589956081361e7	0.5585575074725275
8.91250938133745938e7	0.6151059921735209
9.12010839355909526e7	0.6870202276896993
9.33254300796990544e7	0.7802395086408971
9.54992586021436751e7	0.9051845844905351
9.77237220955811143e7	1.1039104858424844
1.e8	1.8634622278700705