1.	3.699876744718412e-10
1.02329299228069992	3.699537840813197e-10
1.04712854805080013	3.699208316169334e-10
1.07151930523759997	3.6988880916660946e-10
1.09647819614309983	3.6985770883760903e-10
1.12201845430189984	3.6982752275611273e-10
1.1481536214968	3.6979824306686406e-10
1.17489755493949999	3.697698619327578e-10
1.20226443461740007	3.697423715344817e-10
1.23026877081229991	3.697157640701393e-10
1.2589254117941	3.696900317548688e-10
1.28824955169310007	3.696651668204894e-10
1.31825673855639991	3.69641161515132e-10
1.34896288259160002	3.696180081028848e-10
1.38038426460280017	3.6959569886343194e-10
1.41253754462269998	3.69574226091705e-10
1.44543977074589991	3.695535820975386e-10
1.47910838816820012	3.695337592053285e-10
1.51356124843619999	3.6951474975368103e-10
1.54881661891239997	3.6949654609508583e-10
1.58489319246110005	3.6947914059558146e-10
1.62181009735890003	3.6946252563442185e-10
1.65958690743750004	3.6944669360376076e-10
1.69824365246169995	3.6943163690831485e-10
1.73780082874929986	3.694173479650576e-10
1.77827941003889989	3.694038192029058e-10
1.81970085860989994	3.6939104306239074e-10
1.86208713666279979	3.6937901199537145e-10
1.90546071796320016	3.693677184647125e-10
1.94984459975800006	3.693571549439967e-10
1.99526231496880002	3.6934731391722275e-10
2.04173794466949987	3.693381878785011e-10
2.08929613085400012	3.693297693317765e-10
2.13796208950220024	3.693220507905348e-10
2.18776162394950013	3.693150247775177e-10
2.23872113856829991	3.693086838244385e-10
2.29086765276769988	3.693030204717134e-10
2.3442288153198998	3.692980272681802e-10
2.39883291901940021	3.6929369677082396e-10
2.45470891568499994	3.6929002154452116e-10
2.5118864315095002	3.6928699416175536e-10
2.57039578276879999	3.69284607202376e-10
2.63026799189530003	3.692828532533277e-10
2.69153480392690003	3.6928172490839535e-10
2.7542287033381001	3.692812147679563e-10
2.81838293126439998	3.692813154387303e-10
2.88403150312659973	3.6928201953352307e-10
2.95120922666629992	3.692833196710077e-10
3.01995172040200011	3.692852084754584e-10
3.09029543251349992	3.692876785765259e-10
3.16227766016830003	3.692907226090056e-10
3.2359365692962001	3.692943332126068e-10
3.31131121482590007	3.6929850303171517e-10
3.38844156139199981	3.6930322471518233e-10
3.46736850452530021	3.693084909160939e-10
3.54813389233569998	3.6931429429155676e-10
3.63078054770100023	3.69320627502479e-10
3.71535229097170028	3.69327483213366e-10
3.80189396320559991	3.6933485409209723e-10
3.89045144994280001	3.693427328097352e-10
3.98107170553489986	3.6935111204030897e-10
4.07380277804109969	3.6935998446062146e-10
4.16869383470329957	3.693693427500497e-10
4.26579518801589952	3.6937917959034897e-10
4.36515832240160062	3.6938948766546455e-10
4.46683592150959985	3.6940025966133887e-10
4.57088189614870011	3.694114882657274e-10
4.67735141287190004	3.694231661680146e-10
4.78630092322630052	3.6943528605904193e-10
4.89778819368440033	3.6944784063091453e-10
5.01187233627270068	3.69460822576846e-10
5.12861383991360054	3.6947422459097115e-10
5.24807460249770052	3.694880393681867e-10
5.37031796370250003	3.6950225960399e-10
5.4954087385761996	3.6951687799429995e-10
5.62341325190339969	3.695318872353154e-10
5.7543993733715002	3.6954728002334915e-10
5.88843655355579987	3.695630490546714e-10
6.02559586074349962	3.69579187025373e-10
6.16595001861479997	3.695956866312004e-10
6.30957344480189963	3.6961254056741754e-10
6.4565422903465004	3.696297415286694e-10
6.60693448007589978	3.696472822088323e-10
6.76082975391980057	3.6966515530088607e-10
6.91830970918929999	3.6968335349677084e-10
7.07945784384129961	3.697018694872663e-10
7.24435960074980034	3.6972069596186137e-10
7.41310241300910011	3.697398256086232e-10
7.58577575029180018	3.6975925111408365e-10
7.76247116628690037	3.697789651631085e-10
7.9432823472427998	3.6979896043879504e-10
8.128305161640899	3.698192296223498e-10
8.31763771102670013	3.698397653929772e-10
8.51138038202370062	3.6986056042777647e-10
8.70963589956079964	3.698816074016371e-10
8.91250938133740078	3.699028989871261e-10
9.12010839355899883	3.699244278544068e-10
9.33254300796989966	3.699461866711278e-10
9.54992586021429979	3.6996816810233593e-10
9.7723722095580996	3.6999036481038327e-10
10.	3.70012769454841e-10
10.2329299228075001	3.700353746924173e-10
10.4712854805089002	3.7005817317687e-10
10.7151930523760015	3.7008115755893053e-10
10.9647819614318003	3.701043204862274e-10
11.2201845430195988	3.7012765460321463e-10
11.4815362149688003	3.7015115255109957e-10
11.7489755493951993	3.701748069677781e-10
12.0226443461741006	3.701986104877623e-10
12.3026877081238002	3.702225557421364e-10
12.5892541179416	3.7024663535847075e-10
12.8824955169313	3.7027084196079496e-10
13.1825673855640009	3.7029516816953103e-10
13.4896288259164994	3.7031960660143554e-10
13.8038426460287997	3.703441498695722e-10
14.1253754462274994	3.7036879058325236e-10
14.4543977074591989	3.703935213479993e-10
14.7910838816820007	3.7041833476550885e-10
15.1356124843619995	3.7044322343362045e-10
15.4881661891248008	3.7046817994627237e-10
15.8489319246110991	3.704931968934859e-10
16.2181009735892978	3.7051826686132885e-10
16.5958690743755994	3.705433824318983e-10
16.9824365246174018	3.705685361832929e-10
17.3780082874936994	3.7059372068961074e-10
17.7827941003892	3.706189285209134e-10
18.1970085860998019	3.706441522432331e-10
18.6208713666285988	3.7066938441855146e-10
19.0546071796324021	3.706946176048028e-10
19.4984459975804008	3.7071984435586584e-10
19.9526231496887974	3.707450572215677e-10
20.4173794466952003	3.707702487476819e-10
20.8929613085403005	3.70795411475944e-10
21.3796208950223026	3.7082053794405106e-10
21.8776162394954987	3.7084562068567937e-10
22.3872113856834005	3.7087065223050243e-10
22.9086765276776987	3.708956251041993e-10
23.4422881531991969	3.709205318284879e-10
23.9883291901949001	3.7094536492114495e-10
24.5470891568503014	3.7097011689602794e-10
25.1188643150958022	3.7099478026311485e-10
25.7039578276886012	3.71019347528528e-10
26.3026799189537996	3.7104381119458587e-10
26.9153480392691016	3.7106816375982216e-10
27.5422870333816014	3.710923977190455e-10
28.1838293126445016	3.711165055633771e-10
28.8403150312659982	3.7114047978030206e-10
29.5120922666637995	3.7116431285371677e-10
30.1995172040201005	3.711879972639939e-10
30.9029543251359016	3.7121152548803136e-10
31.6227766016837002	3.712348899993133e-10
32.3593656929627969	3.7125808326798344e-10
33.1131121482590984	3.7128109776089826e-10
33.8844156139201971	3.713039259417093e-10
34.6736850452531016	3.713265602709345e-10
35.4813389233575052	3.713489932060257e-10
36.3078054770100991	3.713712172014604e-10
37.1535229097171964	3.7139322470881696e-10
38.018939632056096	3.714150081768617e-10
38.9045144994280037	3.714365600516381e-10
39.8107170553496985	3.714578727765619e-10
40.7380277804111941	3.714789387925049e-10
41.6869383470334966	3.714997505379127e-10
42.657951880159203	3.715203004488819e-10
43.6515832240165977	3.715405809592865e-10
44.6683592150963022	3.7156058450087377e-10
45.708818961487502	3.715803035033729e-10
46.7735141287198033	3.7159973039461693e-10
47.8630092322638063	3.716188576006512e-10
48.9778819368446037	3.7163767754585653e-10
50.1187233627272022	3.716561826530813e-10
51.2861383991363979	3.7167436534374754e-10
52.4807460249772006	3.716922180379962e-10
53.703179637025201	3.717097331548165e-10
54.9540873857623993	3.717269031121765e-10
56.2341325190349011	3.717437203271671e-10
57.5439937337155953	3.7176017721613786e-10
58.8843655355588993	3.7177626619484595e-10
60.2559586074356943	3.717919796786077e-10
61.6595001861482004	3.7180731008243774e-10
63.0957344480193001	3.718222498212134e-10
64.565422903465489	3.7183679130983047e-10
66.0693448007595947	3.7185092696335366e-10
67.6082975391981051	3.7186465381573544e-10
69.1830970918936004	3.718781208947025e-10
70.7945784384138079	3.718916601149809e-10
72.4435960074989964	3.7190561434231957e-10
74.1310241300917028	3.7192032654726356e-10
75.8577575029184032	3.719361398159789e-10
77.6247116628691032	3.719533973674164e-10
79.4328234724280975	3.71972442576803e-10
81.2830516164099066	3.719936190054872e-10
83.1763771102669978	3.720172704371408e-10
85.1138038202376066	3.720437409203254e-10
87.096358995608	3.7207337481745264e-10
89.125093813374491	3.7210651686014335e-10
91.2010839355909013	3.7214351221101603e-10
93.325430079699089	3.721847065319411e-10
95.4992586021434988	3.722304460587732e-10
97.723722095580996	3.7228107768262573e-10
100.	3.7233694903771085e-10
102.329299228075399	3.7239840859580774e-10
104.712854805089904	3.72465805767417e-10
107.151930523760697	3.725394910096717e-10
109.647819614318507	3.726198159410625e-10
112.2018454301963	3.7270713346309057e-10
114.815362149688298	3.7280179788890293e-10
117.489755493952899	3.729041650790652e-10
120.226443461741297	3.730145925845156e-10
123.026877081238112	3.731334397969052e-10
125.892541179416696	3.732610681064037e-10
128.824955169313313	3.7339784106714154e-10
131.825673855640702	3.735441245704525e-10
134.896288259165317	3.737002870260991e-10
138.038426460288491	3.738666995516597e-10
141.253754462275396	3.740437361703193e-10
144.543977074592789	3.7423177401723127e-10
147.9108388168207	3.744311935547598e-10
151.35612484362079	3.7464237879683624e-10
154.881661891248115	3.748657175426948e-10
158.489319246111393	3.7510160162032214e-10
162.1810097358929	3.7535042713993804e-10
165.958690743756108	3.756125947578412e-10
169.824365246174381	3.7588850995102275e-10
173.780082874937591	3.7617858330290977e-10
177.827941003892306	3.7648323080071315e-10
181.970085860998381	3.7680287414479065e-10
186.208713666286684	3.771379410705573e-10
190.546071796324782	3.774888656834146e-10
194.984459975804498	3.7785608880731726e-10
199.526231496887988	3.782400583475001e-10
204.173794466952899	3.7864122966806643e-10
208.929613085403815	3.79060065985054e-10
213.796208950223189	3.794970387757261e-10
218.776162394955094	3.799526282048556e-10
223.872113856834005	3.804273235687968e-10
229.086765276777214	3.809216237582325e-10
234.422881531992204	3.81436037740502e-10
239.883291901948979	3.8197108506252105e-10
245.470891568503106	3.8252729637530323e-10
251.188643150957915	3.8310521398124557e-10
257.039578276886402	3.8370539240532614e-10
263.02679918953811	3.8432839899151987e-10
269.15348039269162	3.849748145257567e-10
275.422870333816604	3.856452338868759e-10
281.838293126445478	3.8634026672710987e-10
288.4031503126605	3.870605381837483e-10
295.120922666638705	3.878066896237068e-10
301.995172040201624	3.885793794229017e-10
309.0295432513592	3.8937928378238825e-10
316.227766016837904	3.902071762470088e-10
323.593656929628366	3.910645107805041e-10
331.131121482591084	3.9195310480005096e-10
338.84415613920271	3.9287482059308444e-10
346.736850452531598	3.9383156598839906e-10
354.81338923357572	3.948252976235374e-10
363.078054770101403	3.9585802446168027e-10
371.535229097172419	3.969318115748902e-10
380.18939632056123	3.9804878421237873e-10
389.04514499428052	3.9921113217426924e-10
398.107170553497326	4.004211145135306e-10
407.380277804112609	4.016810645910463e-10
416.869383470335492	4.0299339551139934e-10
426.579518801592485	4.0436060596986673e-10
436.515832240166105	4.0578528654426053e-10
446.683592150962966	4.072701264689422e-10
457.088189614875205	4.0881792093217644e-10
467.735141287198132	4.104315789425901e-10
478.630092322638461	4.121141318153609e-10
489.778819368446079	4.138687423343797e-10
501.187233627272462	4.1569871465288853e-10
512.861383991364846	4.176075050020565e-10
524.807460249772816	4.1959873328487624e-10
537.031796370252664	4.2167619564165283e-10
549.540873857624888	4.238438780833379e-10
562.341325190349039	4.261059713003264e-10
575.439937337157289	4.28466886767155e-10
588.843655355589021	4.309312742780696e-10
602.559586074358094	4.3350404106499205e-10
616.59500186148216	4.361903726682355e-10
630.957344480193569	4.3899575575180445e-10
645.6542290346556	4.41926003079663e-10
660.693448007595748	4.4498728089748736e-10
676.082975391981904	4.481861389967471e-10
691.830970918936259	4.515295437750525e-10
707.945784384138051	4.5502491464961485e-10
724.435960074989907	4.586801642301113e-10
741.31024130091771	4.625037427146729e-10
758.577575029183549	4.665046870392849e-10
776.24711662869197	4.706926753884768e-10
794.328234724281401	4.75078087765732e-10
812.830516164099549	4.796720734280297e-10
831.76377110267083	4.844866261133912e-10
851.13803820237672	4.895346073794416e-10
870.963589956080455	4.948274095123607e-10
891.250938133745876	5.003739753671255e-10
912.010839355909638	5.061836828188597e-10
933.254300796991515	5.122666018934294e-10
954.992586021435954	5.186335423517104e-10
977.237220955811267	5.252961061178013e-10
1000.	5.322667450577702e-10
1023.29299228075479	5.395588246827832e-10
1047.12854805089955	5.471866944273997e-10
1071.51930523760711	5.551657652419736e-10
1096.47819614318519	5.635125953394274e-10
1122.01845430196431	5.722449850532578e-10
1148.15362149688281	5.81382081898491e-10
1174.89755493953044	5.909444970833181e-10
1202.26443461741314	6.009544349003451e-10
1230.26877081238126	6.114358366374122e-10
1258.92541179416753	6.224145408941444e-10
1288.24955169313353	6.339184624788523e-10
1318.25673855640775	6.459777923989058e-10
1348.96288259165317	6.58625221856463e-10
1380.3842646028852	6.718961936324556e-10
1412.53754462275401	6.858291847998813e-10
1445.43977074592817	7.004660253712615e-10
1479.10838816820728	7.158522582768021e-10
1513.56124843620887	7.320375470180141e-10
1548.81661891248132	7.490761384808276e-10
1584.89319246111404	7.670273897668425e-10
1621.81009735892985	7.85956369566178e-10
1659.58690743756119	8.059345466205196e-10
1698.24365246174443	8.270405802988514e-10
1737.80082874937625	8.493612313444995e-10
1778.27941003892283	8.729924145960819e-10
1819.70085860998438	8.9804042012499e-10
1862.08713666286758	9.246233350129228e-10
1905.46071796324827	9.528727052350518e-10
1949.84459975804566	9.829354862400682e-10
1995.2623149688809	1.014976342387786e-9
2041.73794466952972	1.0491785950141087e-9
2089.29613085404117	1.0857383579012926e-9
2137.96208950223263	1.124871824333408e-9
2187.7616239495519	1.1668215283478456e-9
2238.72113856833994	1.2118603264250983e-9
2290.86765276777214	1.2602961060687872e-9
2344.22881531992289	1.3124773822513994e-9
2398.83291901948996	1.368799980389708e-9
2454.70891568503112	1.4297150564849037e-9
2511.88643150958023	1.4957387727361656e-9
2570.39578276886505	1.5674640357421752e-9
2630.26799189538133	1.6455748219026545e-9
2691.53480392691699	1.730863771457886e-9
2754.22870333816627	1.824253943883806e-9
2818.38293126445524	1.92682591485677e-9
2884.031503126605	2.0398517904137905e-9
2951.20922666638717	2.1648382640544566e-9
3019.95172040201624	2.3035816174230133e-9
3090.295432513592	2.4582386714128303e-9
3162.2776601683795	2.6314192967761696e-9
3235.93656929628469	2.8263084509397875e-9
3311.31121482591106	3.0468292371456737e-9
3388.44156139202778	3.2978638664859917e-9
3467.36850452531644	3.5855577907145873e-9
3548.13389233575663	3.917745643346622e-9
3630.7805477010138	4.304559492564448e-9
3715.3522909717276	4.7593167156470236e-9
3801.89396320561264	5.299848805458834e-9
3890.45144994280508	5.950547901542045e-9
3981.07170553497326	6.745625259899618e-9
4073.8027780411262	7.734715253736627e-9
4168.6938347033547	8.994449282028772e-9
4265.7951880159253	1.0648660094921127e-8
4365.15832240166128	1.2909728281545222e-8
4466.83592150962977	1.6174743133408157e-8
4570.88189614875137	2.1281368511365035e-8
4677.35141287198076	3.0349131899962085e-8
4786.30092322638484	5.0700283317811756e-8
4897.78819368446148	1.3358522715178673e-7
5011.87233627272508	1.9005564564463132e-6
5128.61383991364892	7.143554967316835e-8
5248.07460249772794	3.911787446908239e-8
5370.31796370252687	2.8187524301149268e-8
5495.40873857624865	2.245791548633307e-8
5623.41325190349107	1.892078975404449e-8
5754.39937337157244	1.6530877787349747e-8
5888.43655355588999	1.482045987925994e-8
6025.5958607435814	1.354757697193462e-8
6165.95001861482251	1.2574306181648168e-8
6309.57344480193569	1.181632402739142e-8
6456.542290346556	1.1219287006722796e-8
6606.93448007596453	1.074672847201365e-8
6760.82975391981927	1.0373410841077837e-8
6918.30970918936328	1.0081444910396971e-8
7079.45784384138005	9.857463360718522e-9
7244.35960074989907	9.691227787060775e-9
7413.10241300917733	9.575153722875035e-9
7585.77575029183572	9.503623804129398e-9
7762.47116628691947	9.472504941931414e-9
7943.28234724281356	9.478815311154432e-9
8128.30516164099481	9.520491850392931e-9
8317.63771102670944	9.59622699898215e-9
8511.38038202376811	9.705354362536885e-9
8709.63589956080432	9.84776984093121e-9
8912.50938133745876	1.0023879113070935e-8
9120.10839355909593	1.0234565191355808e-8
9332.54300796991447	1.0481171583728992e-8
9549.92586021435818	1.0765497753397106e-8
9772.37220955811244	1.1089804227604912e-8
10000.	1.1456824968337e-8
10232.9299228075361	1.186978450447289e-8
10471.2854805090083	1.2332416806348447e-8
10715.1930523760711	1.2848981875655897e-8
10964.7819614318523	1.3424274383387622e-8
11220.1845430196263	1.4063616205958827e-8
11481.536214968839	1.4772821097232292e-8
11748.9755493953016	1.5558120603990827e-8
12022.644346174131	1.642750231078024e-8
12302.6877081238108	1.7393468560042034e-8
12589.2541179416621	1.847170766127222e-8
12882.4955169313489	1.9681573766921312e-8
13182.5673855640744	2.1047294536834478e-8
13489.6288259165322	2.259973557830607e-8
13803.842646028841	2.43790705685209e-8
14125.3754462275538	2.6438988485161873e-8
14454.3977074592804	2.885363052406065e-8
14791.0838816820724	3.1729603812048186e-8
15135.6124843620728	3.5227859106025795e-8
15488.1661891248277	3.960543867993625e-8
15848.9319246111409	4.5298170269309197e-8
16218.1009735892985	5.308853817981359e-8
16595.8690743755942	6.445484437059901e-8
16982.4365246174602	8.234920585556254e-8
17378.0082874937616	1.1322684350484471e-7
17782.7941003892302	1.7364373085344942e-7
18197.0085860998261	3.1871330017876374e-7
18620.8713666286894	8.42561379484066e-7
19054.6071796324832	7.916052203857312e-6
19498.4459975804493	6.715030299415552e-6
19952.6231496887849	1.1033954987607026e-6
20417.3794466953223	5.177170622206027e-7
20892.9613085404053	3.2956128817844094e-7
21379.6208950223227	2.4212353810608735e-7
21877.6162394955209	1.9314862257221304e-7
22387.2113856834258	1.6248412824468908e-7
22908.6765276777478	1.4184451448106508e-7
23442.2881531992243	1.2725685326149936e-7
23988.3291901949015	1.1659985923954185e-7
24547.0891568502884	1.0864777696307568e-7
25118.8643150958196	1.0264874986676565e-7
25703.9578276886459	9.812018588544728e-8
26302.6799189538106	9.474171681282101e-8
26915.3480392691417	9.229577262726735e-8
27542.28703338169	9.063299576883466e-8
28183.8293126445496	8.965137725924057e-8
28840.3150312660582	8.928337456033211e-8
29512.0922666638398	8.948791397528586e-8
30199.5172040201978	9.024555543638415e-8
30902.954325135921	9.155585514714844e-8
31622.7766016837959	9.343640881882224e-8
32359.3656929628123	9.592335024358333e-8
33113.1121482591479	9.907330285196725e-8
33884.4156139202751	1.0296699239457934e-7
34673.6850452531653	1.077149762433515e-7
35481.3389233575363	1.134662881079386e-7
36307.8054770101808	1.2042132598768875e-7
37153.5229097172851	1.288511813370775e-7
38018.9396320561282	1.391271079351892e-7
38904.514499428049	1.5176652671394473e-7
39810.7170553497781	1.675070237703521e-7
40738.0277804112993	1.8743363880835752e-7
41686.9383470335524	2.1323125485716874e-7
42657.9518801592494	2.4761569232388754e-7
43651.5832240165619	2.9519245847570345e-7
44668.359215096345	3.643478711728295e-7
45708.8189614875228	4.718484736571708e-7
46773.514128719813	6.558020077203178e-7
47863.0092322638084	1.020750426481664e-6
48977.8819368446639	1.956879261026498e-6
50118.7233627272508	6.197680197432551e-6
51286.1383991364855	0.0007135958771240848
52480.7460249772266	7.960224569803888e-6
53703.1796370253287	1.9162783671786797e-6
54954.0873857624829	8.778607880629324e-7
56234.1325190349089	5.174331299624509e-7
57543.9937337156734	3.493815620515083e-7
58884.3655355589654	2.569604599501551e-7
60255.9586074358085	2.0047857839565966e-7
61659.5001861482233	1.6335272004909955e-7
63095.7344480192987	1.3762226226649624e-7
64565.422903465631	1.1905988955123843e-7
66069.3448007596307	1.0524043275699704e-7
67608.297539198189	9.468502847774932e-8
69183.0970918936218	8.644662992413698e-8
70794.5784384138824	7.988924361338587e-8
72443.596007499058	7.45738099407607e-8
74131.0241300917696	7.01948023186322e-8
75857.7575029183645	6.653543692391802e-8
77624.7116628691147	6.343924254134345e-8
79432.8234724282083	6.079154292923145e-8
81283.0516164099536	5.850708099401031e-8
83176.3771102670871	5.652159338445235e-8
85113.8038202375901	5.478599454752337e-8
87096.3589956081414	5.326231597031027e-8
89125.0938133745949	5.192084119900544e-8
91201.0839355909557	5.0738063836874505e-8
93325.4300796990428	4.9695217232081696e-8
95499.2586021436873	4.877720504368099e-8
97723.7220955811208	4.7971815729944014e-8
100000.	4.726914030802468e-8
102329.299228075353	4.666113736614434e-8
104712.854805090057	4.614130613649012e-8
107151.930523760704	4.5704440022395026e-8
109647.81961431852	4.5346441024118244e-8
112201.845430196307	4.506418116534411e-8
114815.362149688401	4.485540105509867e-8
117489.755493953038	4.4718634128168606e-8
120226.443461741321	4.465216093546618e-8
123026.877081238126	4.465272959497268e-8
125892.541179416876	4.471745394765553e-8
128824.955169313485	4.484403211093233e-8
131825.673855640722	4.503066954766725e-8
134896.288259165303	4.527601678409368e-8
138038.426460288378	4.5579118603457915e-8
141253.754462275538	4.5939372261569324e-8
144543.977074592782	4.6356492793664425e-8
147910.838816820731	4.6830483863051626e-8
151356.124843620695	4.736161287801622e-8
154881.661891248281	4.795038930031077e-8
158489.319246111409	4.859754520412976e-8
162181.009735893022	4.930401723133497e-8
165958.690743755957	5.0070929135445226e-8
169824.365246174595	5.089957411947488e-8
173780.082874937623	5.179139615505675e-8
177827.94100389228	5.274796942503274e-8
181970.085860998253	5.3770974960687217e-8
186208.713666286902	5.4862173449396186e-8
190546.071796324832	5.602337307026293e-8
194984.459975804522	5.725639107643372e-8
199526.231496887864	5.856300768671234e-8
204173.794466953142	5.994526115112465e-8
208929.613085404068	6.140710725083947e-8
213796.208950223256	6.2953470924663e-8
218776.162394955201	6.458968607381786e-8
223872.113856834243	6.632152968509424e-8
229086.765276777471	6.815525945106006e-8
234422.881531992229	7.009765452365162e-8
239883.291901948949	7.215605951007485e-8
245470.891568502848	7.433843176756784e-8
251188.643150958233	7.66533919760533e-8
257039.578276886459	7.911027785688518e-8
263026.799189538171	8.171920075070153e-8
269153.480392691388	8.449110455381374e-8
275422.870333816914	8.743782622235549e-8
281838.293126445496	9.057215666321793e-8
288403.150312660553	9.390790031076901e-8
295120.922666638449	9.745993100079223e-8
301995.172040201898	1.0124424085049112e-7
309029.543251359195	1.0527797767700071e-7
316227.766016838024	1.0957946496465996e-7
323593.656929628109	1.1416819643697153e-7
331131.121482591436	1.1906479480212819e-7
338844.156139202823	1.2429092110836975e-7
346736.850452531653	1.298691172487121e-7
354813.389233575319	1.3582255938268371e-7
363078.054770101735	1.4217469431657924e-7
371535.229097172792	1.4894872419792005e-7
380189.396320561296	1.561668973703002e-7
389045.144994280476	1.638495552819853e-7
398107.170553497737	1.7201387772371818e-7
407380.277804112993	1.806743926200789e-7
416869.38347033551	1.8985741430205065e-7
426579.518801592465	1.9959742665208773e-7
436515.832240165735	2.099312605902343e-7
446683.592150963494	2.2089821215756464e-7
457088.189614875184	2.3254020745783004e-7
467735.141287198057	2.4490198375141216e-7
478630.092322638026	2.5803129072225685e-7
489778.819368446653	2.7197911728983816e-7
501187.233627272479	2.8679995110346506e-7
512861.383991364855	3.025520801465592e-7
524807.460249772295	3.192979488358256e-7
537031.7963702532	3.3710458480292855e-7
549540.873857624829	3.56044117421087e-7
562341.325190349016	3.761944153783506e-7
575439.937337156618	3.9763987858258967e-7
588843.655355589581	4.2047242991425187e-7
602559.586074358085	4.4479276549901466e-7
616595.00186148216	4.7071193918437107e-7
630957.344480192987	4.983533790748794e-7
645654.22903465631	5.278554631686845e-7
660693.448007596424	5.593748200417674e-7
676082.97539198189	5.930905731288175e-7
691830.970918936306	6.292086676127207e-7
707945.784384138766	6.679389084915601e-7
724435.960074990638	7.09483542782866e-7
741310.241300917696	7.540579934543831e-7
758577.575029183528	8.018925805455211e-7
776247.116628691205	8.532331350192316e-7
794328.234724282171	9.083415957688868e-7
812830.516164099565	9.674966059215864e-7
831763.771102670813	1.0309941403814383e-6
851138.038202375872	1.0991482194898318e-6
870963.589956081472	1.172291796033732e-6
891250.93813374592	1.2507779474291335e-6
912010.839355909615	1.3349815651679229e-6
933254.300796990399	1.4253018137911648e-6
954992.586021436728	1.5221657369015554e-6
977237.220955811208	1.6260335246970855e-6
1.e6	1.737406134913285e-6
1.02329299228075368e6	1.8514143082586506e-6
1.04712854805090069e6	1.974023215871212e-6
1.0715193052376071e6	2.10595089597028e-6
1.09647819614318525e6	2.2479803143829845e-6
1.12201845430196286e6	2.400965579391619e-6
1.14815362149688415e6	2.565838765405428e-6
1.17489755493953032e6	2.7436174024568384e-6
1.20226443461741321e6	2.9354126926250262e-6
1.23026877081238106e6	3.1424385185005024e-6
1.25892541179416888e6	3.366021312651748e-6
1.28824955169313494e6	3.607610860406667e-6
1.31825673855640762e6	3.868792111090223e-6
1.34896288259165315e6	4.151298074718054e-6
1.38038426460288651e6	4.457023881761596e-6
1.41253754462275538e6	4.788042082616621e-6
1.44543977074592793e6	5.14661926002793e-6
1.47910838816820737e6	5.535234021963503e-6
1.51356124843620718e6	5.956596432654151e-6
1.54881661891248287e6	6.413668926104378e-6
1.58489319246111414e6	6.909688727523621e-6
1.62181009735893016e6	7.44819178330179e-6
1.65958690743755968e6	8.033038168711367e-6
1.69824365246174601e6	8.668438903151291e-6
1.73780082874937658e6	9.35898405467478e-6
1.77827941003892291e6	0.000010109671959327053
1.8197008586099823e6	0.00001092593931410089
1.86208713666286925e6	0.000011813691828620637
1.90546071796324849e6	0.00001277933503810789
1.94984459975804528e6	0.000013829804793591023
1.99526231496887887e6	0.000014972596857032868
2.04173794466953189e6	0.000016215794944343282
2.08929613085404062e6	0.000017568096487530553
2.13796208950223262e6	0.000019038835334804698
2.18776162394955196e6	0.000020638000591279075
2.2387211385683422e6	0.000022376250833640778
2.29086765276777465e6	0.000024264923031977955
2.34422881531992275e6	0.000026316035696315492
2.39883291901949002e6	0.00002854228606352203
2.45470891568503343e6	0.00003095704156363861
2.51188643150958186e6	0.000033574326387715995
2.57039578276886465e6	0.0000364088047285715
2.63026799189538136e6	0.000039475763205368476
2.691534803926914e6	0.000042791096108922366
2.75422870333816903e6	0.00004637129842171716
2.81838293126445496e6	0.000050233473061949685
2.88403150312660588e6	0.00005439536044405115
2.95120922666638391e6	0.00005887540022552566
3.0199517204020191e6	0.0000636928369879042
3.09029543251359183e6	0.00006886788355667328
3.16227766016837954e6	0.00007442195773839637
3.23593656929628085e6	0.0000803780104685138
3.31131121482591424e6	0.00008676096587685433
3.38844156139202788e6	0.00009359829680760499
3.46736850452531688e6	0.00010092076323141733
3.54813389233575296e6	0.00010876334633879968
3.63078054770101746e6	0.00011716641862514446
3.71535229097172804e6	0.0001261772011584054
3.80189396320561273e6	0.00013585157489171988
3.89045144994280441e6	0.00014625633569028583
3.98107170553497784e6	0.00015747201565016747
4.07380277804112947e6	0.00016959304171420146
4.16869383470335463e6	0.0001827053375322081
4.2657951880159257e6	0.0001968917406963604
4.36515832240166608e6	0.00021224167598015868
4.46683592150963564e6	0.00022885165458108207
4.57088189614875149e6	0.0002468257327191452
4.67735141287198104e6	0.0002662759794750978
4.78630092322638072e6	0.0002873229499140287
4.89778819368446618e6	0.0003100961588555348
5.0118723362727249e6	0.00033473454968444726
5.12861383991364762e6	0.00036138695180446673
5.24807460249772295e6	0.0003902125194687854
5.37031796370253246e6	0.0004213811437627379
5.49540873857624829e6	0.0004550738289999139
5.6234132519034911e6	0.0004914830239138945
5.75439937337156571e6	0.000530812897844865
5.88843655355589651e6	0.0005732795520562925
6.02559586074358039e6	0.0006191111563799169
6.165950018614823e6	0.0006685480026802349
6.30957344480193034e6	0.0007218424675460177
6.45654229034656193e6	0.0007792588794871164
6.6069344800759647e6	0.0008410732883068228
6.76082975391981844e6	0.0009075731390888794
6.91830970918936282e6	0.000979056836287848
7.07945784384138789e6	0.001055832679970792
7.24435960074990615e6	0.0011382178846108917
7.41310241300917696e6	0.0012265381581716126
7.58577575029183552e6	0.0013211269170637409
7.76247116628692765e6	0.0014223244978238303
7.94328234724282194e6	0.0015304774416210463
8.12830516164099518e6	0.0016459379186641626
8.31763771102670953e6	0.0017690633729371048
8.51138038202375919e6	0.0019002164779210566
8.70963589956081286e6	0.0020397655065866635
8.91250938133745827e6	0.002188085227683064
9.12010839355909638e6	0.002345558450947344
9.33254300796990283e6	0.0025125783504497644
9.54992586021436937e6	0.0026895517019010795
9.77237220955811255e6	0.0028769031754177802
1.e7	0.003075080831285287
1.02329299228075352e7	0.00328456297007141
1.04712854805090074e7	0.003505866500304851
1.0715193052376071e7	0.00373955699580056
1.09647819614318498e7	0.003986260638879217
1.122018454301963e7	0.004246678271044494
1.14815362149688415e7	0.0045216018201448245
1.17489755493953042e7	0.004811932773715819
1.20226443461741321e7	0.005118544506875445
1.23026877081238106e7	0.005442017480510024
1.25892541179416869e7	0.005782854640678179
1.28824955169313494e7	0.006141515016275812
1.31825673855640739e7	0.006518405242654651
1.34896288259165324e7	0.006913870863173329
1.38038426460288688e7	0.00732818757130106
1.41253754462275542e7	0.0077615525962030614
1.44543977074592803e7	0.008214076470984863
1.47910838816820718e7	0.008685775450092116
1.51356124843620732e7	0.009176564882394695
1.54881661891248282e7	0.009686253866611563
1.584893192461114e7	0.010214541542786795
1.62181009735893011e7	0.010761015385762287
1.65958690743755978e7	0.0113251518719696
1.69824365246174596e7	0.011906319885025798
1.73780082874937616e7	0.012503787211212812
1.77827941003892273e7	0.013116730450551537
1.81970085860998221e7	0.013744248627193548
1.86208713666286916e7	0.01438538074389322
1.90546071796324849e7	0.015039127466727089
1.94984459975804575e7	0.015704477072173324
1.99526231496887878e7	0.016380435730539898
2.04173794466953166e7	0.017066310412258506
2.08929613085404076e7	0.017762955269756308
2.13796208950223215e7	0.018472124408206714
2.18776162394955196e7	0.01919607460803524
2.23872113856834248e7	0.019937582944683303
2.29086765276777484e7	0.02069996168996939
2.34422881531992294e7	0.02148707119340136
2.39883291901948936e7	0.02230333192804618
2.45470891568503343e7	0.023153737000726857
2.51188643150958233e7	0.024043866620149658
2.57039578276886493e7	0.02497990631525638
2.63026799189538099e7	0.025968671141437177
2.69153480392691344e7	0.02701763877276725
2.75422870333816893e7	0.028134995233011644
2.81838293126445487e7	0.029329698085215107
2.88403150312660597e7	0.03061156313247328
2.95120922666638382e7	0.031991382067723395
3.0199517204020191e7	0.033481080044297236
3.09029543251359202e7	0.035093923936677554
3.16227766016837917e7	0.036844794320512866
3.23593656929628104e7	0.03875053735771535
3.3113112148259148e7	0.040830417434597865
3.38844156139202714e7	0.04310669852664545
3.46736850452531651e7	0.04560539317904164
3.54813389233575314e7	0.04835723478816869
3.63078054770101756e7	0.05139895486958256
3.71535229097172767e7	0.05477498769947778
3.80189396320561245e7	0.05853978987158698
3.89045144994280487e7	0.06276106943532019
3.98107170553497672e7	0.06752440084878805
4.0738027780411303e7	0.07293733242339251
4.16869383470335528e7	0.07911789211699072
4.26579518801592588e7	0.08620664188834323
4.3651583224016659e7	0.0943848895171886
4.4668359215096347e7	0.1038910416577899
4.57088189614875242e7	0.11504540157439377
4.67735141287198141e7	0.12828818458979793
4.78630092322638035e7	0.14423786384478082
4.89778819368446544e7	0.16378027236884232
5.01187233627272472e7	0.18820407470794448
5.12861383991364762e7	0.21940881813476854
5.24807460249772295e7	0.2602369193283627
5.37031796370253265e7	0.3150378862807181
5.49540873857624829e7	0.39069275970682105
5.62341325190349072e7	0.49858408009502864
5.75439937337156758e7	0.6586113643563642
5.88843655355589613e7	0.9079938415126856
6.02559586074358076e7	1.3225042421766633
6.16595001861482263e7	2.074625574572402
6.30957344480192959e7	3.623379562963568
6.45654229034656137e7	7.51932332692553
6.60693448007596433e7	21.760707704454592
6.760829753919819e7	169.8082956747017
6.91830970918936282e7	514.6161830443654
7.07945784384138882e7	55.52246242605681
7.24435960074990541e7	25.882802416697054
7.41310241300917715e7	17.99184730401824
7.58577575029183626e7	15.44056118789537
7.76247116628692746e7	15.493700205535912
7.94328234724282026e7	18.192652662121642
8.12830516164099574e7	26.531138859481022
8.31763771102670878e7	59.96150967994096
8.51138038202377707e7	1075.2181148671145
8.70963589956081361e7	85.23218614936033
8.91250938133745938e7	14.114056540624013
9.12010839355909526e7	5.252621046279966
9.33254300796990544e7	2.6700067746661142
9.54992586021436751e7	1.6367717685733765
9.77237220955811143e7	1.2014411776622
1.e8	1.0303933480173848