1.	9.227337372528238e-11
1.02329299228069992	9.22117213803188e-11
1.04712854805080013	9.215202770386091e-11
1.07151930523759997	9.209426585737992e-11
1.09647819614309983	9.203840935342976e-11
1.12201845430189984	9.198443204521736e-11
1.1481536214968	9.193230811641135e-11
1.17489755493949999	9.18820120712075e-11
1.20226443461740007	9.183351872461785e-11
1.23026877081229991	9.178680319299638e-11
1.2589254117941	9.174184088478192e-11
1.28824955169310007	9.169860749145788e-11
1.31825673855639991	9.165707897871921e-11
1.34896288259160002	9.161723157784207e-11
1.38038426460280017	9.15790417772509e-11
1.41253754462269998	9.154248631427555e-11
1.44543977074589991	9.150754216709049e-11
1.47910838816820012	9.147418654683781e-11
1.51356124843619999	9.144239688992381e-11
1.54881661891239997	9.141215085048525e-11
1.58489319246110005	9.138342629301732e-11
1.62181009735890003	9.135620128516898e-11
1.65958690743750004	9.133045409068535e-11
1.69824365246169995	9.130616316251118e-11
1.73780082874929986	9.128330713603667e-11
1.77827941003889989	9.126186482248373e-11
1.81970085860989994	9.124181520244432e-11
1.86208713666279979	9.122313741954062e-11
1.90546071796320016	9.120581077423078e-11
1.94984459975800006	9.118981471773518e-11
1.99526231496880002	9.117512884609345e-11
2.04173794466949987	9.116173289434614e-11
2.08929613085400012	9.114960673083486e-11
2.13796208950220024	9.113873035161744e-11
2.18776162394950013	9.112908387500454e-11
2.23872113856829991	9.112064753620433e-11
2.29086765276769988	9.11134016820721e-11
2.3442288153198998	9.110732676598287e-11
2.39883291901940021	9.110240334279057e-11
2.45470891568499994	9.109861206390111e-11
2.5118864315095002	9.109593367244849e-11
2.57039578276879999	9.10943489985581e-11
2.63026799189530003	9.109383895471775e-11
2.69153480392690003	9.109438453124277e-11
2.7542287033381001	9.109596679182868e-11
2.81838293126439998	9.109856686919909e-11
2.88403150312659973	9.11021659608477e-11
2.95120922666629992	9.110674532485958e-11
3.01995172040200011	9.111228627583064e-11
3.09029543251349992	9.111877018086524e-11
3.16227766016830003	9.112617845566264e-11
3.2359365692962001	9.113449256068294e-11
3.31131121482590007	9.114369399740225e-11
3.38844156139199981	9.115376430464093e-11
3.46736850452530021	9.11646850549805e-11
3.54813389233569998	9.117643785125172e-11
3.63078054770100023	9.118900432310827e-11
3.71535229097170028	9.12023661236746e-11
3.80189396320559991	9.12165049262723e-11
3.89045144994280001	9.12314024212198e-11
3.98107170553489986	9.124704031271314e-11
4.07380277804109969	9.126340031577735e-11
4.16869383470329957	9.128046415329234e-11
4.26579518801589952	9.129821355309832e-11
4.36515832240160062	9.131663024516766e-11
4.46683592150959985	9.133569595885456e-11
4.57088189614870011	9.135539242021751e-11
4.67735141287190004	9.137570134941412e-11
4.78630092322630052	9.139660445816421e-11
4.89778819368440033	9.141808344729399e-11
5.01187233627270068	9.144012000434288e-11
5.12861383991360054	9.146269580125182e-11
5.24807460249770052	9.148579249211226e-11
5.37031796370250003	9.150939171099625e-11
5.4954087385761996	9.153347506985918e-11
5.62341325190339969	9.155802415650368e-11
5.7543993733715002	9.158302053262591e-11
5.88843655355579987	9.160844573193474e-11
6.02559586074349962	9.163428125832906e-11
6.16595001861479997	9.166050858416877e-11
6.30957344480189963	9.168710914860071e-11
6.4565422903465004	9.171406435596446e-11
6.60693448007589978	9.174135557427323e-11
6.76082975391980057	9.176896413376354e-11
6.91830970918929999	9.17968713255238e-11
7.07945784384129961	9.182505840019028e-11
7.24435960074980034	9.185350656672342e-11
7.41310241300910011	9.188219699125833e-11
7.58577575029180018	9.191111079602576e-11
7.76247116628690037	9.194022905835615e-11
7.9432823472427998	9.196953280975132e-11
8.128305161640899	9.199900303504029e-11
8.31763771102670013	9.202862067160821e-11
8.51138038202370062	9.205836660870336e-11
8.70963589956079964	9.208822168682182e-11
8.91250938133740078	9.211816669717306e-11
9.12010839355899883	9.214818238122106e-11
9.33254300796989966	9.217824943030747e-11
9.54992586021429979	9.220834848535461e-11
9.7723722095580996	9.223846013664862e-11
10.	9.226856492370466e-11
10.2329299228075001	9.229864333521226e-11
10.4712854805089002	9.232867580906519e-11
10.7151930523760015	9.235864273247237e-11
10.9647819614318003	9.238852444215606e-11
11.2201845430195988	9.241830122462708e-11
11.4815362149688003	9.244795331655126e-11
11.7489755493951993	9.247746090519953e-11
12.0226443461741006	9.2506804128982e-11
12.3026877081238002	9.253596307806605e-11
12.5892541179416	9.25649177950935e-11
12.8824955169313	9.259364827596506e-11
13.1825673855640009	9.262213447072937e-11
13.4896288259164994	9.265035628455685e-11
13.8038426460287997	9.267829357879309e-11
14.1253754462274994	9.270592617211565e-11
14.4543977074591989	9.273323384176749e-11
14.7910838816820007	9.276019632489145e-11
15.1356124843619995	9.278679331994397e-11
15.4881661891248008	9.281300448821336e-11
15.8489319246110991	9.283880945541502e-11
16.2181009735892978	9.286418781338735e-11
16.5958690743755994	9.28891191218771e-11
16.9824365246174018	9.291358291041896e-11
17.3780082874936994	9.293755868029711e-11
17.7827941003892	9.296102590661624e-11
18.1970085860998019	9.298396404045049e-11
18.6208713666285988	9.300635251109304e-11
19.0546071796324021	9.302817072839281e-11
19.4984459975804008	9.30493980851911e-11
19.9526231496887974	9.307001395984261e-11
20.4173794466952003	9.308999771883888e-11
20.8929613085403005	9.310932871951198e-11
21.3796208950223026	9.312798631284289e-11
21.8776162394954987	9.314594984635398e-11
22.3872113856834005	9.316319866709735e-11
22.9086765276776987	9.317971212473272e-11
23.4422881531991969	9.319546957469664e-11
23.9883291901949001	9.321045038146321e-11
24.5470891568503014	9.322463392189669e-11
25.1188643150958022	9.323799958868962e-11
25.7039578276886012	9.325052679389523e-11
26.3026799189537996	9.326219497253997e-11
26.9153480392691016	9.327298358633728e-11
27.5422870333816014	9.328287212747294e-11
28.1838293126445016	9.329184012248943e-11
28.8403150312659982	9.329986713624325e-11
29.5120922666637995	9.330693277595864e-11
30.1995172040201005	9.331301669535427e-11
30.9029543251359016	9.331809859885517e-11
31.6227766016837002	9.332215824588994e-11
32.3593656929627969	9.332517545525523e-11
33.1131121482590984	9.332713010957302e-11
33.8844156139201971	9.332800215981048e-11
34.6736850452531016	9.332777162988394e-11
35.4813389233575052	9.332641862133295e-11
36.3078054770100991	9.332392331806332e-11
37.1535229097171964	9.332026599116324e-11
38.018939632056096	9.331542700378593e-11
38.9045144994280037	9.330938681609798e-11
39.8107170553496985	9.330212599029261e-11
40.7380277804111941	9.329362519566164e-11
41.6869383470334966	9.328386521372928e-11
42.657951880159203	9.327282694344612e-11
43.6515832240165977	9.326049140642848e-11
44.6683592150963022	9.324683975226105e-11
45.708818961487502	9.323185326384429e-11
46.7735141287198033	9.321551336278811e-11
47.8630092322638063	9.319780161485218e-11
48.9778819368446037	9.317869973542776e-11
50.1187233627272022	9.315818959505728e-11
51.2861383991363979	9.313625322499277e-11
52.4807460249772006	9.311287282278578e-11
53.703179637025201	9.308803075790571e-11
54.9540873857623993	9.30617095773877e-11
56.2341325190349011	9.303389201150378e-11
57.5439937337155953	9.300456097945246e-11
58.8843655355588993	9.297369959506985e-11
60.2559586074356943	9.294129117254589e-11
61.6595001861482004	9.290731923216447e-11
63.0957344480193001	9.287176750603412e-11
64.565422903465489	9.283461994383393e-11
66.0693448007595947	9.279586071855509e-11
67.6082975391981051	9.27554743588515e-11
69.1830970918936004	9.271344979047923e-11
70.7945784384138079	9.266978116615093e-11
72.4435960074989964	9.262446314417172e-11
74.1310241300917028	9.257749059295562e-11
75.8577575029184032	9.2528858593243e-11
77.6247116628691032	9.247856244026157e-11
79.4328234724280975	9.242659764583697e-11
81.2830516164099066	9.237295994043908e-11
83.1763771102669978	9.231764527517643e-11
85.1138038202376066	9.226064982372929e-11
87.096358995608	9.220196998421791e-11
89.125093813374491	9.214160238101402e-11
91.2010839355909013	9.207954386648589e-11
93.325430079699089	9.201579152267647e-11
95.4992586021434988	9.195034266292167e-11
97.723722095580996	9.188319483339083e-11
100.	9.181434581456869e-11
102.329299228075399	9.174379362266579e-11
104.712854805089904	9.167153651095036e-11
107.151930523760697	9.159757297101646e-11
109.647819614318507	9.152190173397818e-11
112.2018454301963	9.14445217715864e-11
114.815362149688298	9.136543229727061e-11
117.489755493952899	9.128463276710942e-11
120.226443461741297	9.120212288072332e-11
123.026877081238112	9.111790258208362e-11
125.892541179416696	9.103197206025119e-11
128.824955169313313	9.094433175003146e-11
131.825673855640702	9.085498233255089e-11
134.896288259165317	9.076392473575417e-11
138.038426460288491	9.067116013482017e-11
141.253754462275396	9.057668995249186e-11
144.543977074592789	9.048051585933226e-11
147.9108388168207	9.038263977389271e-11
151.35612484362079	9.028306386279798e-11
154.881661891248115	9.018179054074984e-11
158.489319246111393	9.007882247044814e-11
162.1810097358929	8.997416256242712e-11
165.958690743756108	8.986781397480498e-11
169.824365246174381	8.97597801129539e-11
173.780082874937591	8.965006462908437e-11
177.827941003892306	8.95386714217437e-11
181.970085860998381	8.94256046352332e-11
186.208713666286684	8.93108686589362e-11
190.546071796324782	8.919446812657198e-11
194.984459975804498	8.907640791535339e-11
199.526231496887988	8.895669314507173e-11
204.173794466952899	8.883532917709116e-11
208.929613085403815	8.87123216132638e-11
213.796208950223189	8.85876762947624e-11
218.776162394955094	8.846139930082975e-11
223.872113856834005	8.833349694744718e-11
229.086765276777214	8.820397578592095e-11
234.422881531992204	8.807284260139092e-11
239.883291901948979	8.794010441125656e-11
245.470891568503106	8.780576846352647e-11
251.188643150957915	8.766984223508766e-11
257.039578276886402	8.753233342990051e-11
263.02679918953811	8.739324997711234e-11
269.15348039269162	8.725260002909988e-11
275.422870333816604	8.711039195943585e-11
281.838293126445478	8.696663436078054e-11
288.4031503126605	8.682133604270145e-11
295.120922666638705	8.667450602942354e-11
301.995172040201624	8.652615355750622e-11
309.0295432513592	8.637628807345271e-11
316.227766016837904	8.622489317725926e-11
323.593656929628366	8.60717363530086e-11
331.131121482591084	8.591648140809976e-11
338.84415613920271	8.57587967280271e-11
346.736850452531598	8.559835621914146e-11
354.81338923357572	8.543483948570251e-11
363.078054770101403	8.526793202843244e-11
371.535229097172419	8.509732546327918e-11
380.18939632056123	8.492271775904002e-11
389.04514499428052	8.474381349245215e-11
398.107170553497326	8.45603241192884e-11
407.380277804112609	8.437196825993436e-11
416.869383470335492	8.417847199786771e-11
426.579518801592485	8.397956918939096e-11
436.515832240166105	8.377500178291606e-11
446.683592150962966	8.356452014602146e-11
457.088189614875205	8.33478833984779e-11
467.735141287198132	8.312485974934447e-11
478.630092322638461	8.289522683622996e-11
489.778819368446079	8.265877206473918e-11
501.187233627272462	8.241529294611313e-11
512.861383991364846	8.21645974310234e-11
524.807460249772816	8.190650423748224e-11
537.031796370252664	8.164084317080321e-11
549.540873857624888	8.13674554335569e-11
562.341325190349039	8.108619392347746e-11
575.439937337157289	8.079692351729069e-11
588.843655355589021	8.049952133848212e-11
602.559586074358094	8.01938770070546e-11
616.59500186148216	7.987989286939884e-11
630.957344480193569	7.955748420645765e-11
645.6542290346556	7.922657941846694e-11
660.693448007595748	7.888712018463477e-11
676.082975391981904	7.853906159624193e-11
691.830970918936259	7.818237226176306e-11
707.945784384138051	7.781703438273955e-11
724.435960074989907	7.744304379928296e-11
741.31024130091771	7.70604100042325e-11
758.577575029183549	7.666915612515532e-11
776.24711662869197	7.626931887355123e-11
794.328234724281401	7.586094846078833e-11
812.830516164099549	7.544410848048825e-11
831.76377110267083	7.501887575725184e-11
851.13803820237672	7.458535299994847e-11
870.963589956080455	7.414416334486969e-11
891.250938133745876	7.369657827245034e-11
912.010839355909638	7.324386781392723e-11
933.254300796991515	7.2787252663132e-11
954.992586021435954	7.232790344498564e-11
977.237220955811267	7.186694040959259e-11
1000.	7.140543351244375e-11
1023.29299228075479	7.094440284184769e-11
1047.12854805089955	7.048481935583819e-11
1071.51930523760711	7.002760589232098e-11
1096.47819614318519	6.957363841806872e-11
1122.01845430196431	6.912374748426152e-11
1148.15362149688281	6.86787198585279e-11
1174.89755493953044	6.823930030581246e-11
1202.26443461741314	6.780619349283364e-11
1230.26877081238126	6.738006599333668e-11
1258.92541179416753	6.696154837378119e-11
1288.24955169313353	6.65512373414767e-11
1318.25673855640775	6.614969793948758e-11
1348.96288259165317	6.575746577484423e-11
1380.3842646028852	6.537504926871454e-11
1412.53754462275401	6.500293191920036e-11
1445.43977074592817	6.464157456931725e-11
1479.10838816820728	6.429141767451248e-11
1513.56124843620887	6.395288356575367e-11
1548.81661891248132	6.362637870580947e-11
1584.89319246111404	6.331229593783202e-11
1621.81009735892985	6.301101672676709e-11
1659.58690743756119	6.272291339545393e-11
1698.24365246174443	6.244835135856721e-11
1737.80082874937625	6.218769135879252e-11
1778.27941003892283	6.194129171084305e-11
1819.70085860998438	6.170951056013184e-11
1862.08713666286758	6.149270816412255e-11
1905.46071796324827	6.129124920562612e-11
1949.84459975804566	6.110550514859149e-11
1995.2623149688809	6.09358566483011e-11
2041.73794466952972	6.078272119761865e-11
2089.29613085404117	6.064666683559858e-11
2137.96208950223263	6.052832229984321e-11
2187.7616239495519	6.042833395109784e-11
2238.72113856833994	6.034736996536893e-11
2290.86765276777214	6.028612480040036e-11
2344.22881531992289	6.024532393569828e-11
2398.83291901948996	6.022572892913823e-11
2454.70891568503112	6.022814283950622e-11
2511.88643150958023	6.02534160715806e-11
2570.39578276886505	6.030245270873796e-11
2630.26799189538133	6.037621740780489e-11
2691.53480392691699	6.047574294224542e-11
2754.22870333816627	6.060213849311397e-11
2818.38293126445524	6.075659880292457e-11
2884.031503126605	6.094041432618242e-11
2951.20922666638717	6.115498253241946e-11
3019.95172040201624	6.140182054391502e-11
3090.295432513592	6.168257932182029e-11
3162.2776601683795	6.199905965229714e-11
3235.93656929628469	6.235323023000636e-11
3311.31121482591106	6.274724819166529e-11
3388.44156139202778	6.318348251978487e-11
3467.36850452531644	6.366454081902934e-11
3548.13389233575663	6.419330006872508e-11
3630.7805477010138	6.477294207970577e-11
3715.3522909717276	6.540699453822601e-11
3801.89396320561264	6.609937871224984e-11
3890.45144994280508	6.685446513672627e-11
3981.07170553497326	6.767713889858421e-11
4073.8027780411262	6.857263221429667e-11
4168.6938347033547	6.954493832614566e-11
4265.7951880159253	7.059768468758648e-11
4365.15832240166128	7.173496330540366e-11
4466.83592150962977	7.296137889387247e-11
4570.88189614875137	7.428210044363821e-11
4677.35141287198076	7.570292151829561e-11
4786.30092322638484	7.723033068890751e-11
4897.78819368446148	7.887159382559034e-11
5011.87233627272508	8.063485034524383e-11
5128.61383991364892	8.25292259852461e-11
5248.07460249772794	8.456496526024177e-11
5370.31796370252687	8.67535874968442e-11
5495.40873857624865	8.910807127397575e-11
5623.41325190349107	9.164307328447302e-11
5754.39937337157244	9.437518915698233e-11
5888.43655355588999	9.732326574526229e-11
6025.5958607435814	1.0050877695435936e-10
6165.95001861482251	1.0395627853641159e-10
6309.57344480193569	1.076939617416536e-10
6456.542290346556	1.1175433165962558e-10
6606.93448007596453	1.161750441125628e-10
6760.82975391981927	1.209999459062531e-10
6918.30970918936328	1.2628035408450137e-10
7079.45784384138005	1.320760941768613e-10
7244.35960074989907	1.3845728115471468e-10
7413.10241300917733	1.4550729696562874e-10
7585.77575029183572	1.5332607361082863e-10
7762.47116628691947	1.620343595209804e-10
7943.28234724281356	1.7177937481574454e-10
8128.30516164099481	1.8274241239193232e-10
8317.63771102670944	1.951492124412969e-10
8511.38038202376811	2.0928436617049692e-10
8709.63589956080432	2.2551169907484915e-10
8912.50938133745876	2.4430374295148965e-10
9120.10839355909593	2.66285401361832e-10
9332.54300796991447	2.9230047521950464e-10
9549.92586021435818	3.2351634036561623e-10
9772.37220955811244	3.6159499361630324e-10
10000.	4.089853492041723e-10
10232.9299228075361	4.694504797888943e-10
10471.2854805090083	5.490841768589134e-10
10715.1930523760711	6.584435505136821e-10
10964.7819614318523	8.175472136021937e-10
11220.1845430196263	1.0695276789534039e-9
11481.536214968839	1.5275124350320802e-9
11748.9755493953016	2.613521419722335e-9
12022.644346174131	8.397443642449393e-9
12302.6877081238108	7.3915866383154335e-9
12589.2541179416621	2.621179291637382e-9
12882.4955169313489	1.6151865272565256e-9
13182.5673855640744	1.178928484426777e-9
13489.6288259165322	9.355653788356602e-10
13803.842646028841	7.805767121953763e-10
14125.3754462275538	6.734148651249149e-10
14454.3977074592804	5.950568557142964e-10
14791.0838816820724	5.353954711280046e-10
15135.6124843620728	4.885643141731301e-10
15488.1661891248277	4.5092526278229813e-10
15848.9319246111409	4.201027254623829e-10
16218.1009735892985	3.9448014790742026e-10
16595.8690743755942	3.7291971513847527e-10
16982.4365246174602	3.5459776424925565e-10
17378.0082874937616	3.389037721947575e-10
17782.7941003892302	3.2537600673140246e-10
18197.0085860998261	3.1365920643475884e-10
18620.8713666286894	3.034759720387128e-10
19054.6071796324832	2.9460695778218597e-10
19498.4459975804493	2.8687686501783323e-10
19952.6231496887849	2.801443542542517e-10
20417.3794466953223	2.742931451474325e-10
20892.9613085404053	2.692203012254942e-10
21379.6208950223227	2.6483840293260554e-10
21877.6162394955209	2.610748624059659e-10
22387.2113856834258	2.5786905265063003e-10
22908.6765276777478	2.5517008434088716e-10
23442.2881531992243	2.5293506738714657e-10
23988.3291901949015	2.5112773827380367e-10
24547.0891568502884	2.4971736633911617e-10
25118.8643150958196	2.4867787485053256e-10
25703.9578276886459	2.4798712893208835e-10
26302.6799189538106	2.476263541130455e-10
26915.3480392691417	2.4757965782541235e-10
27542.28703338169	2.4783363249314506e-10
28183.8293126445496	2.4837702355645093e-10
28840.3150312660582	2.492004492999786e-10
29512.0922666638398	2.5029616201415725e-10
30199.5172040201978	2.516578420360864e-10
30902.954325135921	2.532804177498976e-10
31622.7766016837959	2.5515990579263793e-10
32359.3656929628123	2.5729326659581634e-10
33113.1121482591479	2.5967827105808686e-10
33884.4156139202751	2.6231337463860385e-10
34673.6850452531653	2.6519759551952806e-10
35481.3389233575363	2.683303937380527e-10
36307.8054770101808	2.7171154835573127e-10
37153.5229097172851	2.753410298347119e-10
38018.9396320561282	2.792188648436245e-10
38904.514499428049	2.83344990736519e-10
39810.7170553497781	2.877190969532151e-10
40738.0277804112993	2.9234135065269075e-10
41686.9383470335524	2.9721843425087865e-10
42657.9518801592494	3.023606246235955e-10
43651.5832240165619	3.077789331001345e-10
44668.359215096345	3.1348511761144484e-10
45708.8189614875228	3.194917104029653e-10
46773.514128719813	3.258120455661108e-10
47863.0092322638084	3.324602857406021e-10
48977.8819368446639	3.394514471844424e-10
50118.7233627272508	3.4680142221916273e-10
51286.1383991364855	3.5452699782890886e-10
52480.7460249772266	3.6264586891588317e-10
53703.1796370253287	3.711766443835107e-10
54954.0873857624829	3.801388438232869e-10
56234.1325190349089	3.895528821114182e-10
57543.9937337156734	3.994400386658925e-10
58884.3655355589654	4.0982240746186e-10
60255.9586074358085	4.207228231409842e-10
61659.5001861482233	4.3216475766737574e-10
63095.7344480192987	4.441721809687361e-10
64565.422903465631	4.5676937784997193e-10
66069.3448007596307	4.699807121765828e-10
67608.297539198189	4.838303279046809e-10
69183.0970918936218	4.983421041727571e-10
70794.5784384138824	5.135471766303739e-10
72443.596007499058	5.294860933842775e-10
74131.0241300917696	5.462023839228693e-10
75857.7575029183645	5.637423817118787e-10
77624.7116628691147	5.821553763364067e-10
79432.8234724282083	6.014937629066822e-10
81283.0516164099536	6.218131850314214e-10
83176.3771102670871	6.431726665790106e-10
85113.8038202375901	6.656347261087686e-10
87096.3589956081414	6.892654662109697e-10
89125.0938133745949	7.141346279852438e-10
91201.0839355909557	7.403155984448151e-10
93325.4300796990428	7.678853556831921e-10
95499.2586021436873	7.969243330988075e-10
97723.7220955811208	8.2751617975737e-10
100000.	8.597473889994107e-10
102329.299228075353	8.937067616019497e-10
104712.854805090057	9.294846631351788e-10
107151.930523760704	9.671720276209033e-10
109647.81961431852	1.0068590512816447e-9
112201.845430196307	1.0486335112699622e-9
114815.362149688401	1.0925786351676902e-9
117489.755493953038	1.1387705165181342e-9
120226.443461741321	1.1872937377909137e-9
123026.877081238126	1.2382715860605527e-9
125892.541179416876	1.2918396273404073e-9
128824.955169313485	1.348141187918535e-9
131825.673855640722	1.4073278416640337e-9
134896.288259165303	1.469559946497771e-9
138038.426460288378	1.5350072398207117e-9
141253.754462275538	1.6038495050835702e-9
144543.977074592782	1.6762773246289389e-9
147910.838816820731	1.7524929375620703e-9
151356.124843620695	1.8327112258574698e-9
154881.661891248281	1.9171608573674284e-9
158489.319246111409	2.00608562108824e-9
162181.009735893022	2.0997459982383384e-9
165958.690743755957	2.198421022756834e-9
169824.365246174595	2.3024104971790352e-9
173780.082874937623	2.4120376450468267e-9
177827.94100389228	2.527652299787076e-9
181970.085860998253	2.6496347532782143e-9
186208.713666286902	2.778400416362806e-9
190546.071796324832	2.914405479997047e-9
194984.459975804522	3.0581538117736494e-9
199526.231496887864	3.2102053812241706e-9
204173.794466953142	3.3711696858432794e-9
208929.613085404068	3.5416265240191652e-9
213796.208950223256	3.722160628022407e-9
218776.162394955201	3.9133882313079695e-9
223872.113856834243	4.1159578165063826e-9
229086.765276777471	4.330550725434177e-9
234422.881531992229	4.557881651205482e-9
239883.291901948949	4.7986990187491864e-9
245470.891568502848	5.0537852735086594e-9
251188.643150958233	5.323957116695064e-9
257039.578276886459	5.610065750415018e-9
263026.799189538171	5.912997228737551e-9
269153.480392691388	6.233673052929041e-9
275422.870333816914	6.5730512025070655e-9
281838.293126445496	6.932127860501565e-9
288403.150312660553	7.311940173663953e-9
295120.922666638449	7.71357048894164e-9
301995.172040201898	8.138152629373915e-9
309029.543251359195	8.58688091932714e-9
316227.766016838024	9.061022845366214e-9
323593.656929628109	9.56193645135964e-9
331131.121482591436	1.0091093823571144e-8
338844.156139202823	1.065011233655452e-8
346736.850452531653	1.12407957231475e-8
354813.389233575319	1.186518753117219e-8
363078.054770101735	1.252564018008445e-8
371535.229097172792	1.3224903700142027e-8
380189.396320561296	1.3966239426632025e-8
389045.144994280476	1.4753565587057684e-8
398107.170553497737	1.559164409594241e-8
407380.277804112993	1.6486082279735462e-8
416869.38347033551	1.7441753962752675e-8
426579.518801592465	1.8463179630220407e-8
436515.832240165735	1.9555196075681747e-8
446683.592150963494	2.0722978153543826e-8
457088.189614875184	2.1972057498713238e-8
467735.141287198057	2.330834221937991e-8
478630.092322638026	2.4738138016377836e-8
489778.819368446653	2.6268171439254444e-8
501187.233627272479	2.7905616344946467e-8
512861.383991364855	2.9658125109436415e-8
524807.460249772295	3.15338667926231e-8
537031.7963702532	3.3541575317745455e-8
549540.873857624829	3.5690611856150235e-8
562341.325190349016	3.799104707827459e-8
575439.937337156618	4.045377083543053e-8
588843.655355589581	4.309063929699851e-8
602559.586074358085	4.591467275117778e-8
616595.00186148216	4.894032141962302e-8
630957.344480192987	5.218382207880801e-8
645654.22903465631	5.5663675534101006e-8
660693.448007596424	5.940128483592531e-8
676082.97539198189	6.342180777460064e-8
691830.970918936306	6.775506394034566e-8
707945.784384138766	7.243090158464408e-8
724435.960074990638	7.747658288416788e-8
741310.241300917696	8.292069290511762e-8
758577.575029183528	8.879328943625105e-8
776247.116628691205	9.512580153211276e-8
794328.234724282171	1.0195089276787816e-7
812830.516164099565	1.0930229246990996e-7
831763.771102670813	1.1721460367680412e-7
851138.038202375872	1.257231043539198e-7
870963.589956081472	1.3486356891216836e-7
891250.93813374592	1.446721508273731e-7
912010.839355909615	1.55185384518716e-7
933254.300796990399	1.6644038593223276e-7
954992.586021436728	1.784753567399453e-7
977237.220955811208	1.9133052701813374e-7
1.e6	2.0504970639555355e-7
1.02329299228075368e6	2.1932434892560937e-7
1.04712854805090069e6	2.3473248674653614e-7
1.0715193052376071e6	2.5137364129986574e-7
1.09647819614318525e6	2.6935678988304833e-7
1.12201845430196286e6	2.888013151149395e-7
1.14815362149688415e6	3.098380519302461e-7
1.17489755493953032e6	3.3261044178844635e-7
1.20226443461741321e6	3.5727580458498844e-7
1.23026877081238106e6	3.8400673959113655e-7
1.25892541179416888e6	4.129926675696338e-7
1.28824955169313494e6	4.4444152705913937e-7
1.31825673855640762e6	4.78581638591166e-7
1.34896288259165315e6	5.156637513474039e-7
1.38038426460288651e6	5.559632873639664e-7
1.41253754462275538e6	5.997827988656558e-7
1.44543977074592793e6	6.474546545429526e-7
1.47910838816820737e6	6.993439705257993e-7
1.51356124843620718e6	7.558518013747497e-7
1.54881661891248287e6	8.17418605461683e-7
1.58489319246111414e6	8.845279975359972e-7
1.62181009735893016e6	9.577107989882574e-7
1.65958690743755968e6	1.0375493930149516e-6
1.69824365246174601e6	1.1246823875967713e-6
1.73780082874937658e6	1.2198095835805503e-6
1.77827941003892291e6	1.3236972380660155e-6
1.8197008586099823e6	1.4371836047357955e-6
1.86208713666286925e6	1.5611847223717543e-6
1.90546071796324849e6	1.6967004107852252e-6
1.94984459975804528e6	1.8448204197385479e-6
1.99526231496887887e6	2.0067306613501354e-6
2.04173794466953189e6	2.1837194407199227e-6
2.08929613085404062e6	2.3771835834932135e-6
2.13796208950223262e6	2.588634344669092e-6
2.18776162394955196e6	2.8197029712142936e-6
2.2387211385683422e6	3.0721457851292197e-6
2.29086765276777465e6	3.347848656092793e-6
2.34422881531992275e6	3.648830748062553e-6
2.39883291901949002e6	3.977247456718841e-6
2.45470891568503343e6	4.335392510367816e-6
2.51188643150958186e6	4.725699291821194e-6
2.57039578276886465e6	5.150741559788066e-6
2.63026799189538136e6	5.61323391197795e-6
2.691534803926914e6	6.116032544985832e-6
2.75422870333816903e6	6.662137133313669e-6
2.81838293126445496e6	7.254694975344346e-6
2.88403150312660588e6	7.897008940007537e-6
2.95120922666638391e6	8.592551194712618e-6
3.0199517204020191e6	9.34498520272098e-6
3.09029543251359183e6	0.000010158199048074754
3.16227766016837954e6	0.000011036353783937371
3.23593656929628085e6	0.000011983951224924929
3.31131121482591424e6	0.000013005926448851915
3.38844156139202788e6	0.000014107771305603105
3.46736850452531688e6	0.00001529569656038981
3.54813389233575296e6	0.00001657684209677266
3.63078054770101746e6	0.000017959547142454846
3.71535229097172804e6	0.000019453696151311017
3.80189396320561273e6	0.000021071161382782557
3.89045144994280441e6	0.00002282637125169318
3.98107170553497784e6	0.000024737045572439293
4.07380277804112947e6	0.000026824450375036597
4.16869383470335463e6	0.000029108938932389063
4.2657951880159257e6	0.00003161105867564308
4.36515832240166608e6	0.000034353669106685485
4.46683592150963564e6	0.00003736223104195959
4.57088189614875149e6	0.00004066511886645457
4.67735141287198104e6	0.00004429397047955817
4.78630092322638072e6	0.00004828407902422977
4.89778819368446618e6	0.00005267483070686906
5.0118723362727249e6	0.000057510193178601916
5.12861383991364762e6	0.00006283925897445249
5.24807460249772295e6	0.00006871684834519235
5.37031796370253246e6	0.00007520417542631193
5.49540873857624829e6	0.00008236958086209488
5.6234132519034911e6	0.00009028933274796197
5.75439937337156571e6	0.00009904849573712636
5.88843655355589651e6	0.00010874186522708779
6.02559586074358039e6	0.00011947495945421603
6.165950018614823e6	0.0001313650565616114
6.30957344480193034e6	0.0001445422560396535
6.45654229034656193e6	0.0001591505337020013
6.6069344800759647e6	0.000175348746084771
6.76082975391981844e6	0.00019331152325895043
6.91830970918936282e6	0.00021323014033157434
7.07945784384138789e6	0.0002353176193695703
7.24435960074990615e6	0.0002598129282684438
7.41310241300917696e6	0.00028698043927917504
7.58577575029183552e6	0.0003171121972122194
7.76247116628692765e6	0.00035053059922857767
7.94328234724282194e6	0.00038759139768646076
8.12830516164099518e6	0.00042868712583393563
8.31763771102670953e6	0.0004742510900932057
8.51138038202375919e6	0.0005247621347488537
8.70963589956081286e6	0.0005807504682859882
8.91250938133745827e6	0.0006428049545843672
9.12010839355909638e6	0.0007115824246888651
9.33254300796990283e6	0.0007878197706524989
9.54992586021436937e6	0.000872349859978629
9.77237220955811255e6	0.0009661226878432067
1.e7	0.001070233706421475
1.02329299228075352e7	0.0011859620092049298
1.04712854805090074e7	0.0013148221103803657
1.0715193052376071e7	0.001458634633406608
1.09647819614318498e7	0.0016196236075196233
1.122018454301963e7	0.0018005517894190174
1.14815362149688415e7	0.0020049113744878056
1.17489755493953042e7	0.0022371960383355274
1.20226443461741321e7	0.002502975975272085
1.23026877081238106e7	0.002808657167431435
1.25892541179416869e7	0.0031621719306274363
1.28824955169313494e7	0.003573578817663308
1.31825673855640739e7	0.00405581927057158
1.34896288259165324e7	0.004625821830185248
1.38038426460288688e7	0.005306155260268193
1.41253754462275542e7	0.00612757686830304
1.44543977074592803e7	0.00713309587829063
1.47910838816820718e7	0.008384714088607565
1.51356124843620732e7	0.009975145483792268
1.54881661891248282e7	0.01204938121335702
1.584893192461114e7	0.014847244297346284
1.62181009735893011e7	0.01879513738218537
1.65958690743755978e7	0.024728210565320038
1.69824365246174596e7	0.034521716377826785
1.73780082874937616e7	0.053366740082346834
1.77827941003892273e7	0.10204757719761592
1.81970085860998221e7	0.38765073155895746
1.86208713666286916e7	1.5609152961597066
1.90546071796324849e7	0.16233254068024122
1.94984459975804575e7	0.07929894719796884
1.99526231496887878e7	0.053121159001154536
2.04173794466953166e7	0.040691682410426505
2.08929613085404076e7	0.03356509013727853
2.13796208950223215e7	0.02901982337123226
2.18776162394955196e7	0.025921801887319133
2.23872113856834248e7	0.023718104464909788
2.29086765276777484e7	0.022108504357047237
2.34422881531992294e7	0.020916760183315522
2.39883291901948936e7	0.02003320897031556
2.45470891568503343e7	0.019386555533219066
2.51188643150958233e7	0.018928928888000733
2.57039578276886493e7	0.018627484817383164
2.63026799189538099e7	0.01845946386382156
2.69153480392691344e7	0.01840918006371903
2.75422870333816893e7	0.018466143146628915
2.81838293126445487e7	0.018623876978790487
2.88403150312660597e7	0.018879186187476263
2.95120922666638382e7	0.019231728320138357
3.0199517204020191e7	0.01968381124379056
3.09029543251359202e7	0.020240375069344535
3.16227766016837917e7	0.02090914560076036
3.23593656929628104e7	0.021700968886081584
3.3113112148259148e7	0.022630359230832845
3.38844156139202714e7	0.023716320722872643
3.46736850452531651e7	0.024983541309286626
3.54813389233575314e7	0.026464118025930204
3.63078054770101756e7	0.028200068261624786
3.71535229097172767e7	0.030247044273534786
3.80189396320561245e7	0.032679953031209054
3.89045144994280487e7	0.03560170512474359
3.98107170553497672e7	0.03915731743653563
4.0738027780411303e7	0.04355386731519191
4.16869383470335528e7	0.04906837454471396
4.26579518801592588e7	0.05610201034118606
4.3651583224016659e7	0.06528172924467052
4.4668359215096347e7	0.07764348516279097
4.57088189614875242e7	0.09502957212673001
4.67735141287198141e7	0.12105508238657782
4.78630092322638035e7	0.16386316700420742
4.89778819368446544e7	0.24623612681109705
5.01187233627272472e7	0.46440589257246817
5.12861383991364762e7	2.319635377931744
5.24807460249772295e7	1.324792388647121
5.37031796370253265e7	0.46447175076294517
5.49540873857624829e7	0.2919196538799236
5.62341325190349072e7	0.2195085989931994
5.75439937337156758e7	0.1804356056692722
5.88843655355589613e7	0.15656756680899953
6.02559586074358076e7	0.1409771969969471
6.16595001861482263e7	0.13046314105906592
6.30957344480192959e7	0.12335845114663524
6.45654229034656137e7	0.11872719128016207
6.60693448007596433e7	0.11602302688802422
6.760829753919819e7	0.11492896875497963
6.91830970918936282e7	0.11527784817622107
7.07945784384138882e7	0.11701336060686483
7.24435960074990541e7	0.1201747731584327
7.41310241300917715e7	0.12489891444038563
7.58577575029183626e7	0.1314392941324098
7.76247116628692746e7	0.14020805276062526
7.94328234724282026e7	0.15185531924227474
8.12830516164099574e7	0.1674184559382857
8.31763771102670878e7	0.1886157643861698
8.51138038202377707e7	0.21847106926102694
8.70963589956081361e7	0.2627968311499374
8.91250938133745938e7	0.3343130223232303
9.12010839355909526e7	0.46715329617456636
9.33254300796990544e7	0.79441698782147
9.54992586021436751e7	2.838200948992708
9.77237220955811143e7	1.8493912600863602
1.e8	0.6551623022869771