# mphi[eV]; Yb X-coefficients [Hz]:	Yb+:S1/2->D5/2;	Yb+:S1/2->D3/2;	Yb+:S1/2->F7/2;	Yb:1S0->2D2;	Yb:1S0->3P0;
1.0000000000	-31494109683875.4	-35489689992814.9	257140942666846	-4136342396162.57	31273094027707.8
1.0232929923	-31495003474880.3	-35490554649907.2	257190454562480	-4134887695266.13	31276758581601.3
1.0471285481	-31495875075230.8	-35491398503225.4	257238500270571	-4133475195678.32	31280321136552
1.0715193052	-31496724603560.5	-35492221646094.8	257285094005656	-4132104508284.91	31283782533972
1.0964781961	-31497552178502.6	-35493024171840.9	257330249982276	-4130775243972.22	31287143615272.6
1.1220184543	-31498357918690.8	-35493806173789	257373982414971	-4129487013625.88	31290405221865.9
1.1481536215	-31499141942758.4	-35494567745264.4	257416305518280	-4128239428132.16	31293568195163.4
1.1748975549	-31499904369338.8	-35495308979592.4	257457233506743	-4127032098376.79	31296633376577
1.2022644346	-31500645317065.6	-35496029970098.5	257496780594898	-4125864635245.78	31299601607518.4
1.2302687708	-31501364904572.2	-35496730810107.8	257534960997286	-4124736649625.24	31302473729399.4
1.2589254118	-31502063250491.9	-35497411592946	257571788928447	-4123647752400.93	31305250583631.7
1.2882495517	-31502740473458.3	-35498072411938.2	257607278602919	-4122597554458.92	31307933011627.1
1.3182567386	-31503396692104.8	-35498713360409.9	257641444235242	-4121585666685.12	31310521854797.3
1.3489628826	-31504032025064.7	-35499334531686.2	257674300039956	-4120611699965.57	31313017954554.1
1.3803842646	-31504646590971.7	-35499936019092.8	257705860231601	-4119675265186.28	31315422152309.2
1.4125375446	-31505240508459.1	-35500517915954.8	257736139024715	-4118775973233.07	31317735289474.4
1.4454397707	-31505813896160.4	-35501080315597.8	257765150633839	-4117913434991.88	31319958207461.5
1.4791083882	-31506366872708.9	-35501623311346.8	257792909273512	-4117087261348.91	31322091747682.1
1.5135612484	-31506899556738.2	-35502146996527.3	257819429158274	-4116297063189.95	31324136751548
1.5488166189	-31507412066881.6	-35502651464464.7	257844724502663	-4115542451400.99	31326094060471.2
1.5848931925	-31507904521772.7	-35503136808484.5	257868809521220	-4114823036868.04	31327964515863.1
1.6218100974	-31508377040044.9	-35503603121911.7	257891698428485	-4114138430476.98	31329748959135.6
1.6595869074	-31508829740331.6	-35504050498071.9	257913405438996	-4113488243113.95	31331448231700.4
1.6982436525	-31509262741266.1	-35504479030290.4	257933944767293	-4112872085664.58	31333063174969.5
1.7378008287	-31509676161482.2	-35504888811892.5	257953330627917	-4112289569015.06	31334594630354.4
1.77827941	-31510070119613.1	-35505279936203.6	257971577235405	-4111740304051.55	31336043439266.8
1.8197008586	-31510444734292.3	-35505652496549.1	257988698804299	-4111223901659.65	31337410443118.7
1.8620871367	-31510800124153.2	-35506006586254.3	258004709549137	-4110739972725.6	31338696483321.6
1.905460718	-31511136407829.3	-35506342298644.5	258019623684459	-4110288128135.11	31339902401287.4
1.9498445998	-31511453703954	-35506659727045.1	258033455424804	-4109867978774.28	31341029038427.8
1.995262315	-31511752131160.8	-35506958964781.4	258046218984713	-4109479135529.24	31342077236154.6
2.0417379447	-31512031808083.1	-35507240105178.8	258057928578724	-4109121209285.72	31343047835879.5
2.0892961309	-31512292853354.3	-35507503241562.7	258068598421378	-4108793810929.72	31343941679014.3
2.1379620895	-31512535385607.8	-35507748467258.4	258078242727213	-4108496551347.2	31344759606970.8
2.1877616239	-31512759523477.2	-35507975875591.2	258086875710769	-4108229041424.32	31345502461160.6
2.2387211386	-31512965385596	-35508185559886.6	258094511586586	-4107990892046.83	31346171082995.6
2.2908676528	-31513153090597.4	-35508377613469.7	258101164569204	-4107781714100.67	31346766313887.4
2.3442288153	-31513322757115	-35508552129666.2	258106848873161	-4107601118471.98	31347288995248
2.398832919	-31513474503782.2	-35508709201801.1	258111578712998	-4107448716046.58	31347739968488.9
2.4547089157	-31513608449232.4	-35508848923200	258115368303254	-4107324117710.6	31348120075021.9
2.5118864315	-31513724712099.1	-35508971387188.2	258118231858469	-4107226934349.78	31348430156258.9
2.5703957828	-31513823411015.8	-35509076687090.9	258120183593181	-4107156776850.29	31348671053611.5
2.6302679919	-31513904664615.8	-35509164916233.5	258121237721932	-4107113256097.99	31348843608491.5
2.6915348039	-31513968591532.7	-35509236167941.5	258121408459259	-4107095982978.84	31348948662310.6
2.7542287033	-31514015310399.8	-35509290535540.2	258120710019703	-4107104568378.88	31348987056480.7
2.8183829313	-31514044939850.6	-35509328112354.9	258119156617804	-4107138623184.07	31348959632413.5
2.8840315031	-31514057598518.6	-35509348991711	258116762468100	-4107197758280.18	31348867231520.6
2.9512092267	-31514053405037.2	-35509353266933.7	258113541785131	-4107281584553.44	31348710695214
3.0199517204	-31514032478039.7	-35509341031348.5	258109508783438	-4107389712889.71	31348490864905.3
3.0902954325	-31513994936159.8	-35509312378280.8	258104677677559	-4107521754174.89	31348208582006.2
3.1622776602	-31513940898030.8	-35509267401055.8	258099062682034	-4107677319295	31347864687928.5
3.2359365693	-31513870482286.1	-35509206192999	258092678011402	-4107856019136.06	31347460024084
3.3113112148	-31513783807559.3	-35509128847435.6	258085537880204	-4108057464583.95	31346995431884.6
3.3884415614	-31513680992483.6	-35509035457691	258077656502978	-4108281266524.71	31346471752741.6
3.4673685045	-31513562155692.8	-35508926117090.7	258069048094264	-4108527035844.25	31345889828067.3
3.5481338923	-31513427415820	-35508800918959.8	258059726868603	-4108794383428.57	31345250499273.1
3.6307805477	-31513276891498.8	-35508659956623.8	258049707040532	-4109082920163.53	31344554607770.8
3.715352291	-31513110701362.6	-35508503323408.1	258039002824592	-4109392256935.27	31343802994972.3
3.8018939632	-31512928964044.9	-35508331112637.9	258027628435323	-4109722004629.6	31342996502289.2
3.8904514499	-31512731798179	-35508143417638.6	258015598087263	-4110071774132.61	31342135971133.2
3.9810717055	-31512519322398.6	-35507940331735.7	258002925994953	-4110441176330.22	31341222242916.1
4.073802778	-31512291655336.9	-35507721948254.4	257989626372932	-4110829822108.33	31340256159050
4.1686938347	-31512048915627.5	-35507488360520.1	257975713435739	-4111237322352.95	31339238560946.2
4.265795188	-31511791221903.8	-35507239661858.1	257961201397915	-4111663287950.02	31338170290016.7
4.3651583224	-31511518692799.2	-35506975945593.8	257946104473998	-4112107329785.68	31337052187672.9
4.4668359215	-31511231446947.1	-35506697305052.5	257930436878528	-4112569058745.66	31335885095327.1
4.5708818961	-31510929602981	-35506403833559.6	257914212826045	-4113048085716.04	31334669854390.5
4.6773514129	-31510613279534.5	-35506095624440.5	257897446531088	-4113544021582.7	31333407306275.4
4.7863009232	-31510282595240.8	-35505772771020.4	257880152208198	-4114056477231.81	31332098292393.2
4.8977881937	-31509937668733.4	-35505435366624.9	257862344071912	-4114585063549.06	31330743654155.7
5.0118723363	-31509578618645.7	-35505083504579	257844036336772	-4115129391420.62	31329344232974.6
5.1286138399	-31509205563611.3	-35504717278208.4	257825243217315	-4115689071732.36	31327900870261.8
5.2480746025	-31508818622263.7	-35504336780838.2	257805978928083	-4116263715370.18	31326414407429.1
5.3703179637	-31508417913236	-35503942105793.9	257786257683614	-4116852933220.28	31324885685887.9
5.4954087386	-31508003555162	-35503533346400.8	257766093698449	-4117456336168.41	31323315547050.4
5.6234132519	-31507575666675	-35503110595984.2	257745501187126	-4118073535100.67	31321704832328
5.7543993734	-31507134366408.3	-35502673947869.5	257724494364185	-4118704140902.93	31320054383132.6
5.8884365536	-31506679772995.6	-35502223495382.3	257703087444166	-4119347764461.14	31318365040876.1
6.0255958607	-31506212005070.2	-35501759331847.4	257681294641608	-4120004016661.33	31316637646970
6.1659500186	-31505731181265.5	-35501281550590.5	257659130171051	-4120672508389.48	31314873042826.2
6.3095734448	-31505237420215.1	-35500790244937	257636608247035	-4121352850531.43	31313072069856.3
6.4565422903	-31504730840552.3	-35500285508212.2	257613743084098	-4122044653973.33	31311235569472.3
6.6069344801	-31504211560910.6	-35499767433741.3	257590548896781	-4122747529601.08	31309364383085.7
6.7608297539	-31503679699923.4	-35499236114849.8	257567039899622	-4123461088300.64	31307459352108.3
6.9183097092	-31503135376224.3	-35498691644862.9	257543230307162	-4124184940957.91	31305521317952
7.0794578438	-31502578708446.5	-35498134117106.3	257519134333941	-4124918698458.77	31303551122028.6
7.2443596007	-31502009815223.6	-35497563624904.9	257494766194497	-4125661971689.39	31301549605749.7
7.413102413	-31501428815189.1	-35496980261584.4	257470140103370	-4126414371535.68	31299517610526.9
7.5857757503	-31500835826976.2	-35496384120469.9	257445270275100	-4127175508883.63	31297455977772.3
7.7624711663	-31500230969218.6	-35495775294887	257420170924226	-4127944994619.12	31295365548897.3
7.9432823472	-31499614360549.6	-35495153878160.8	257394856265287	-4128722439628.13	31293247165314
8.1283051616	-31498986119602.7	-35494519963616.9	257369340512825	-4129507454796.72	31291101668433.9
8.317637711	-31498346365011.3	-35493873644580.4	257343637881377	-4130299651010.76	31288929899668.8
8.511380382	-31497695215409	-35493215014376.8	257317762585483	-4131098639156.23	31286732700430.5
8.7096358996	-31497032789428.9	-35492544166331.6	257291728839684	-4131904030119.18	31284510912130.9
8.9125093813	-31496359205704.8	-35491861193769.7	257265550858518	-4132715434785.34	31282265376181.5
9.1201083936	-31495674582870	-35491166190016.9	257239242856525	-4133532464040.94	31279996933994.1
9.332543008	-31494979039557.8	-35490459248398.3	257212819048245	-4134354728771.8	31277706426980.6
9.5499258602	-31494272694401.9	-35489740462239.4	257186293648217	-4135181839863.99	31275394696552.6
9.7723722096	-31493555666035.6	-35489009924865.4	257159680870980	-4136013408203.4	31273062584121.8
10	-31492828073092.4	-35488267729601.8	257132994931075	-4136849044675.93	31270710931100.2
10.2329299228	-31492090034205.7	-35487513969773.9	257106250043041	-4137688360167.7	31268340578899.4
10.4712854805	-31491341668008.9	-35486748738706.9	257079460421417	-4138530965564.63	31265952368931.1
10.7151930524	-31490583093135.5	-35485972129726.4	257052640280743	-4139376471752.59	31263547142607.1
10.9647819614	-31489814428219	-35485184236157.7	257025803835558	-4140224489617.62	31261125741339.3
11.220184543	-31489035791892.8	-35484385151326	256998965300403	-4141074630045.71	31258689006539.2
11.481536215	-31488247302790.2	-35483574968556.7	256972138889816	-4141926503922.7	31256237779618.7
11.7489755494	-31487449079544.9	-35482753781175.3	256945338818337	-4142779722134.74	31253772901989.6
12.0226443462	-31486641240790.2	-35481921682506.9	256918579300505	-4143633895567.63	31251295215063.6
12.3026877081	-31485823905159.4	-35481078765877	256891874550861	-4144488635107.54	31248805560252.3
12.5892541179	-31484997191286.3	-35480225124611.1	256865238783944	-4145343551640.15	31246304778967.7
12.8824955169	-31484161217804.1	-35479360852034.3	256838686214292	-4146198256051.59	31243793712621.4
13.1825673856	-31483316103346.2	-35478486041472	256812231056447	-4147052359227.92	31241273202625.1
13.4896288259	-31482461966546.2	-35477600786249.7	256785887524947	-4147905472054.9	31238744090390.8
13.803842646	-31481598926037.4	-35476705179692.6	256759669834331	-4148757205418.58	31236207217330
14.1253754462	-31480727100453.4	-35475799315126.1	256733592199141	-4149607170205.05	31233663424854.6
14.4543977075	-31479846608427.5	-35474883285875.5	256707668833914	-4150454977300.13	31231113554376.2
14.7910838817	-31478957568593.3	-35473957185266.3	256681913953190	-4151300237589.72	31228558447306.8
15.1356124844	-31478060099584	-35473021106623.8	256656341771510	-4152142561959.92	31225998945057.9
15.4881661891	-31477154320033.3	-35472075143273.1	256630966503413	-4152981561296.68	31223435889041.4
15.8489319246	-31476240348574.5	-35471119388539.9	256605802363437	-4153816846486	31220870120669
16.2181009736	-31475318303841	-35470153935749.4	256580863566123	-4154648028413.69	31218302481352.5
16.5958690744	-31474388304466.3	-35469178878226.9	256556164326011	-4155474717965.9	31215733812503.6
16.9824365246	-31473450469084	-35468194309297.9	256531718857639	-4156296526028.44	31213164955534.1
17.3780082875	-31472504916327.3	-35467200322287.6	256507541375548	-4157113063487.44	31210596751855.7
17.7827941004	-31471551764829.8	-35466197010521.4	256483646094276	-4157923941228.64	31208030042880.2
18.1970085861	-31470591133224.8	-35465184467324.7	256460047228364	-4158728770138.26	31205465670019.2
18.6208713666	-31469623140145.9	-35464162786022.8	256436758992351	-4159527161102.07	31202904474684.7
19.0546071796	-31468647904226.4	-35463132059941.1	256413795600777	-4160318725006.11	31200347298288.2
19.4984459976	-31467665544099.9	-35462092382404.9	256391171268180	-4161103072736.35	31197794982241.8
19.9526231497	-31466676178399.7	-35461043846739.5	256368900209102	-4161879815178.77	31195248367956.9
20.4173794467	-31465679925759.4	-35459986546270.4	256346996638080	-4162648563219.25	31192708296845.4
20.8929613085	-31464676904812.2	-35458920574322.8	256325474769655	-4163408927743.88	31190175610319.1
21.379620895	-31463667234191.8	-35457846024222.2	256304348818366	-4164160519638.55	31187651149789.7
21.8776162395	-31462651032531.5	-35456762989293.8	256283632998753	-4164902949789.19	31185135756668.9
22.3872113857	-31461628418464.7	-35455671562863.1	256263341525356	-4165635829081.91	31182630272368.5
22.9086765277	-31460599510625	-35454571838255.3	256243488612713	-4166358768402.51	31180135538300.3
23.4422881532	-31459564427645.8	-35453463908795.9	256224088475365	-4167071378637.03	31177652395875.9
23.9883291902	-31458523288160.4	-35452347867810.2	256205155327850	-4167773270671.45	31175181686507.3
24.5470891569	-31457476210802.4	-35451223808623.4	256186703384709	-4168464055391.7	31172724251606
25.1188643151	-31456423314205.1	-35450091824561.1	256168746860482	-4169143343683.81	31170280932583.9
25.7039578277	-31455364717002.2	-35448952008948.5	256151299969707	-4169810746433.56	31167852570852.8
26.302679919	-31454300537826.9	-35447804455110.9	256134376926924	-4170465874527.18	31165440007824.3
26.9153480393	-31453230895312.6	-35446649256373.9	256117991946672	-4171108338850.43	31163044084910.2
27.5422870334	-31452155908093	-35445486506062.5	256102159243492	-4171737750289.37	31160665643522.3
28.1838293126	-31451075694801.4	-35444316297502.4	256086893031923	-4172353719730.03	31158305525072.3
28.8403150313	-31449990374071.1	-35443138724018.7	256072207526504	-4172955858058.28	31155964570972
29.5120922667	-31448900064535.9	-35441953878936.9	256058116941775	-4173543776159.98	31153643622633.1
30.199517204	-31447804884828.9	-35440761855582.2	256044635492276	-4174117084921.23	31151343521467.6
30.9029543251	-31446704953583.7	-35439562747280.1	256031777392545	-4174675395228.07	31149065108886.8
31.6227766017	-31445600389433.7	-35438356647355.9	256019556857123	-4175218317966.27	31146809226302.8
32.359365693	-31444491311012.4	-35437143649134.9	256007988100549	-4175745464022.05	31144576715127.1
33.1131121483	-31443377836953.2	-35435923845942.6	255997085337363	-4176256444281.1	31142368416771.8
33.8844156139	-31442260085889.5	-35434697331104.1	255986862782103	-4176750869629.47	31140185172648.4
34.6736850453	-31441138176454.9	-35433464197945	255977334649311	-4177228350953.28	31138027824168.5
35.4813389234	-31440012227282.6	-35432224539790.5	255968515153525	-4177688499138.27	31135897212744.3
36.307805477	-31438882357006.3	-35430978449966.1	255960418509284	-4178130925070.57	31133794179787.2
37.1535229097	-31437748684259.2	-35429726021797	255953058931129	-4178555239636.09	31131719566709.1
38.0189396321	-31436611327675	-35428467348608.5	255946450633599	-4178961053720.79	31129674214921.7
38.9045144994	-31435470405886.8	-35427202523726.1	255940607831233	-4179347978210.57	31127658965836.8
39.8107170553	-31434326037528.4	-35425931640475.1	255935544738571	-4179715623991.65	31125674660866
40.7380277804	-31433178341233.1	-35424654792180.9	255931275570152	-4180063601949.64	31123722141421.3
41.686938347	-31432027435634.3	-35423372072168.8	255927814540517	-4180391522970.84	31121802248914.2
42.6579518802	-31430873439365.5	-35422083573764.2	255925175864204	-4180698997940.9	31119915824756.7
43.651583224	-31429716471060.1	-35420789390292.4	255923373755754	-4180985637745.95	31118063710360.4
44.6683592151	-31428556649351.5	-35419489615078.7	255922422429705	-4181251053271.98	31116246747137.1
45.7088189615	-31427394092873.3	-35418184341448.5	255922336100597	-4181494855404.87	31114465776498.5
46.7735141287	-31426228920258.8	-35416873662727.3	255923128982970	-4181716655030.74	31112721639856.3
47.8630092323	-31425061250141.5	-35415557672240.2	255924815291364	-4181916063035.42	31111015178622.4
48.9778819368	-31423891201154.8	-35414236463312.6	255927409240317	-4182092690304.72	31109347234208.6
50.1187233627	-31422718891932.3	-35412910129270	255930925044370	-4182246147725.05	31107718648026.4
51.2861383991	-31421544441107.2	-35411578763437.7	255935376918062	-4182376046182	31106130261487.7
52.480746025	-31420367967313.1	-35410242459141.1	255940779075932	-4182481996561.62	31104582916004.4
53.703179637	-31419189589183.4	-35408901309705.3	255947145732520	-4182563609749.94	31103077452988
54.9540873858	-31418009425351.6	-35407555408455.9	255954491102366	-4182620496632.89	31101614713850.3
56.234132519	-31416827594451	-35406204848718.2	255962829400009	-4182652268096.5	31100195540003.2
57.5439937337	-31415644215115.2	-35404849723817.5	255972174839989	-4182658535026.59	31098820772858.3
58.8843655356	-31414459405977.6	-35403490127079.1	255982541636845	-4182638908309.13	31097491253827.5
60.2559586074	-31413273285671.5	-35402126151828.5	255993944005117	-4182592998830.27	31096207824322.4
61.6595001861	-31412085972830.6	-35400757891391	256006396159344	-4182520417475.85	31094971325754.8
63.095734448	-31410897586088.1	-35399385439091.9	256019912314066	-4182420775131.82	31093782599536.5
64.5654229035	-31409708244077.6	-35398008888256.5	256034506683822	-4182293682684.27	31092642487079.2
66.0693448008	-31408518065432.5	-35396628332210.4	256050193483153	-4182138751018.93	31091551829794.7
67.6082975392	-31407326933226	-35395243605327	256066984855626	-4181955681416.75	31090511030245.2
69.1830970919	-31406126979012.7	-35393846020728.9	256084824795924	-4181747149754.65	31089506049891
70.7945784384	-31404901010159.4	-35392416641449.9	256103575323437	-4181519410007.44	31088505479202.8
72.4435960075	-31403631280570.3	-35390935922102.2	256123093591687	-4181278928538.03	31087476877548.7
74.1310241301	-31402300044149.6	-35389384317298.1	256143236754196	-4181032171709.21	31086387804297
75.8577575029	-31400889554801.8	-35387742281649.7	256163861964486	-4180785605883.64	31085205818816.1
77.6247116629	-31399382066430.9	-35385990269768.9	256184826376081	-4180545697424.14	31083898480474.1
79.4328234724	-31397759832941.2	-35384108736268.2	256205987142502	-4180318912693.47	31082433348639.4
81.2830516164	-31396005108237.2	-35382078135759.7	256227201417272	-4180111718054.41	31080777982680.3
83.1763771103	-31394100146222.8	-35379878922855.5	256248326353914	-4179930579869.62	31078899941965
85.1138038202	-31392027200802.5	-35377491552167.8	256269219105949	-4179781964501.96	31076766785861.8
87.0963589956	-31389768525880.4	-35374896478308.7	256289736826900	-4179672338314.11	31074346073739
89.1250938134	-31387306375360.8	-35372074155890.4	256309736670290	-4179608167668.92	31071605364964.9
91.2010839356	-31384623003148	-35369005039525.1	256329075789641	-4179595918929.11	31068512218907.7
93.3254300797	-31381700663146.2	-35365669583824.9	256347611338475	-4179642058457.41	31065034194935.6
95.4992586021	-31378521609259.8	-35362048243402	256365200470316	-4179753052616.61	31061138852417.2
97.7237220956	-31375068095393	-35358121472868.6	256381700338684	-4179935367769.46	31056793750720.4
100	-31371322375449.8	-35353869726836.7	256396968097104	-4180195470278.66	31051966449213.7
102.3292992281	-31367266703334.7	-35349273459918.6	256410860899096	-4180539826507.12	31046624507265.4
104.7128548051	-31362883332951.9	-35344313126726.6	256423235898184	-4180974902817.45	31040735484243.7
107.1519305238	-31358154518205.8	-35338969181872.6	256433950247890	-4181507165572.54	31034266939516.8
109.6478196143	-31353062513000.3	-35333222079968.8	256442861101737	-4182143081134.91	31027186432453.2
112.2018454302	-31347589571240.1	-35327052275627.6	256449825613246	-4182889115867.69	31019461522420.9
114.8153621497	-31341717946829.1	-35320440223460.9	256454700935940	-4183751736133.23	31011059768788.4
117.489755494	-31335429893671.7	-35313366378080.9	256457344223342	-4184737408294.67	31001948730923.8
120.2264434617	-31328707665672.1	-35305811194100	256457612628975	-4185852598714.55	30992095968195.6
123.0268770812	-31321533516734.6	-35297755126130.1	256455363306359	-4187103773755.59	30981469039971.9
125.8925411794	-31313889700763.5	-35289178628783.4	256450453409019	-4188497399780.59	30970035505621.1
128.8249551693	-31305758471663	-35280062156672.2	256442740090476	-4190039943152.5	30957762924511.3
131.8256738556	-31297122083337.2	-35270386164408.5	256432080504253	-4191737870233.86	30944618856011
134.8962882592	-31287962789690.6	-35260131106604.5	256418331803872	-4193597647387.55	30930570859488.3
138.0384264603	-31278262844627.4	-35249277437872.5	256401351142856	-4195625740976.12	30915586494311.5
141.2537544623	-31268004502051.8	-35237805612824.6	256380995674727	-4197828617362.62	30899633319849.1
144.5439770746	-31257170015868	-35225696086072.9	256357122553007	-4200212742909.68	30882678895469
147.9108388168	-31245741639980.4	-35212929312229.5	256329588931219	-4202784583979.9	30864690780539.8
151.3561248436	-31233701628293.2	-35199485745906.7	256298251962886	-4205550606936.33	30845636534429.6
154.8816618912	-31221032234710.6	-35185345841716.7	256262968801529	-4208517278141.58	30825483716506.7
158.4893192461	-31207715713136.9	-35170490054271.5	256223596600671	-4211691063958.37	30804199886139.4
162.1810097359	-31193734317476.3	-35154898838183.4	256179992513835	-4215078430749.59	30781752602696.1
165.9586907438	-31179070301633.1	-35138552648064.4	256132013694543	-4218685844877.83	30758109425544.9
169.8243652462	-31163705919511.6	-35121431938526.9	256079517296318	-4222519772706.03	30733237914054.1
173.7800828749	-31147623425016	-35103517164182.9	256022360472681	-4226586680596.74	30707105627592.1
177.8279410039	-31130805072050.6	-35084788779644.6	255960400377155	-4230893034912.91	30679680125527.1
181.970085861	-31113233114519.6	-35065227239524.1	255893494163264	-4235445302017.16	30650928967227.4
186.2087136663	-31094889806327.2	-35044812998433.7	255821498984528	-4240249948272.39	30620819712061.2
190.5460717963	-31075757401377.8	-35023526510985.4	255744271994471	-4245313440041.28	30589319919396.8
194.9844599758	-31055818153575.5	-35001348231791.5	255661670346615	-4250642243686.64	30556397148602.6
199.5262314969	-31035054316824.7	-34978258615464.1	255573551194482	-4256242825571.05	30522018959046.8
204.173794467	-31013448145029.6	-34954238116615.5	255479771691595	-4262121652057.43	30486152910097.6
208.9296130854	-30990981892094.5	-34929267189857.6	255380188991477	-4268285189508.57	30448766561123.5
213.7962089502	-30967637811923.5	-34903326289802.8	255274660247649	-4274739904287.11	30409827471492.4
218.776162395	-30943398158420.9	-34876395871063	255163042613634	-4281492262755.9	30369303200572.9
223.8721138568	-30918245185491.1	-34848456388250.7	255045193242955	-4288548731277.67	30327161307733.2
229.0867652768	-30892161147038.3	-34819488295977.8	254920969289133	-4295915776215.21	30283369352341.5
234.422881532	-30865128296966.7	-34789472048856.6	254790227905692	-4303599863931.14	30237894893766.3
239.8832919019	-30837128889180.5	-34758388101499.3	254652826246154	-4311607460788.41	30190705491375.6
245.4708915685	-30808145177584.1	-34726216908517.8	254508621464040	-4319945033149.65	30141768704537.8
251.188643151	-30778159416081.6	-34692938924524.6	254357470712875	-4328619047377.71	30091052092621.1
257.0395782769	-30747153858577.4	-34658534604131.6	254199231146180	-4337635969835.32	30038523214994
263.0267991895	-30715110758975.7	-34622984401951.1	254033759917476	-4347002266885.15	29984149631024.5
269.1534803927	-30682012371180.7	-34586268772595.2	253860914180288	-4356724404890.01	29927898900081.1
275.4228703338	-30647840949096.8	-34548368170676.2	253680551088138	-4366808850212.76	29869738581531.9
281.8382931264	-30612578746628.1	-34509263050806.1	253492527794546	-4377262069216.03	29809636234745.3
288.4031503127	-30576208017678.9	-34468933867597.2	253296701453038	-4388090528262.67	29747559419089.5
295.1209226666	-30538711016153.4	-34427361075661.5	253092929217133	-4399300693715.32	29683475693933
301.9951720402	-30500069995956	-34384525129611.2	252881068240356	-4410899031936.87	29617352618643.6
309.0295432514	-30460267210990.8	-34340406484058.6	252660975676228	-4422892009290	29549157752590.1
316.2277660168	-30419276619291.4	-34294976450113.6	252432480050007	-4435283203320.43	29478853136743.6
323.5936569296	-30377002936708.7	-34248130021877.5	252195170938735	-4448052079819.45	29406354752312.1
331.1311214826	-30333316444701.8	-34199724240722.4	251948519089625	-4461166113714.07	29331555674814
338.8441561392	-30288087174559.5	-34149615872289.3	251691994386579	-4474592692816.54	29254348813355.1
346.7368504525	-30241185157571.2	-34097661682219.3	251425066713500	-4488299204938.95	29174627077041.1
354.8133892336	-30192480425026	-34043718436153.5	251147205954288	-4502253037893.22	29092283374978
363.0780547701	-30141843008212.8	-33987642899733.1	250857881992846	-4516421579491.68	29007210616271.4
371.5352290972	-30089142938421	-33929291838599.2	250556564713076	-4530772217546.28	28919301710027.3
380.1893963206	-30034250246939.5	-33868522018392.8	250242723998878	-4545272339869.26	28828449565351.3
389.0451449943	-29977034965057.5	-33805190204755	249915829734156	-4559889334272.63	28734547091349.4
398.1071705535	-29917367124064	-33739153163327	249575351802811	-4574590588568.49	28637487197127.3
407.3802778041	-29855116755248.3	-33670267659749.8	249220760088744	-4589343490569.02	28537162791790.8
416.8693834703	-29790153889899.5	-33598390459664.5	248851524475858	-4604115428086.19	28433466784445.8
426.5795188016	-29722348559306.5	-33523378328712.3	248467114848053	-4618873788932.28	28326292084197.9
436.5158322402	-29651570794758.7	-33445088032534.2	248067001089233	-4633585960919.24	28215531600153.2
446.683592151	-29577690627544.9	-33363376336771.3	247650653083299	-4648219331859.28	28101078241417.2
457.0881896149	-29500578088954.5	-33278100007064.9	247217540714151	-4662741289564.52	27982824917095.9
467.7351412872	-29420103210276.4	-33189115809055.8	246767133865694	-4677119221846.9	27860664536295.2
478.6300923226	-29336136022799.9	-33096280508385.2	246298902421827	-4691320516518.72	27734490008120.7
489.7788193684	-29248546557814	-32999450870694.4	245812316266453	-4705312561391.92	27604194241678.3
501.1872336273	-29157204846607.9	-32898483661624.2	245306845283474	-4719062744278.68	27469670146073.8
512.8613839914	-29061980920470.6	-32793235646815.9	244781959356791	-4732538452991.19	27330810630413
524.8074602498	-28962744810691.3	-32683563591910.4	244237128370307	-4745707075341.4	27187508603801.7
537.0317963703	-28859366548559.1	-32569324262549.1	243671822207923	-4758535999141.52	27039656975345.7
549.5408738576	-28751716165363.1	-32450374424372.9	243085510753540	-4770992612203.63	26887148654150.8
562.3413251903	-28639663692392.4	-32326570843023	242477663891061	-4783044302339.79	26729876549322.8
575.4399373372	-28523079160936.1	-32197770284140.3	241847751504387	-4794658457362.11	26567733569967.6
588.8436553556	-28401832602283.4	-32063829513366	241195243477421	-4805802465082.76	26400612625190.9
602.5595860744	-28275794047723.3	-31924605296341.4	240519609694063	-4816443713313.84	26228406624098.5
616.5950018615	-28144833528545	-31779954398707.3	239820320038216	-4826549589867.42	26051008475796.4
630.9573444802	-28008821076037.6	-31629733586105	239096844393782	-4836087482555.54	25868311089390.2
645.6542290347	-27867626721490.2	-31473799624175.5	238348652644661	-4845024779190.43	25680207373985.7
660.6934480076	-27721120496191.9	-31312009278560	237575214674757	-4853328867584.08	25486590238688.9
676.082975392	-27569172431431.8	-31144219314899.4	236776000367971	-4860967135548.71	25287352592605.4
691.8309709189	-27411652558499.1	-30970286498835.1	235950479608205	-4867906970896.29	25082387344841.1
707.9457843841	-27248430908682.9	-30790067596007.9	235098122279359	-4874115761439.04	24871587404501.8
724.435960075	-27079377513272.2	-30603419372059.1	234218398265337	-4879560894989.02	24654845680693.3
741.3102413009	-26904362403556.3	-30410198592629.7	233310777450041	-4884209759358.38	24432055082521.4
758.5775750292	-26723255610824.1	-30210262023360.8	232374729717370	-4888029742359.14	24203108519092
776.2471166287	-26535927166364.8	-30003466429893.6	231409724951229	-4890988231803.48	23967898899510.7
794.3282347243	-26342247101467.6	-29789668577869.1	230415233035517	-4893052615503.41	23726319132883.5
812.8305161641	-26142085447421.6	-29568725232928.5	229390723854138	-4894190281271.15	23478262128316.1
831.7637711027	-25935312235515.8	-29340493160712.7	228335667290993	-4894368616918.7	23223620794914.4
851.1380382024	-25721799241190.8	-29104831041072.5	227249536901666	-4893554284760.97	22962291601520.1
870.9635899561	-25501488108013.3	-28861674234259	226131953323927	-4891684884765.77	22694313614724.8
891.2509381337	-25274412453299.8	-28611059041887.5	224982730813158	-4888659759498.13	22419913615470.2
912.0108393559	-25040612164637.7	-28353028647207.9	223801696824541	-4884375643341.2	22139331182042.5
933.254300797	-24800127129614.4	-28087626233469.5	222588678813259	-4878729270678.04	21852805892727.7
954.9925860214	-24552997235817.1	-27814894983921.9	221343504234492	-4871617375891.9	21560577325812.1
977.2372209558	-24299262370833.2	-27534878081814.7	220066000543422	-4862936693365.88	21262885059581.7
1000	-24038962422250	-27247618710397.4	218755995195231	-4852583957483.09	20959968672322.8
1023.2929922808	-23772137277654.7	-26953160052919.5	217413315645099	-4840455902626.64	20652067742321.5
1047.1285480509	-23498826824634.8	-26651545292630.5	216037789348208	-4826449263179.79	20339421847863.9
1071.5193052376	-23219070950777.6	-26342817612780.1	214629243759740	-4810460773525.48	20022270567236.3
1096.4781961432	-22932909543670.4	-26027020196617.7	213187506334876	-4792387168047.03	19700853478724.8
1122.018454302	-22640382490900.4	-25704196227392.8	211712404528798	-4772125181127.47	19375410160615.4
1148.1536214969	-22341529680055	-25374388888355.1	210203765796687	-4749571547150	19046180191194.5
1174.8975549395	-22036390998721.6	-25037641362754	208661417593725	-4724623000497.77	18713403148748
1202.2644346174	-21725006334487.5	-24693996833839.1	207085187375092	-4697176275553.78	18377318611562.3
1230.2687708124	-21407415574939.9	-24343498484859.9	205474902595971	-4667128106701.29	18038166157923.4
1258.9254117942	-21083658607666.3	-23986189499065.9	203830390711543	-4634375228323.44	17696185366117.5
1288.2495516931	-20753775320253.8	-23622113059706.7	202151479176990	-4598814374803.33	17351615814430.8
1318.2567385564	-20417805600289.9	-23251312350031.9	200437995447492	-4560342280524.09	17004697081149.4
1348.9628825917	-20075789335361.9	-22873830553290.9	198689766978232	-4518855679868.82	16655668744559.4
1380.3842646029	-19727766413057	-22489710852733.2	196906621224390	-4474251307220.77	16304770382947.1
1412.5375446228	-19373776720962.6	-22098996431608.5	195088385641149	-4426425896962.97	15952241574598.5
1445.4397707459	-19013860146666.1	-21701730473166.3	193234887683689	-4375276183478.62	15598321897799.9
1479.1083881682	-18648056577754.7	-21297956160656	191345954807192	-4320698901150.82	15243250930837.4
1513.5612484362	-18276405901815.8	-20887716677327.3	189421414466840	-4262590784362.74	14887268251997
1548.8166189125	-17898948006436.7	-20471055206429.6	187461094117815	-4200848567497.47	14530613439565.2
1584.8931924611	-17515722779204.6	-20048014931212.6	185464821215296	-4135368984938.17	14173526071827.8
1621.8100973589	-17126770107707	-19618639034925.7	183432423214467	-4066048771068	13816245727071.2
1659.5869074376	-16732129879531.2	-19182970700818.4	181363727570508	-3992784660270.07	13459011983581.4
1698.2436524617	-16331841982264.4	-18741053112140.4	179258561738601	-3915473386927.53	13102064419644.6
1737.8008287494	-15925946303494	-18292929452141	177116753173928	-3834011685423.49	12745642613547.1
1778.2794100389	-15514482730807.3	-17838642904070	174938129331669	-3748296290141.12	12389986143574.8
1819.70085861	-15097491151791.7	-17378236651176.8	172722517667007	-3658223935463.53	12035334588014
1862.0871366629	-14675011454034.4	-16911753876711	170469745635122	-3563691355773.89	11681927525150.9
1905.4607179633	-14247083525122.8	-16439237763922	168179640691197	-3464595285455.29	11330004533271.6
1949.8445997581	-13813747252644.1	-15960731496059.4	165852030290412	-3360832458890.9	10979805190662.2
1995.2623149689	-13375042524185.8	-15476278256372.8	163486741887950	-3252299610463.84	10631569075608.9
2041.7379446695	-12931069175300.3	-14985986811976.1	161083814652147	-3138933839695.13	10285537795880.8
2089.296130854	-12482254270201.6	-14490323922453.9	158644443397117	-3020892581024.63	9941964037271.2
2137.9620895022	-12029135970948.5	-13989877889897.9	156170215291833	-2898408075098.04	9601104246688.04
2187.7616239496	-11572252530361.4	-13485237115694.5	153662717825799	-2771712623674.1	9263214874112.08
2238.7211385683	-11112142201260.7	-12976990001229.7	151123538488524	-2641038528511.61	8928552369524.02
2290.8676527678	-10649343236466.8	-12465724947889.9	148554264769513	-2506618091369.4	8597373182904.6
2344.2288153199	-10184393888800.1	-11952030357061.2	145956484158273	-2368683614006.25	8269933764234.51
2398.8329190195	-9717832411081.18	-11436494630129.9	143331784144312	-2227467398180.97	7946490563494.52
2454.708915685	-9250197056130.3	-10919706168482.2	140681752217135	-2083201745652.32	7627300030665.28
2511.8864315096	-8782026076767.96	-10402253373504.2	138007975866250	-1936118958179.15	7312618615727.57
2570.3957827689	-8313857725814.54	-9884724646582.33	135312042581162	-1786451337520.2	7002702768662.07
2630.2679918954	-7846230256090.51	-9367708389102.68	132595539851380	-1634431185434.29	6697808939449.54
2691.5348039269	-7379681920416.25	-8851793002451.48	129860055166409	-1480290803680.23	6398193578070.64
2754.2287033382	-6914750971612.21	-8337566888014.99	127107176015756	-1324262494016.81	6104113134506.14
2818.3829312645	-6451975662498.77	-7825618447179.39	124338489888928	-1166578558202.79	5815824058736.74
2884.0315031266	-5991894245896.41	-7316536081330.94	121555584275431	-1007471297997.02	5533582800743.15
2951.2092266664	-5535044974625.51	-6810908191855.82	118760046664773	-847173015158.248	5257645810506.11
3019.951720402	-5081966101506.52	-6309323180140.29	115953464546459	-685916011445.312	4988269538006.32
3090.2954325136	-4633195879359.83	-5812369447570.53	113137425409997	-523932588616.985	4725710433224.5
3162.2776601684	-4189272561005.9	-5320635395532.8	110313516744893	-361455048432.067	4470224946141.39
3235.9365692963	-3750734399265.12	-4834709425413.29	107483326040654	-198715692649.347	4222069526737.68
3311.3112148259	-3318119646957.94	-4355179938598.24	104648440786787	-35946823027.6406	3981500624994.1
3388.441561392	-2891966556904.75	-3882635336473.86	101810448472798	126619258674.272	3748774690891.38
3467.3685045253	-2472813381926	-3417664020426.38	98970936588193.8	288750250697.589	3524148174410.23
3548.1338923358	-2061198374842.09	-2960854391842	96131492622481.2	450213851283.53	3307877525531.37
3630.780547701	-1657659788473.47	-2512794852106.98	93293704065167	610777758673.27	3100219194235.52
3715.3522909717	-1262735875640.52	-2074073802607.49	90459158405757.8	770209671108.042	2901429630503.38
3801.8939632056	-876964889163.715	-1645279644729.8	87629443133760.3	928277286829.022	2711765284315.71
3890.4514499428	-500885081863.45	-1227000779860.1	84806145738681.2	1084748304077.43	2531482605653.19
3981.071705535	-135034706560.126	-819825609384.608	81990853710027	1239390421094.48	2360838044496.55
4073.8027780411	220087314143.494	-424300504536.773	79185156318133.3	1391975385793.56	2200043463955.4
4168.6938347034	564278397690.503	-40655153395.5562	76390656251284.2	1542305459014.82	2048974779966.79
4265.7951880159	897471031650.902	331025098361.522	73608962313590.2	1690196809218.78	1907354785635.13
4365.1583224017	1219598390441.07	690655639053.876	70841683340260.5	1835465675587.79	1774905495418.47
4466.8359215096	1530593648477.36	1038151857000.87	68090428166505.3	1977928297304.17	1651348923774.92
4570.8818961488	1830389980176.17	1373429140521.93	65356805627534	2117400913550.25	1536407085162.51
4677.351412872	2118920559953.83	1696402877936.4	62642424558556.6	2253699763508.37	1429801994039.34
4786.3009232264	2396118562226.73	2006988457563.72	59948893794782.5	2386641086360.85	1331255664863.47
4897.7881936845	2661917161411.23	2305101267723.24	57277822171421.6	2516041121290.02	1240490112092.97
5011.8723362727	2916249531923.71	2590656696734.38	54630818523683.6	2641716107478.21	1157227350185.92
5128.6138399137	3159048848180.52	2863570132916.5	52009491686778.3	2763482284107.75	1081189393600.38
5248.0746024977	3390248284598.04	3123756964589.02	49415450495915.2	2881155890360.97	1012098256794.43
5370.3179637025	3609781015592.64	3371132580071.3	46850303786304.3	2994553165420.2	949675954226.134
5495.4087385763	3817580215580.68	3605612367682.77	44315660393155.1	3103490348467.76	893644500353.566
5623.4132519035	4013579058978.53	3827111715742.78	41813129151677.5	3207783678685.99	843725909634.799
5754.3993733716	4197710720202.56	4035546012570.74	39344318897081	3307249395257.22	799642196527.902
5888.4365535559	4369908373669.13	4230830646486.04	36910838464575.6	3401703737363.77	761115375490.948
6025.5958607436	4530105193794.62	4412881005808.07	34514296689370.7	3490962944187.97	727867460982.006
6165.9500186148	4678234354995.39	4581612478856.21	32156302406676.4	3574843254912.16	699620467459.15
6309.5734448019	4814229031687.81	4736940453949.87	29838464451702	3653160908718.66	676096409380.448
6456.5422903466	4938022398288.25	4878780319408.41	27562391659657.6	3725732144789.8	657017301203.974
6606.934480076	5049547629213.07	5007047463551.25	25329692865752.7	3792373202307.92	642105157387.797
6760.8297539198	5148737898878.64	5121657274697.76	23141976905197.2	3852900320455.33	631081992389.99
6918.3097091894	5235538018795.14	5222538016733.84	21000818275661.3	3907138383375.17	623671838532.56
7079.4578438414	5310166843036.87	5309921160970.93	18906982858206.8	3955115855869.49	619646246926.687
7244.3596007499	5373120865626.58	5384345366380.57	16860417302495.3	3997067455823.07	618824911256.675
7413.1024130092	5424908937196.14	5446362963590.1	14861031797577.1	4033237080594.8	621029667834.197
7585.7757502918	5466039908377.35	5496526283226.87	12908736532503.1	4063868627543.52	626082352970.924
7762.4711662869	5497022629802.07	5535387655918.22	11003441696323.5	4089205994028.13	633804802978.538
7943.2823472428	5518365952102.12	5563499412291.51	9145057478089.1	4109493077407.48	644018854168.708
8128.305161641	5530578725909.34	5581413882974.08	7333494066850.24	4124973775040.45	656546342853.113
8317.6377110267	5534169801855.55	5589683398593.27	5568661651657.62	4135891984285.9	671209105343.423
8511.3803820238	5529648030572.59	5588860289776.44	3850470421561.64	4142491602502.7	687828977951.318
8709.6358995608	5517522262692.3	5579496887150.93	2178830565613	4145016527049.71	706227796988.47
8912.5093813375	5498301348846.5	5562145521344.1	553652272862.077	4143710655285.82	726227398766.554
9120.1083935591	5472494139667.03	5537358522983.28	-1025154267640.43	4138817884569.88	747649619597.247
9332.5430079699	5440609485785.73	5505688222695.82	-2557678866844.12	4130582112260.77	770316295792.222
9549.9258602144	5403156237834.41	5467686951109.08	-4044011335698.32	4119247235717.36	794049263663.155
9772.3722095581	5360643246444.93	5423907038850.4	-5484241485152.61	4105057152298.5	818670359521.722
10000	5313579362249.11	5374900816547.12	-6878459126156.33	4088255759363.08	844001419679.592
10232.9299228075	5262473435878.78	5321220614826.61	-8226754069659	4069086954269.96	869864280448.447
10471.285480509	5207834317965.77	5263418764316.18	-9529216126610.18	4047794634378.01	896080778139.961
10715.1930523761	5150170859141.92	5202047595643.21	-10785935107959.1	4024622697046.1	922472749065.804
10964.7819614319	5089991910039.07	5137659439435.04	-11997000824655.4	3999815039633.09	948862029537.655
11220.1845430196	5027806321289.04	5070806626319.01	-13162503087648.4	3973615559497.86	975070455867.187
11481.5362149688	4964122943523.67	5002041486922.46	-14282531707887.7	3946268153999.28	1000919864366.08
11748.9755493953	4899450172971.53	4931915881128.01	-15357177415702.5	3918016528377.87	1026232315223.93
12022.6443461741	4834194979778.67	4860876595193.71	-16386736153637.2	3889061505677.2	1050879839798
12302.6877081238	4768535485536.02	4789133336841.78	-17371966886347.6	3859507153465.56	1074847219827.23
12589.2541179417	4702618447463.53	4716863321480.27	-18313692037038.6	3829444278687.34	1098134689823.65
12882.4955169314	4636590622781.15	4644243764517.22	-19212734028915.2	3798963688286.93	1120742484299.31
13182.5673855641	4570598768708.84	4571451881360.66	-20069915285182.2	3768156189208.72	1142670837766.24
13489.6288259165	4504789642466.55	4498664887418.64	-20886058229044.5	3737112588397.11	1163919984736.48
13803.8426460288	4439310001274.22	4426059998099.19	-21661985283707.1	3705923692796.48	1184490159722.06
14125.3754462276	4374306602351.82	4353814428810.37	-22398518872374.9	3674680309351.23	1204381597235.03
14454.3977074593	4309926202919.3	4282105394960.2	-23096481418252.8	3643473245005.75	1223594531787.43
14791.0838816821	4246315560196.61	4211110111956.74	-23756695344545.8	3612393306704.43	1242129197891.29
15135.6124843621	4183621431403.7	4141005795208.01	-24379983074458.7	3581531301391.67	1259985830058.66
15488.1661891248	4121990573760.52	4071969660122.06	-24967167031196.5	3550978036011.84	1277164662801.57
15848.9319246111	4061569744487.03	4004178922106.93	-25519069637964.1	3520824317509.36	1293665930632.06
16218.1009735893	4002505700803.19	3937810796570.67	-26036513317966.3	3491160952828.6	1309489868062.16
16595.8690743756	3944945199928.93	3873042498921.32	-26520320494408.2	3462078748913.96	1324636709603.93
16982.4365246175	3889034999084.21	3810051244566.89	-26971313590494.7	3433668512709.82	1339106689769.39
17378.0082874938	3834921855489	3749014248915.46	-27390315029430.6	3406021051160.59	1352900043070.58
17782.7941003892	3782752526363.24	3690108727375.06	-27778147234420.9	3379227171210.66	1366017004019.55
18197.0085860998	3732673768926.89	3633511895353.72	-28135632628670.5	3353377679804.4	1378457807128.33
18620.8713666287	3684832340399.88	3579400968259.48	-28463593635384.3	3328563383886.23	1390222686908.97
19054.6071796325	3639374998002.19	3527953161500.39	-28762852677767.2	3304875090400.52	1401311877873.49
19498.4459975805	3596448498953.76	3479345690484.48	-29034232179024.2	3282403606291.67	1411725614533.94
19952.6231496888	3556199600474.54	3433755770619.81	-29278554562360.2	3261239738504.07	1421464131402.36
20417.3794466953	3518746735684.84	3391327789079.09	-29496627450579	3241457466105.96	1430529309779.76
20892.9613085404	3484053729334.25	3352026938637.35	-29689177677829.8	3223038912447.44	1438932020038.79
21379.6208950223	3452031914875.68	3315757573537.79	-29856904649596.9	3205935014819.71	1446686184443.96
21877.6162394955	3422592582879.14	3282423998321.35	-30000507748956.3	3190096685036.44	1453805727753.01
22387.2113856834	3395647023914.64	3251930517528.99	-30120686358984.4	3175474834911.31	1460304574723.68
22908.6765276777	3371106528552.17	3224181435701.69	-30218139862757.2	3162020376257.99	1466196650113.73
23442.2881531992	3348882387361.76	3199081057380.4	-30293567643351.1	3149684220890.16	1471495878680.91
23988.3291901949	3328885890913.41	3176533687106.08	-30347669083842.2	3138417280621.48	1476216185182.96
24547.0891568503	3311028329777.11	3156443629419.69	-30381143567306.6	3128170467265.64	1480371494377.64
25118.8643150958	3295220994522.88	3138715188862.2	-30394690476820.7	3118894692636.29	1483975731022.68
25703.9578276886	3281375175720.72	3123252669974.56	-30389009195460.6	3110540868547.13	1487042819875.85
26302.6799189538	3269402163940.64	3109960377297.74	-30364799106302.5	3103059906811.81	1489586685694.89
26915.3480392691	3259213249752.65	3098742615372.7	-30322759592422.6	3096402719244.01	1491621253237.55
27542.2870333817	3250719723726.74	3089503688740.4	-30263590036897.1	3090520217657.41	1493160447261.57
28183.8293126445	3243832876432.93	3082147901941.8	-30187989822802.2	3085363313865.67	1494218192524.71
28840.3150312661	3238463998441.23	3076579559517.87	-30096658333214.1	3080882919682.48	1494808413784.71
29512.0922666638	3234524380321.64	3072702966009.56	-29990294951209.1	3077029946921.5	1494945035799.33
30199.5172040202	3231925312644.15	3070422425957.83	-29869599059863.2	3073755307396.4	1494641983326.31
30902.9543251359	3230578085978.79	3069642243903.65	-29735270042252.8	3071009912920.86	1493913181123.4
31622.7766016838	3230393990895.55	3070266724387.98	-29588007281454	3068744675308.55	1492772553948.35
32359.3656929628	3231284317964.45	3072200171951.77	-29428510160543	3066910506373.15	1491234026558.9
33113.1121482591	3233160357755.48	3075346891136	-29257478062595.9	3065458317928.32	1489311523712.81
33884.4156139203	3235933400838.66	3079611186481.62	-29075610370689.2	3064339021787.75	1487018970167.84
34673.6850452532	3239514737783.99	3084897362529.59	-28883606467898.8	3063503529765.09	1484370290681.71
35481.3389233575	3243815659161.48	3091109723820.88	-28682165737301.1	3062902753674.04	1481379410012.18
36307.8054770102	3248747455541.13	3098152574896.44	-28471987561972.1	3062487605328.25	1478060252917.01
37153.5229097173	3254221417492.95	3105930220297.24	-28253771324988.2	3062208996541.4	1474426744153.94
38018.9396320561	3260148835586.93	3114346964564.23	-28028216409425.5	3062017839127.16	1470492808480.71
38904.514499428	3266441000393.1	3123307112238.39	-27796022198360.2	3061865044899.21	1466272370655.09
39810.7170553498	3273009202481.47	3132714967860.67	-27557888074868.5	3061701525671.23	1461779355434.81
40738.0277804113	3279769221574.2	3142479245757.27	-27314477440980	3061481175452.54	1457027707627.2
41686.9383470335	3286670661654.88	3152541886512.38	-27066182593562.8	3061180358100.15	1452031523106.44
42657.9518801593	3293678543615.28	3162859975051.78	-26813272261276.4	3060785679101.31	1446804966602.14
43651.5832240166	3300757966743.83	3173390673311.91	-26556014544422.6	3060283796023.07	1441362203194.02
44668.3592150963	3307874030328.94	3184091143229.19	-26294677543303.1	3059661366432.5	1435717397961.84
45708.8189614875	3314991833659.05	3194918546740.03	-26029529358219.8	3058905047896.65	1429884715985.33
46773.5141287198	3322076476022.59	3205830045780.85	-25760838089474.4	3058001497982.59	1423878322344.22
47863.0092322638	3329093056707.98	3216782802288.09	-25488871837368.6	3056937374257.35	1417712382118.27
48977.8819368447	3336006675003.66	3227733978198.16	-25213898702204.1	3055699334288.02	1411401060387.2
50118.7233627273	3342782430198.04	3238640735447.49	-24936186784282.8	3054274035641.63	1404958522230.76
51286.1383991365	3349385421579.56	3249460235972.49	-24656004183906.3	3052648135885.25	1398398932728.68
52480.7460249772	3355780748436.64	3260149641709.59	-24373619001376.5	3050808292585.94	1391736456960.71
53703.1796370253	3361933510057.71	3270666114595.21	-24089299336995.1	3048741163310.76	1384985260006.59
54954.0873857625	3367808805731.2	3280966816565.77	-23803313291063.9	3046433405626.75	1378159506946.05
56234.1325190349	3373371734745.54	3291008909557.7	-23515928963884.5	3043871677100.99	1371273362858.83
57543.9937337157	3378587396389.16	3300749555507.41	-23227414455758.8	3041042635300.52	1364340992824.67
58884.365535559	3383420889950.47	3310145916351.34	-22938037866988.5	3037932937792.4	1357376561923.32
60255.9586074358	3387837314717.91	3319155154025.89	-22648067297875.3	3034529242143.7	1350394235234.51
61659.5001861482	3391801769979.91	3327734430467.5	-22357770848721.1	3030818205921.47	1343408177837.98
63095.7344480193	3395279355024.89	3335840907612.58	-22067416619827.5	3026786486692.76	1336432554813.47
64565.4229034656	3398235169141.29	3343431747397.57	-21777272711496.4	3022420742024.64	1329481531240.71
66069.3448007596	3400634311617.52	3350464111758.87	-21487607224029.4	3017707629484.16	1322569272199.46
67608.2975391982	3402441881742.02	3356895162632.91	-21198688257728.4	3012633806638.38	1315709942769.44
69183.0970918936	3403623439087.4	3362682583136.59	-20910779561571.3	3007186061967.62	1308917458829.57
70794.5784384139	3404155382483.82	3367796329694.52	-20624042414973	3001354266835.79	1302199867814.66
72443.5960074991	3404025092307.06	3372218793151.99	-20338534282657	2995131415959.76	1295559271679.79
74131.0241300918	3403220437676.16	3375932917759.04	-20054308008983	2988510643063.92	1288997507771.23
75857.7575029184	3401729287710.2	3378921647765.76	-19771416438310.7	2981485081872.68	1282516413435.26
77624.7116628691	3399539511528.25	3381167927422.19	-19489912414999.9	2974047866110.45	1276117826018.18
79432.8234724282	3396638978249.36	3382654700978.4	-19209848783410.1	2966192129501.63	1269803582866.26
81283.05161641	3393015556992.62	3383364912684.45	-18931278387901.3	2957911005770.63	1263575521325.8
83176.3771102671	3388657116877.07	3383281506790.4	-18654254072833	2949197628641.86	1257435478743.07
85113.8038202376	3383551527021.78	3382387427546.32	-18378828682565	2940045131839.72	1251385292464.35
87096.3589956081	3377686656545.83	3380665619202.27	-18105055061457	2930446649088.63	1245426799835.93
89125.0938133746	3371050374568.27	3378099026008.31	-17832986053868.6	2920395314112.97	1239561838204.1
91201.083935591	3363630550208.18	3374670592214.5	-17562674504159.8	2909884260637.17	1233792244915.14
93325.4300796991	3355415052584.61	3370363262070.9	-17294173256690.1	2898906622385.63	1228119857315.33
95499.2586021437	3346391750816.63	3365159979827.57	-17027535155819.2	2887455533082.75	1222546512750.96
97723.7220955811	3336548514023.31	3359043689734.58	-16762813045906.9	2875524126452.94	1217074048568.31
100000	3325873211323.72	3351997336041.99	-16500059771312.8	2863105536220.61	1211704302113.66
102329.299228075	3314353711836.91	3344003862999.87	-16239328176396.8	2850192896110.16	1206439110733.29
104712.85480509	3301977884681.96	3335046214858.26	-15980671105518.5	2836779339846	1201280311773.5
107151.930523761	3288733598977.92	3325107335867.24	-15724141403037.6	2822858001152.54	1196229742580.57
109647.819614319	3274608723843.87	3314170170276.87	-15469791913313.9	2808422013754.18	1191289240500.77
112201.845430196	3259591128398.87	3302217662337.2	-15217675480707	2793464511375.33	1186460642880.4
114815.362149688	3243668681761.98	3289232756298.31	-14967844949576.7	2777978627740.39	1181745787065.73
117489.755493953	3226829310375.6	3275198462258.8	-14720353115187.2	2761957528991.63	1177146498286.58
120226.443461741	3209073735661.8	3260112488188.93	-14475241814333.7	2745401617167.99	1172661897288.67
123026.877081238	3190431548466.97	3244005704994.99	-14232528158122.3	2728327620725.34	1168285002666.64
125892.541179417	3170936296277.45	3226913528661.7	-13992225868930.2	2710754505703.23	1164007996697.31
128824.955169314	3150621526579.58	3208871375173.77	-13754348669134.8	2692701238141.23	1159823061657.5
131825.673855641	3129520786859.68	3189914660515.91	-13518910281113.3	2674186784078.88	1155722379824.01
134896.288259165	3107667624604.1	3170078800672.84	-13285924427243	2655230109555.75	1151698133473.65
138038.426460288	3085095587299.16	3149399211629.26	-13055404829901.1	2635850180611.4	1147742504883.25
141253.754462276	3061838222431.2	3127911309369.88	-12827365211464.9	2616065963285.37	1143847676329.61
144543.977074593	3037929077486.57	3105650509879.43	-12601819294311.8	2595896423617.23	1140005830089.54
147910.838816821	3013401699951.58	3082652229142.62	-12378780800818.9	2575360527646.53	1136209148439.85
151356.124843621	2988289637312.58	3058951883144.15	-12158263453363.5	2554477241412.83	1132449813657.36
154881.661891248	2962626437055.91	3034584887868.73	-11940280974322.8	2533265530955.68	1128720008018.88
158489.319246111	2936445646667.89	3009586659301.09	-11724847086074.3	2511744362314.65	1125011913801.23
162181.009735893	2909780813634.86	2983992613425.94	-11511975510995.1	2489932701529.29	1121317713281.21
165958.690743756	2882665485443.16	2957838166227.97	-11301679971462.6	2467849514639.16	1117629588735.63
169824.365246175	2855133209579.11	2931158733691.92	-11093974189853.8	2445513767683.8	1113939722441.31
173780.082874938	2827217533529.07	2903989731802.49	-10888871888546.3	2422944426702.79	1110240296675.06
177827.941003892	2798952004779.35	2876366576544.39	-10686386789917.2	2400160457735.67	1106523493713.7
181970.085860998	2770370170816.31	2848324683902.33	-10486532616343.7	2377180826822.01	1102781495834.03
186208.713666287	2741505579126.26	2819899469861.03	-10289323090203.2	2354024500001.35	1099006485312.87
190546.071796325	2712391777195.54	2791126350405.21	-10094771933873	2330710443313.27	1095190644427.02
194984.459975805	2683062312510.5	2762040741519.57	-9902892869730.22	2307257622797.3	1091326155453.31
199526.231496888	2653550732557.46	2732678059188.82	-9713699620152.24	2283685004493.02	1087405200668.54
204173.794466953	2623888013941.03	2703071327888.68	-9527202416228.84	2260010074373.37	1083420276954.57
208929.613085404	2594091099992.3	2673240517935.57	-9343392431700.35	2236242239401.24	1079365598479
213796.208950223	2564172169586.77	2643201167610.64	-9162254370120.63	2212388163623.89	1075235962447.45
218776.162394955	2534143397707.58	2612968811574.28	-8983772929757.73	2188454508847.78	1071026166541.85
223872.113856834	2504016959337.88	2582558984486.88	-8807932808879.65	2164447936879.32	1066731008444.12
229086.765276777	2473805029460.8	2551987221008.86	-8634718705754.46	2140375109524.98	1062345285836.19
234422.881531992	2443519783059.51	2521269055800.58	-8464115318650.17	2116242688591.17	1057863796400
239883.291901949	2413173395117.14	2490420023522.46	-8296107345834.83	2092057335884.35	1053281337817.46
245470.891568503	2382778040616.83	2459455658834.88	-8130679485576.47	2067825713210.94	1048592707770.5
251188.643150958	2352345894541.74	2428391496398.23	-7967816436143.09	2043554482377.38	1043792703941.06
257039.578276886	2321889131875.02	2397243070872.92	-7807502895802.77	2019250305190.13	1038876124011.06
263026.799189538	2291419927599.8	2366025916919.33	-7649723562823.53	1994919843455.6	1033837765662.43
269153.480392691	2260950456699.24	2334755569197.87	-7494463135473.38	1970569758980.24	1028672426577.09
275422.870333817	2230492894156.48	2303447562368.91	-7341706312020.36	1946206713570.49	1023374904436.98
281838.293126445	2200059414954.66	2272117431092.86	-7191437790732.54	1921837369032.79	1017939996924.02
288403.150312661	2169662194076.94	2240780710030.12	-7043642269877.91	1897468387173.58	1012362501720.14
295120.922666638	2139313406506.45	2209452933841.07	-6898304447724.53	1873106429799.28	1006637216507.27
301995.172040202	2109025227226.35	2178149637186.1	-6755409022540.4	1848758158716.35	1000758938967.33
309029.543251359	2078809831219.78	2146886354725.62	-6614940692593.59	1824430235731.21	994722466782.254
316227.766016838	2048679393469.88	2115678621120.02	-6476884156152.12	1800129322650.31	988522597633.971
323593.656929628	2018646088959.81	2084541971029.69	-6341224111484.02	1775862081280.09	982154129204.407
331131.121482591	1988722092672.71	2053491939115.02	-6207945256857.31	1751635173426.98	975611859175.489
338844.156139203	1958919579591.72	2022544060036.42	-6077032290540.06	1727455260897.42	968890585229.146
346736.850452532	1929250724699.99	1991713868454.26	-5948469910800.27	1703329005497.85	961985105047.305
354813.389233575	1899727702980.68	1961016899028.96	-5822242815905.99	1679263069034.71	954890216311.894
363078.054770102	1870362689416.91	1930468686420.89	-5698335704125.23	1655264113314.43	947600716704.84
371535.229097173	1841167858991.84	1900084765290.45	-5576733273726.05	1631338800143.45	940111403908.072
380189.396320561	1812155386688.62	1869880670298.05	-5457420222976.48	1607493791328.22	932417075603.518
389045.14499428	1783337447490.39	1839871936104.07	-5340381250144.54	1583735748675.17	924512529473.105
398107.170553498	1754726216380.29	1810074097368.9	-5225601053498.27	1560071333990.74	916392563198.76
407380.277804113	1726332849535.28	1780501427630.68	-5113062119226.61	1536506861856.26	908053072463.322
416869.383470335	1698160826768.02	1751158698292.76	-5002730266241.94	1513046030628.05	899498226019.513
426579.518801593	1670210129047.51	1722046349738.85	-4894563716605.63	1489691346201.72	890735963438.804
436515.832240166	1642480719550.76	1693164800328.98	-4788520653748.24	1466445308409.13	881774243467.688
446683.592150963	1614972561454.75	1664514468423.17	-4684559261100.32	1443310417082.09	872621024852.66
457088.189614875	1587685617936.49	1636095772381.45	-4582637722092.47	1420289172052.46	863284266340.216
467735.141287198	1560619852172.98	1607909130563.83	-4482714220155.24	1397384073152.06	853771926676.85
478630.092322638	1533775227341.2	1579954961330.33	-4384746938719.2	1374597620212.75	844091964609.058
489778.819368447	1507151706618.16	1552233683040.97	-4288694061214.89	1351932313066.34	834252338883.332
501187.233627272	1480749253180.86	1524745714055.78	-4194513771072.91	1329390651544.69	824261008246.17
512861.383991365	1454567830206.28	1497491472734.78	-4102164251723.81	1306975135479.62	814125931444.066
524807.460249772	1428607400871.44	1470471377437.98	-4011603686598.16	1284688264702.98	803855067223.513
537031.796370253	1402867928353.32	1443685846525.4	-3922790259126.5	1262532539046.6	793456374331.008
549540.873857625	1377349375828.93	1417135298357.08	-3835682152739.44	1240510458342.32	782937811513.045
562341.325190349	1352051706475.25	1390820151293.02	-3750237550867.51	1218624522421.98	772307337516.119
575439.937337157	1326974883469.3	1364740823693.26	-3666414636941.3	1196877231117.42	761572911086.724
588843.65535559	1302118869988.05	1338897733917.8	-3584171594391.35	1175271084260.47	750742490971.356
602559.586074358	1277483629208.52	1313291300326.67	-3503466606648.24	1153808581682.96	739824035916.509
616595.001861482	1253069124307.7	1287921941279.89	-3424257857142.54	1132492223216.75	728825504668.678
630957.344480193	1228875318462.58	1262790075137.49	-3346503529304.81	1111324508693.66	717754855974.359
645654.229034656	1204902174850.17	1237896120259.47	-3270161806565.6	1090307937945.53	706620048580.043
660693.448007596	1181149656647.46	1213240495005.87	-3195190872355.5	1069445010804.2	695429041232.23
676082.975391982	1157617727031.44	1188823617736.71	-3121548910105.07	1048738227101.51	684189792677.412
691830.970918936	1134306422242.24	1164645966238.79	-3049194684010.33	1028190128391.05	672910250736.744
707945.784384139	1111217499087.26	1140709417743.82	-2978100634745.3	1007804238734.34	661598105949.946
724435.960074991	1088354457527.3	1117017267299.01	-2908253058994.54	987585077598.36	650260788197.949
741310.241300918	1065720875103.72	1093572873052.72	-2839638870116.42	967537208751.433	638905715760.83
758577.575029184	1043320329357.87	1070379593153.3	-2772244981469.37	947665195961.906	627540306918.67
776247.116628691	1021156397831.11	1047440785749.09	-2706058306411.79	927973602998.121	616171979951.549
794328.234724282	999232658064.784	1024759808988.43	-2641065758302.08	908466993628.419	604808153139.546
812830.5161641	977552687600.266	1002340021019.68	-2577254250498.67	889149931621.145	593456244762.742
831763.771102671	956120063978.905	980184779991.189	-2514610696359.94	870026980744.64	582123673101.218
851138.038202376	934938364742.059	958297444051.296	-2453122009244.32	851102704767.247	570817856435.051
870963.589956082	914011167431.081	936681371348.351	-2392775102510.21	832381667457.305	559546213044.323
891250.938133746	893342049587.332	915339920030.703	-2333556889516.01	813868432583.162	548316161209.114
912010.83935591	872934588752.168	894276448246.7	-2275454283620.14	795567563913.157	537135119209.503
933254.300796991	852792362466.943	873494314144.687	-2218454198181	777483625215.632	526010505325.571
954992.586021437	832918948273.013	852996875873.012	-2162543546556.99	759621180258.928	514949737837.395
977237.220955811	813317923711.739	832787491580.025	-2107709242106.54	741984792811.392	503960235025.06
1000000	793992866324.475	812869519414.071	-2053938198188.05	724579026641.363	493049415168.642
1023292.99228075	775019514423.11	793321110490.625	-2001592565001.76	707460566895.894	482205396470.895
1047128.5480509	756317902893.831	774059374212.222	-1950195822689.33	690574712457.652	471462297819.307
1071519.30523761	737891943026.068	755087967584.763	-1899746610567.55	673925800491.999	460825465770.426
1096478.19614319	719745137811.017	736410136321.293	-1850242813321.09	657517771547.062	450299937032.643
1122018.45430196	701880592182.479	718028725591.751	-1801681591484.46	641354178929.165	439890442053.982
1148153.62149688	684301023539.904	699946191031.97	-1754059411752.11	625438198389.018	429601409085.747
1174897.55493953	667008772519.551	682164609978.063	-1707372077071.04	609772638083.892	419436968690.99
1202264.43461741	650005813980.498	664685692893.174	-1661614756472.75	594359948781.863	409400958666.892
1230268.77081238	633293768173.346	647510794954.741	-1616782014603.74	579202234275.311	399496929350.461
1258925.41179417	616873912060.35	630640927771.334	-1572867840916.56	564301261971.793	389728149277.272
1288249.55169314	600747190756.872	614076771199.361	-1529865678485.37	549658473631.549	380097611163.446
1318256.73855641	584914229065.048	597818685230.943	-1487768452412.92	535274996221.961	370608038181.55
1348962.88259165	569375343071.803	581866721925.528	-1446568597797.85	521151652860.483	361261890501.712
1380384.26460289	554130551784.371	566220637358.908	-1406258087233.68	507288973818.668	352061372069.883
1412537.54462276	539179588777.74	550879903564.523	-1366828457813.21	493687207561.161	343008437595.907
1445439.77074593	524521913829.565	535843720443.147	-1328270837614.02	480346331794.639	334104799724.776
1479108.38816821	510156724519.321	521111027618.259	-1290575971643.36	467266064503.023	325351936365.333
1513561.24843621	496082967769.639	506680516215.592	-1253734247222.41	454445874946.327	316751098151.461
1548816.61891248	482299351308.981	492550640546.606	-1217735718792.18	441884994601.881	308303316011.713
1584893.19246111	468804355036.005	478719629676.792	-1182570132125.35	429582428027.792	300009408824.301
1621810.09735893	455596242267.146	465185498860.941	-1148226947930.06	417536963629.707	291869991135.203
1659586.90743756	442673070850.146	451946060828.698	-1114695364833.79	405747184313.168	283885480918.213
1698243.65246175	430032704127.408	438998936904.865	-1081964341737.14	394211478005.039	276056107356.684
1737800.82874938	417672821734.229	426341567950.122	-1050022619528.95	382928048028.576	268381918627.699
1778279.41003892	405590930218.05	413971225108.879	-1018858742156.12	371894923317.949	260862789670.459
1819700.85860998	393784373466.039	401885020352.2	-988461077042.823	361109968459.064	253498429921.587
1862087.13666287	382250342929.367	390079916804.711	-958817834855.538	350570893544.691	246288391001.148
1905460.71796325	370985887633.61	378552738845.536	-929917088611.588	340275263832.93	239232074334.108
1949844.59975805	359987923965.742	367300181974.302	-901746792130.408	330220509199.12	232328738692.971
1995262.31496888	349253245229.207	356318822434.249	-874294797828.041	320403933372.284	225577507648.307
2041737.94466953	338778530959.519	345605126585.475	-847548873856.511	310822722948.2	218977376914.858
2089296.13085404	328560355993.783	335155460022.241	-821496720591.084	301473956172.145	212527221581.846
2137962.08950223	318595199288.451	324966096429.19	-796125986469.304	292354611485.227	206225803217.018
2187761.62394955	308879452480.481	315033226172.181	-771424283186.953	283461575829.166	200071776834.926
2238721.13856834	299409428187.951	305352964620.28	-747379200256.924	274791652705.173	194063697720.766
2290867.65276777	290181368046.939	295921360196.238	-723978318937.936	266341569983.428	188200028102.004
2344228.81531992	281191450482.278	286734402153.524	-701209225540.886	258107987460.382	182479143660.806
2398832.91901949	272435798210.534	277788028078.752	-679059524121.424	250087504161.911	176899339881.176
2454708.91568503	263910485474.228	269078131118.951	-657516848568.028	242276665390.972	171458838225.383
2511886.43150958	255611545007.018	260600566933.856	-636568874095.56	234671969519.154	166155792135.098
2570395.78276886	247534974730.153	252351160373.92	-616203328154.855	227269874522.063	160988292853.317
2630267.99189538	239676744181.123	244325711885.416	-596408000769.492	220066804259.148	155954375063.886
2691534.80392691	232032800675.975	236520003644.454	-577170754311.377	213059154499.087	151052022346.058
2754228.70333817	224599075207.282	228929805422.293	-558479532727.189	206243298692.362	146279172442.166
2818382.93126445	217371488080.243	221550880184.776	-540322370228.188	199615593493.18	141633722337.078
2884031.50312661	210345954289.841	214378989429.167	-522687399456.201	193172384033.321	137113533148.666
2951209.22666638	203518388642.401	207409898262.036	-505562859138.915	186910008950.906	132716434829.041
3019951.72040202	196884710625.278	200639380222.272	-488937101247.856	180824805177.491	128440230676.838
3090295.43251359	190440849028.762	194063221853.566	-472798597672.683	174913112487.234	124282701661.245
3162277.66016838	184182746324.6	187677227031.067	-457135946425.54	169171277812.187	120241610558.969
3235936.56929628	178106362805.831	181477221047.184	-441937877389.413	163595659328.105	116314705905.693
3311311.21482591	172207680492.902	175459054461.733	-427193257624.495	158182630315.378	112499725763.977
3388441.56139203	166482706811.267	169618606721.878	-412891096246.649	152928582799.982	108794401309.907
3467368.50452532	160927478045.849	163951789557.481	-399020548892.063	147829930979.495	105196460241.081
3548133.89233575	155538062577.986	158454550157.687	-385570921782.249	142883114439.482	101703630008.882
3630780.54770102	150310563910.586	153122874134.662	-372531675403.433	138084601165.645	98313640878.1601
3715352.29097173	145241123487.381	147952788280.578	-359892427814.396	133430890357.326	95024228817.7798
3801893.96320561	140325923312.259	142940363123.985	-347642957596.686	128918515048.019	91833138225.6275
3890451.4499428	135561188374.77	138081715291.843	-335773206461.073	124544044538.693	88738124491.9148
3981071.70553498	130943188887.947	133373009683.492	-324273281523.931	120304086649.744	85736956404.7518
4073802.77804113	126468234740.358	128810453950.843	-313133453697.82	116195281877.24	82827409134.4011
4168693.83470335	122132630693.151	124390254199.592	-302344137450.945	112214256677.931	80007209420.2659
4265795.18801593	117932716601.333	120108654684.428	-291895910283.313	108357665326.174	77274084418.5367
4365158.32240167	113864895879.502	115961965883.911	-281779526447.714	104622219534.335	74625796327.3968
4466835.92150964	109925636124.276	111946565066.725	-271985917402.636	101004689083.319	72060143143.6388
4570881.89614875	106111469498.058	108058896620.946	-262506191974.114	97501902215.623	69574959177.811
4677351.41287198	102418993016.246	104295472286.841	-253331636302.395	94110745938.3673	67168115498.4601
4786300.92322638	98844868742.4256	100652871297.806	-244453713584.515	90828166240.4785	64837520308.4474
4897788.19368447	95385823895.982	97127740433.9611	-235864063623.611	87651168228.1289	62581119256.2883
5011872.33627272	92038650876.4967	93716793992.8205	-227554502195.544	84576816182.45	60396895685.4158
5128613.83991365	88800207209.1946	90416813681.3728	-219517020243.153	81602233543.4636	58282870824.2235
5248074.60249772	85667415415.6173	87224648433.7952	-211743782908.19	78724602824.0845	56237103919.6994
5370317.96370253	82637262813.5978	84137214158.9311	-204227128410.698	75941165457.9591	54257692317.3995
5495408.73857625	79706801250.5125	81151493421.5528	-196959566785.351	73249221584.8184	52342771490.4648
5623413.25190349	76873146773.6807	78264535061.3228	-189933778483.951	70646129776.9221	50490515020.3206
5754399.37337157	74133479241.6861	75473453753.2669	-183142612853.047	68129306710.0866	48699134531.6405
5888436.5535559	71485041880.2775	72775429513.4512	-176579086495.314	65696226782.6849	46966879584.0972
6025595.86074358	68925140786.4078	70167707153.4553	-170236381523.087	63344421685.9085	45292037523.352
6165950.01861482	66451144383.8561	67647595687.1143	-164107843712.115	61071479928.4905	43672933293.68
6309573.44480193	64060482833.7746	65212467692.8976	-158186980563.383	58875046318.979	42107929214.5532
6456542.29034656	61750647403.3891	62859758635.1756	-152467459280.499	56752821408.5615	40595424723.4434
6606934.48007596	59519189795.9748	60586966147.5167	-146943104669.929	54702560897.331	39133856087.0352
6760829.75391982	57363721445.1181	58391649281.0427	-141607896971.028	52722075006.7912	37721696082.9736
6918309.70918936	55281911992.3642	56271426929.3521	-136455967657.678	50809227100.9513	36357453143.376
7079457.84384139	53271471629.8026	54223959963.369	-131481554814.047	48961917477.6803	35039659975.2337
7244359.60074991	51330153310.2112	52246953428.8104	-126679008347.025	47178085417.5808	33766875118.4854
7413102.41300918	49455770848.6294	50338174788.8546	-122042835037.429	45455725837.4861	32537694861.0939
7585775.75029184	47646198495.5006	48495453458.8511	-117567697150.129	43792888915.2829	31350753076.514
7762471.16628693	45899369654.8705	46716679478.8912	-113248408917.803	42187678928.1885	30204720498.4503
7943282.34724282	44213275612.1661	44999802197.1403	-109079933065.066	40638253099.0333	29098303996.4734
8128305.161641	42585964272.4036	43342828964.7601	-105057377374.451	39142820451.3569	28030245853.2516
8317637.71102671	41015538909.6232	41743823843.1964	-101175991295.569	37699640674.0885	26999323044.1232
8511380.38202376	39500156928.2934	40200906324.5558	-97431162598.6695	36307022996.5176	26004346519.6831
8709635.89956081	38038028637.3722	38712250065.7349	-93818414073.7092	34963325074.222	25044160492.0289
8912509.38133746	36627416037.6667	37276081636.9258	-90333400275.9357	33666951886.567	24117641725.2649
9120108.3935591	35266631623.0796	35890679285.0607	-86971904318.8729	32416354646.3465	23223698830.8325
9332543.00796991	33954037196.2889	34554371712.7238	-83729834715.5164	31210029722.0941	22361271568.1941
9549925.86021437	32688042699.3554	33265536873.0037	-80603222268.4335	30046517573.5448	21529330151.3686
9772372.20955811	31467105059.7176	32022600780.7213	-77588217009.385	28924401700.694	20726874561.7771
10000000	30289727051.981	30824036340.4241	-74681085188.9871	27842307606.8534	19952933867.8306
10232929.9228075	29154456175.8804	29668362191.4995	-71878206316.859	26798901776.0737	19206565551.6568
10471285.480509	28059883550.745	28554141570.7195	-69176070252.6151	25792890665.2604	18486854843.3343
10715193.0523761	27004642826.7659	27479981192.4937	-66571274347.9872	24823019711.2798	17792914062.9735
10964781.9614319	25987409113.3255	26444530147.0702	-64060520640.2889	23888072353.3146	17123881970.9553
11220184.5430196	25006897924.6183	25446478816.8936	-61640613097.3688	22986869070.7004	16478923126.6117
11481536.2149688	24061864142.7585	24484557811.2943	-59308454914.129	22118266436.4405	15857227255.6072
11748975.5493953	23151100982.3164	23557536903.3463	-57061045825.1805	21281156171.4107	15258008614.1818
12022644.3461741	22273435524.3039	22664220518.7158	-54895471933.6684	20474460991.7455	14680502795.6711
12302687.7081238	21427724183.8032	21803443158.7052	-52808895409.4046	19697130393.5374	14123963482.7594
12589254.1179417	20612859410.0125	20974076115.8574	-50798568744.0974	18948146934.7383	13587667557.118
12882495.5169314	19827769737.1341	20175027505.5597	-48861834485.886	18226526302.2568	13070915256.9185
13182567.3855641	19071418701.1771	19405241158.1805	-46996122506.9741	17531316318.5709	12573029486.5132
13489628.8259165	18342803785.6566	18663695540.8863	-45198947345.6406	16861595974.7877	12093355143.9883
13803842.6460289	17640955395.5584	17949402708.482	-43467905620.9241	16216474489.5749	11631258466.224
14125375.4462276	16964935858.9445	17261407282.6311	-41800673518.3106	15595090393.3938	11186126391.1018
14454397.7074593	16313838455.5855	16598785458.8156	-40195004344.7737	14996610637.4755	10757365936.5016
14791083.8816821	15686786472.0131	15960644040.411	-38648726151.5509	14420229726.9867	10344403595.7357
15135612.4843621	15082932282.3949	15346119499.2566	-37159739423.0599	13865168877.84	9946684749.06995
15488166.1891248	14501456454.6438	14754377062.1122	-35726014830.3885	13330675196.6118	9563673090.98721
15848931.9246111	13941566881.1813	14184609822.4028	-34345591047.8187	12816020883.0408	9194850072.85178
16218100.9735893	13402497933.7838	13636037876.6594	-33016572630.8701	12320502454.5824	8839714360.6377
16595869.0743756	12883509641.9509	13107907485.0776	-31737127954.3777	11843439992.5105	8497781307.38872
16982436.5246175	12383886894.2426	12599490255.6223	-30505487209.1416	11384176409.0596	8168582440.08148
17378008.2874938	11902938662.041	12110082351.1163	-29319940455.717	10942076735.1114	7851664960.56822
17782794.1003892	11439997245.2022	11639003718.7624	-28178835733.9342	10516527427.9375	7546591260.27953
18197008.5860998	10994417539.0731	11185597341.5554	-27080577226.77	10106935698.5188	7252938448.37313
18620871.3666287	10565576322.3566	10749228511.053	-26023623477.2124	9712728857.96922	6970297893.01788
19054607.1796325	10152871565.3162	10329284120.9803	-25006485656.7923	9333353682.60032	6698274775.50837
19498445.9975805	9755721757.82392	9925171981.15572	-24027725884.4737	8968275797.17082	6436487656.90872
19952623.1496888	9373565256.75951	9536320151.23323	-23085955594.6297	8616979075.87465	6184568056.93041
20417379.4466953	9005859282.38472	9162175915.95756	-22179833067.1457	8278964725.18998	5942159798.56397
20892961.3085404	8652077791.24998	8802203612.98449	-21308058270.166	7953749348.10246	5708917604.31497
21379620.8950223	8311712485.64277	8455885664.37831	-20469375215.6977	7640865852.84174	5484507779.37212
21877616.2394955	7984272931.45377	8122722697.45319	-19662572182.342	7339863553.27972	5268608300.99306
22387211.3856834	7669285954.80021	7802232928.97146	-18886480213.2572	7050307615.45022	5060908427.37029
22908676.5276777	7366295057.70591	7493951568.83722	-18139971661.9562	6771778521.5173	4861108318.68001
23442288.1531992	7074859852.80572	7197430243.24877	-17421958785.7753	6503871551.15949	4668918670.31599
23988329.1901949	6794555516.47864	6912236436.69849	-16731392385.5057	6246196279.82659	4484060357.93408
24547089.1568503	6524972259.83078	6637952952.22626	-16067260489.7256	5998376093.34096	4306264093.9435
25118864.3150958	6265714816.96796	6374177389.35125	-15428587082.4123	5760047718.33175	4135270095.09239
25703957.8276886	6016401950.01361	6120521639.12396	-14814430872.4621	5530860768.00566	3970827760.8047
26302679.9189538	5776665970.34528	5876611395.75817	-14223884103.7847	5310477302.77304	3812695361.93649
26915348.0392691	5546152275.53825	5642085684.31792	-13656071404.6806	5098571405.26246	3660639739.62884
27542287.0333817	5324518901.52046	5416596403.95156	-13110148675.2507	4894828769.27107	3514436013.94428
28183829.3126445	5111436089.45855	5199807886.17999	-12585302011.6252	4698946302.21193	3373867301.98332
28840315.0312661	4906585866.90838	4991396467.76124	-12080746665.836	4510631740.63238	3238724445.18593
29512092.2666638	4709661642.77893	4791050077.6686	-11595726040.1932	4329603278.39103	3108805745.53225
30199517.2040202	4520367815.6712	4598467837.73323	-11129510715.0634	4155589207.09292	2983916710.36499
30902954.3251359	4338419395.1677	4413359676.51629	-10681397508.9783	3988327568.39503	2863869805.56426
31622776.6016838	4163541635.66064	4235445955.98864	-10250708570.0379	3827565817.80556	2748484216.81356
32359365.6929628	3995469682.32017	4064457110.60968	-9836790497.60376	3673060499.6127	2637585618.70375
33113112.1482591	3833948228.81565	3900133298.40888	-9439013493.30923	3524576932.58882	2531005951.42887
33884415.6139203	3678731186.41512	3742224063.68618	-9056770540.44332	3381888906.12759	2428583204.83568
34673685.0452532	3529581364.09933	3590488010.95899	-8689476610.79437	3244778386.48128	2330161209.59524
35481338.9233575	3386270159.33856	3444692489.79538	-8336567898.06886	3113035232.77657	2235589435.27245
36307805.4770102	3248577259.19028	3304613290.18363	-7997501077.02695	2986456922.49607	2144722795.07582
37153522.9097173	3116290351.38723	3170034348.09991	-7671752587.50439	2864848286.12318	2057421457.07636
38018939.6320561	2989204845.09487	3040747460.94531	-7358817942.51494	2748021250.6566	1973550661.69078
38904514.499428	2867123601.02772	2916552012.53477	-7058211059.65444	2635794591.71031	1892980545.23081
39810717.0553498	2749856670.62319	2797254707.32937	-6769463615.05005	2527993693.92323	1815585969.32567
40738027.7804113	2637221113.01417	2682669385.85591	-6492124591.23272	2424450379.14907	1741246396.47552
41686938.3470336	2529041169.8949	2572617214.4349	-6225760717.22986	2325003044.79389	1669845975.82662
42657951.8801593	2425147668.51804	2466926066.93768	-5969954984.20901	2229496134.64746	1601273177.26355
43651583.2240167	2325377550.61082	2365430038.11229	-5724305475.04573	2137779719.09166	1535420499.76036
44668359.2150963	2229573663.42839	2267969231.0319	-5488424847.39281	2049709302.55149	1472184333.79689
45708818.9614875	2137584558.57093	2174389552.4709	-5261939836.04668	1965145638.0545	1411464828.8025
46773514.1287198	2049264297.12591	2084542514.70929	-5044490771.02233	1883954547.64184	1353165764.77056
47863009.2322638	1964472260.9581	1998285043.58515	-4835731110.89299	1806006748.46521	1297194427.92642
48977881.9368447	1883072969.97404	1915479292.61951	-4635326990.96075	1731177684.40856	1243461490.3343
50118723.3627272	1804935905.19172	1835992463.04212	-4442956785.83541	1659347363.07669	1191880893.33122
51286138.3991365	1729935337.45031	1759696629.55	-4258310686.0081	1590400197.99696	1142369734.67875
52480746.0249772	1657950161.59858	1686468571.63572	-4081090288.01707	1524224855.88419	1094848159.32608
53703179.6370253	1588863736.00467	1616189610.32506	-3911008197.81225	1460714108.822	1049239253.68032
54954087.3857625	1522563727.23351	1548745450.16855	-3747787646.93507	1399764691.21802	1005468943.28262
56234132.5190349	1458941959.74205	1484026026.33447	-3591162121.13944	1341277161.3934	963465893.791108
57543993.7337157	1397894270.44617	1421925356.65514	-3440875001.08926	1285155767.67109	923161415.174122
58884365.535559	1339320368.01655	1362341398.48158	-3296679214.77674	1231308318.83004	884489369.019584
60255958.6074358	1283123696.76477	1305175910.20542	-3158336901.31506	1179646058.79668	847386078.868816
61659500.1861482	1229211304.98368	1250334317.31045	-3025619085.76724	1130083545.44752	811790243.485253
63095734.4480193	1177493717.61036	1197725582.81973	-2898305364.68255	1082538533.40042	777642852.97096
64565422.9034656	1127884813.08268	1147262082.00731	-2776183602.01926	1036931860.67521	744887107.645962
66069344.8007596	1080301704.26415	1098859481.24737	-2659049635.14177	993187339.10709	713468339.607654
67608297.5391982	1034664623.31469	1052436620.87645	-2546706990.58761	951231648.399756	683333936.889643
69183097.0918936	990896810.388548	1007915401.94804	-2438966609.30823	910994233.707787	654433270.141565
70794578.4384139	948924406.043175	965220676.761534	-2335646581.09519	872407206.640952	626717621.753394
72443596.0074991	908676347.24642	924280143.051155	-2236571887.91091	835405249.585893	600140117.349836
74131024.1300918	870084266.871987	885024241.722888	-2141574155.85081	799925523.243403	574655659.582334
75857757.5029184	833082396.576341	847386058.030999	-2050491415.47094	765907577.282327	550220864.148209
77624711.6628693	797607472.95288	811301226.088214	-1963167870.22248	733293264.013736	526793997.968301
79432823.4724282	763598646.862167	776707836.606695	-1879453672.74136	702026654.991671	504334919.456358
81283051.61641	730997395.839612	743546347.769607	-1799204708.74829	672053960.449285	482805020.815222
83176377.1102671	699747439.484844	711759499.135927	-1722282388.3212	643323451.481794	462167172.296672
85113803.8202378	669794657.739503	681292228.48369	-1648553444.30862	615785384.890013	442385668.363477
87096358.9956081	641087011.962835	652091591.499559	-1577889737.659	589391930.60072	423426175.693951
89125093.8133746	613574468.716932	624106684.225087	-1510168069.44728	564097101.582359	405255682.970925
91201083.935591	587208926.176007	597288568.172634	-1445269999.38618	539856686.176991	387842452.39872
93325430.0796991	561944143.076378	571590198.026235	-1383081670.61558	516628182.77153	371155972.893254
95499258.6021437	537735670.126278	546966351.845154	-1323493640.56942	494370736.733547	355166914.89199
97723722.0955811	514540783.796871	523373563.690201	-1266400717.72512	473045079.539052	339847086.731934
100000000	492318422.418064	500770058.5951	-1211701804.04609	452613470.021715	325169392.545362
