# mphi[eV]; Yb X-coefficients [Hz]:	Yb+:S1/2->D5/2;	Yb+:S1/2->D3/2;	Yb+:S1/2->F7/2;	Yb:1S0->2D2;	Yb:1S0->3P0;
1.0000000000	-314941096838754	-354896899928149	2571409426668460	-41363423961625.7	312730940277078
1.0232929923	-314950034748803	-354905546499072	2571904545624800	-41348876952661.3	312767585816013
1.0471285481	-314958750752308	-354913985032254	2572385002705710	-41334751956783.2	312803211365520
1.0715193052	-314967246035605	-354922216460948	2572850940056560	-41321045082849.1	312837825339720
1.0964781961	-314975521785026	-354930241718409	2573302499822760	-41307752439722.2	312871436152726
1.1220184543	-314983579186908	-354938061737890	2573739824149710	-41294870136258.8	312904052218659
1.1481536215	-314991419427584	-354945677452644	2574163055182800	-41282394281321.6	312935681951634
1.1748975549	-314999043693388	-354953089795924	2574572335067430	-41270320983767.9	312966333765770
1.2022644346	-315006453170656	-354960299700985	2574967805948980	-41258646352457.8	312996016075184
1.2302687708	-315013649045722	-354967308101078	2575349609972860	-41247366496252.4	313024737293994
1.2589254118	-315020632504919	-354974115929460	2575717889284470	-41236477524009.3	313052505836317
1.2882495517	-315027404734583	-354980724119382	2576072786029190	-41225975544589.2	313079330116271
1.3182567386	-315033966921048	-354987133604099	2576414442352420	-41215856666851.2	313105218547973
1.3489628826	-315040320250647	-354993345316862	2576743000399560	-41206116999655.7	313130179545541
1.3803842646	-315046465909717	-354999360190928	2577058602316010	-41196752651862.8	313154221523092
1.4125375446	-315052405084591	-355005179159548	2577361390247150	-41187759732330.7	313177352894744
1.4454397707	-315058138961604	-355010803155978	2577651506338390	-41179134349918.8	313199582074615
1.4791083882	-315063668727089	-355016233113468	2577929092735120	-41170872613489.1	313220917476821
1.5135612484	-315068995567382	-355021469965273	2578194291582740	-41162970631899.6	313241367515480
1.5488166189	-315074120668816	-355026514644647	2578447245026630	-41155424514009.9	313260940604712
1.5848931925	-315079045217727	-355031368084845	2578688095212200	-41148230368680.4	313279645158631
1.6218100974	-315083770400449	-355036031219117	2578916984284850	-41141384304769.8	313297489591356
1.6595869074	-315088297403316	-355040504980719	2579134054389960	-41134882431139.5	313314482317004
1.6982436525	-315092627412661	-355044790302904	2579339447672930	-41128720856645.8	313330631749695
1.7378008287	-315096761614822	-355048888118925	2579533306279170	-41122895690150.6	313345946303544
1.77827941   	-315100701196131	-355052799362036	2579715772354050	-41117403040515.5	313360434392668
1.8197008586	-315104447342923	-355056524965491	2579886988042990	-41112239016596.5	313374104431187
1.8620871367	-315108001241532	-355060065862543	2580047095491370	-41107399727256 	313386964833216
1.905460718 	-315111364078293	-355063422986445	2580196236844590	-41102881281351.1	313399024012874
1.9498445998	-315114537039540	-355066597270451	2580334554248040	-41098679787742.8	313410290384278
1.995262315 	-315117521311608	-355069589647814	2580462189847130	-41094791355292.4	313420772361546
2.0417379447	-315120318080831	-355072401051788	2580579285787240	-41091212092857.2	313430478358795
2.0892961309	-315122928533543	-355075032415627	2580685984213770	-41087938109297.2	313439416790143
2.1379620895	-315125353856078	-355077484672584	2580782427272130	-41084965513472 	313447596069708
2.1877616239	-315127595234772	-355079758755912	2580868757107690	-41082290414243.2	313455024611606
2.2387211386	-315129653855960	-355081855598866	2580945115865860	-41079908920468.3	313461710829956
2.2908676528	-315131530905974	-355083776134697	2581011645692040	-41077817141006.7	313467663138874
2.3442288153	-315133227571150	-355085521296662	2581068488731610	-41076011184719.8	313472889952480
2.398832919 	-315134745037822	-355087092018011	2581115787129980	-41074487160465.8	313477399684889
2.4547089157	-315136084492324	-355088489232000	2581153683032540	-41073241177106 	313481200750219
2.5118864315	-315137247120991	-355089713871882	2581182318584690	-41072269343497.8	313484301562589
2.5703957828	-315138234110158	-355090766870909	2581201835931810	-41071567768502.9	313486710536115
2.6302679919	-315139046646158	-355091649162335	2581212377219320	-41071132560979.9	313488436084915
2.6915348039	-315139685915327	-355092361679415	2581214084592590	-41070959829788.4	313489486623106
2.7542287033	-315140153103998	-355092905355402	2581207100197030	-41071045683788.8	313489870564807
2.8183829313	-315140449398506	-355093281123549	2581191566178040	-41071386231840.7	313489596324135
2.8840315031	-315140575985186	-355093489917110	2581167624681000	-41071977582801.8	313488672315206
2.9512092267	-315140534050371	-355093532669337	2581135417851310	-41072815845534.4	313487106952140
3.0199517204	-315140324780397	-355093410313485	2581095087834380	-41073897128897.1	313484908649053
3.0902954325	-315139949361598	-355093123782808	2581046776775590	-41075217541748.9	313482085820062
3.1622776602	-315139408980308	-355092674010558	2580990626820340	-41076773192950 	313478646879285
3.2359365693	-315138704822861	-355092061929990	2580926780114020	-41078560191360.6	313474600240840
3.3113112148	-315137838075593	-355091288474356	2580855378802040	-41080574645839.5	313469954318846
3.3884415614	-315136809924836	-355090354576910	2580776565029780	-41082812665247.1	313464717527416
3.4673685045	-315135621556928	-355089261170907	2580690480942640	-41085270358442.5	313458898280673
3.5481338923	-315134274158200	-355088009189598	2580597268686030	-41087943834285.7	313452504992731
3.6307805477	-315132768914988	-355086599566238	2580497070405320	-41090829201635.3	313445546077708
3.715352291 	-315131107013626	-355085033234081	2580390028245920	-41093922569352.7	313438029949723
3.8018939632	-315129289640449	-355083311126379	2580276284353230	-41097220046296	    313429965022892
3.8904514499	-315127317981790	-355081434176386	2580155980872630	-41100717741326.1	313421359711332
3.9810717055	-315125193223986	-355079403317357	2580029259949530	-41104411763302.2	313412222429161
4.073802778 	-315122916553369	-355077219482544	2579896263729320	-41108298221083.3	313402561590500
4.1686938347	-315120489156275	-355074883605201	2579757134357390	-41112373223529.5	313392385609462
4.265795188 	-315117912219038	-355072396618581	2579612013979150	-41116632879500.2	313381702900167
4.3651583224	-315115186927992	-355069759455938	2579461044739980	-41121073297856.8	313370521876729
4.4668359215	-315112314469471	-355066973050525	2579304368785280	-41125690587456.6	313358850953271
4.5708818961	-315109296029810	-355064038335596	2579142128260450	-41130480857160.4	313346698543905
4.6773514129	-315106132795345	-355060956244405	2578974465310880	-41135440215827	    313334073062754
4.7863009232	-315102825952408	-355057727710204	2578801522081980	-41140564772318.1	313320982923932
4.8977881937	-315099376687334	-355054353666249	2578623440719120	-41145850635490.6	313307436541557
5.0118723363	-315095786186457	-355050835045790	2578440363367720	-41151293914206.2	313293442329746
5.1286138399	-315092055636113	-355047172782084	2578252432173150	-41156890717323.6	313279008702618
5.2480746025	-315088186222637	-355043367808382	2578059789280830	-41162637153701.8	313264144074291
5.3703179637	-315084179132360	-355039421057939	2577862576836140	-41168529332202.8	313248856858879
5.4954087386	-315080035551620	-355035333464008	2577660936984490	-41174563361684.1	313233155470504
5.6234132519	-315075756666750	-355031105959842	2577455011871260	-41180735351006.7	313217048323280
5.7543993734	-315071343664083	-355026739478695	2577244943641850	-41187041409029.3	313200543831326
5.8884365536	-315066797729956	-355022234953823	2577030874441660	-41193477644611.4	313183650408761
6.0255958607	-315062120050702	-355017593318474	2576812946416080	-41200040166613.3	313166376469700
6.1659500186	-315057311812655	-355012815505905	2576591301710510	-41206725083894.8	313148730428262
6.3095734448	-315052374202151	-355007902449370	2576366082470350	-41213528505314.3	313130720698563
6.4565422903	-315047308405523	-355002855082122	2576137430840980	-41220446539733.3	313112355694723
6.6069344801	-315042115609106	-354997674337413	2575905488967810	-41227475296010.8	313093643830857
6.7608297539	-315036796999234	-354992361148498	2575670398996220	-41234610883006.4	313074593521083
6.9183097092	-315031353762243	-354986916448629	2575432303071620	-41241849409579.1	313055213179520
7.0794578438	-315025787084465	-354981341171062	2575191343339410	-41249186984587.7	313035511220286
7.2443596007	-315020098152236	-354975636249049	2574947661944970	-41256619716893.9	313015496057497
7.413102413 	-315014288151891	-354969802615844	2574701401033700	-41264143715356.8	312995176105269
7.5857757503	-315008358269762	-354963841204699	2574452702751000	-41271755088836.3	312974559777723
7.7624711663	-315002309692186	-354957752948870	2574201709242260	-41279449946191.2	312953655488973
7.9432823472	-314996143605496	-354951538781608	2573948562652870	-41287224396281.3	312932471653140
8.1283051616	-314989861196027	-354945199636169	2573693405128250	-41295074547967.2	312911016684339
8.317637711 	-314983463650113	-354938736445804	2573436378813770	-41302996510107.6	312889298996688
8.511380382 	-314976952154090	-354932150143768	2573177625854830	-41310986391562.3	312867327004305
8.7096358996	-314970327894289	-354925441663316	2572917288396840	-41319040301191.8	312845109121309
8.9125093813	-314963592057048	-354918611937698	2572655508585180	-41327154347853.4	312822653761815
9.1201083936	-314956745828700	-354911661900169	2572392428565250	-41335324640409.4	312799969339941
9.332543008 	-314949790395578	-354904592483983	2572128190482450	-41343547287718	    312777064269806
9.5499258602	-314942726944019	-354897404622394	2571862936482170	-41351818398639.9	312753946965526
9.7723722096	-314935556660356	-354890099248654	2571596808709800	-41360134082034	    312730625841218
10.000000000	-314928280730924	-354882677296018	2571329949310750	-41368490446759.3	312707109311002
10.2329299228	-314920900342057	-354875139697739	2571062500430410	-41376883601677	    312683405788994
10.4712854805	-314913416680089	-354867487387069	2570794604214170	-41385309655646.3	312659523689311
10.7151930524	-314905830931355	-354859721297264	2570526402807430	-41393764717525.9	312635471426071
10.9647819614	-314898144282190	-354851842361577	2570258038355580	-41402244896176.2	312611257413393
11.220184543	-314890357918928	-354843851513260	2569989653004030	-41410746300457.1	312586890065392
11.481536215	-314882473027902	-354835749685567	2569721388898160	-41419265039227	    312562377796187
11.7489755494	-314874490795449	-354827537811753	2569453388183370	-41427797221347.4	312537729019896
12.0226443462	-314866412407902	-354819216825069	2569185793005050	-41436338955676.3	312512952150636
12.3026877081	-314858239051594	-354810787658770	2568918745508610	-41444886351075.4	312488055602523
12.5892541179	-314849971912863	-354802251246111	2568652387839440	-41453435516401.5	312463047789677
12.8824955169	-314841612178041	-354793608520343	2568386862142920	-41461982560515.9	312437937126214
13.1825673856	-314833161033462	-354784860414720	2568122310564470	-41470523592279.2	312412732026251
13.4896288259	-314824619665462	-354776007862497	2567858875249470	-41479054720549  	312387440903908
13.803842646	-314815989260374	-354767051796926	2567596698343310	-41487572054185.8	312362072173300
14.1253754462	-314807271004534	-354757993151261	2567335921991410	-41496071702050.5	312336634248546
14.4543977075	-314798466084275	-354748832858755	2567076688339140	-41504549773001.3	312311135543762
14.7910838817	-314789575685933	-354739571852663	2566819139531900	-41513002375897.2	312285584473068
15.1356124844	-314780600995840	-354730211066238	2566563417715100	-41521425619599.2	312259989450579
15.4881661891	-314771543200333	-354720751432731	2566309665034130	-41529815612966.8	312234358890414
15.8489319246	-314762403485745	-354711193885399	2566058023634370	-41538168464860	    312208701206690
16.2181009736	-314753183038410	-354701539357494	2565808635661230	-41546480284136.9	312183024813525
16.5958690744	-314743883044663	-354691788782269	2565561643260110	-41554747179659	    312157338125036
16.9824365246	-314734504690840	-354681943092979	2565317188576390	-41562965260284.4	312131649555341
17.3780082875	-314725049163273	-354672003222876	2565075413755480	-41571130634874.4	312105967518557
17.7827941004	-314715517648298	-354661970105214	2564836460942760	-41579239412286.4	312080300428802
18.1970085861	-314705911332248	-354651844673247	2564600472283640	-41587287701382.6	312054656700192
18.6208713666	-314696231401459	-354641627860228	2564367589923510	-41595271611020.7	312029044746847
19.0546071796	-314686479042264	-354631320599411	2564137956007770	-41603187250061.1	312003472982882
19.4984459976	-314676655440999	-354620923824049	2563911712681800	-41611030727363.5	311977949822418
19.9526231497	-314666761783997	-354610438467395	2563689002091020	-41618798151787.7	311952483679569
20.4173794467	-314656799257594	-354599865462704	2563469966380800	-41626485632192.5	311927082968454
20.8929613085	-314646769048122	-354589205743228	2563254747696550	-41634089277438.8	311901756103191
21.379620895	-314636672341918	-354578460242222	2563043488183660	-41641605196385.5	311876511497897
21.8776162395	-314626510325314	-354567629892938	2562836329987530	-41649029497891.9	311851357566689
22.3872113857	-314616284184647	-354556715628631	2562633415253560	-41656358290819.2	311826302723685
22.9086765277	-314605995106250	-354545718382553	2562434886127130	-41663587684025.1	311801355383003
23.4422881532	-314595644276458	-354534639087959	2562240884753650	-41670713786370.3	311776523958759
23.9883291902	-314585232881604	-354523478678102	2562051553278500	-41677732706714.5	311751816865073
24.5470891569	-314574762108024	-354512238086234	2561867033847090	-41684640553917	    311727242516060
25.1188643151	-314564233142051	-354500918245611	2561687468604820	-41691433436838.1	311702809325839
25.7039578277	-314553647170022	-354489520089485	2561512999697070	-41698107464335.6	311678525708528
26.302679919	-314543005378269	-354478044551109	2561343769269240	-41704658745271.8	311654400078243
26.9153480393	-314532308953126	-354466492563739	2561179919466720	-41711083388504.3	311630440849102
27.5422870334	-314521559080930	-354454865060625	2561021592434920	-41717377502893.7	311606656435223
28.1838293126	-314510756948014	-354443162975024	2560868930319230	-41723537197300.3	311583055250723
28.8403150313	-314499903740711	-354431387240187	2560722075265040	-41729558580582.8	311559645709720
29.5120922667	-314489000645359	-354419538789369	2560581169417750	-41735437761599.8	311536436226331
30.199517204	-314478048848289	-354407618555822	2560446354922760	-41741170849212.3	311513435214676
30.9029543251	-314467049535837	-354395627472801	2560317773925450	-41746753952280.7	311490651088868
31.6227766017	-314456003894337	-354383566473559	2560195568571230	-41752183179662.7	311468092263028
32.359365693	-314444913110124	-354371436491349	2560079881005490	-41757454640220.5	311445767151271
33.1131121483	-314433778369532	-354359238459426	2559970853373630	-41762564442811	    311423684167718
33.8844156139	-314422600858895	-354346973311041	2559868627821030	-41767508696294.7	311401851726484
34.6736850453	-314411381764549	-354334641979450	2559773346493110	-41772283509532.8	311380278241685
35.4813389234	-314400122272826	-354322245397905	2559685151535250	-41776884991382.7	311358972127443
36.307805477	-314388823570063	-354309784499661	2559604185092840	-41781309250705.7	311337941797872
37.1535229097	-314377486842592	-354297260217970	2559530589311290	-41785552396360.9	311317195667091
38.0189396321	-314366113276750	-354284673486085	2559464506335990	-41789610537207.9	311296742149217
38.9045144994	-314354704058868	-354272025237261	2559406078312330	-41793479782105.7	311276589658368
39.8107170553	-314343260375284	-354259316404751	2559355447385710	-41797156239916.5	311256746608660
40.7380277804	-314331783412331	-354246547921809	2559312755701520	-41800636019496.4	311237221414213
41.686938347	-314320274356343	-354233720721688	2559278145405170	-41803915229708.4	311218022489142
42.6579518802	-314308734393655	-354220835737642	2559251758642040	-41806989979409	    311199158247567
43.651583224	-314297164710601	-354207893902924	2559233737557540	-41809856377459.5	311180637103604
44.6683592151	-314285566493515	-354194896150787	2559224224297050	-41812510532719.8	311162467471371
45.7088189615	-314273940928733	-354181843414485	2559223361005970	-41814948554048.7	311144657764985
46.7735141287	-314262289202588	-354168736627273	2559231289829700	-41817166550307.4	311127216398563
47.8630092323	-314250612501415	-354155576722402	2559248152913640	-41819160630354.1	311110151786224
48.9778819368	-314238912011548	-354142364633126	2559274092403170	-41820926903047.2	311093472342086
50.1187233627	-314227188919323	-354129101292700	2559309250443700	-41822461477250.5	311077186480264
51.2861383991	-314215444411072	-354115787634377	2559353769180620	-41823760461820	    311061302614877
52.480746025	-314203679673131	-354102424591411	2559407790759320	-41824819965616.1	311045829160044
53.703179637	-314191895891834	-354089013097053	2559471457325200	-41825636097499.4	311030774529880
54.9540873858	-314180094253516	-354075554084559	2559544911023660	-41826204966328.9	311016147138503
56.234132519	-314168275944510	-354062048487182	2559628294000090	-41826522680965	    311001955400032
57.5439937337	-314156442151152	-354048497238175	2559721748399890	-41826585350265.9	310988207728583
58.8843655356	-314144594059776	-354034901270791	2559825416368450	-41826389083091.3	310974912538275
60.2559586074	-314132732856715	-354021261518285	2559939440051170	-41825929988302.7	310962078243224
61.6595001861	-314120859728306	-354007578913910	2560063961593440	-41825204174758.5	310949713257548
63.095734448	-314108975860881	-353993854390919	2560199123140660	-41824207751318.2	310937825995365
64.5654229035	-314097082440776	-353980088882565	2560345066838220	-41822936826842.7	310926424870792
66.0693448008	-314085180654325	-353966283322104	2560501934831530	-41821387510189.3	310915518297947
67.6082975392	-314073269332260	-353952436053270	2560669848556260	-41819556814167.5	310905110302452
69.1830970919	-314061269790127	-353938460207289	2560848247959240	-41817471497546.5	310895060498910
70.7945784384	-314049010101594	-353924166414499	2561035753234370	-41815194100074.4	310885054792028
72.4435960075	-314036312805703	-353909359221022	2561230935916870	-41812789285380.3	310874768775487
74.1310241301	-314023000441497	-353893843172981	2561432367541960	-41810321717092.1	310863878042970
75.8577575029	-314008895548018	-353877422816497	2561638619644860	-41807856058836.4	310852058188161
77.6247116629	-313993820664309	-353859902697689	2561848263760810	-41805456974241.4	310838984804741
79.4328234724	-313977598329412	-353841087362682	2562059871425020	-41803189126934.7	310824333486394
81.2830516164	-313960051082372	-353820781357597	2562272014172720	-41801117180544.1	310807779826803
83.1763771103	-313941001462228	-353798789228555	2562483263539140	-41799305798696.2	310788999419650
85.1138038202	-313920272008025	-353774915521678	2562692191059490	-41797819645019.6	310767667858618
87.0963589956	-313897685258804	-353748964783087	2562897368269000	-41796723383141.1	310743460737390
89.1250938134	-313873063753608	-353720741558904	2563097366702900	-41796081676689.2	310716053649649
91.2010839356	-313846230031480	-353690050395251	2563290757896410	-41795959189291.1	310685122189077
93.3254300797	-313817006631462	-353656695838249	2563476113384750	-41796420584574.1	310650341949356
95.4992586021	-313785216092598	-353620482434020	2563652004703160	-41797530526166.1	310611388524172
97.7237220956	-313750680953930	-353581214728686	2563817003386840	-41799353677694.6	310567937507204
100.000000000	-313713223754498	-353538697268367	2563969680971040	-41801954702786.6	310519664492137
102.3292992281	-313672667033347	-353492734599186	2564108608990960	-41805398265071.2	310466245072654
104.7128548051	-313628833329519	-353443131267266	2564232358981840	-41809749028174.5	310407354842437
107.1519305238	-313581545182058	-353389691818726	2564339502478900	-41815071655725.4	310342669395168
109.6478196143	-313530625130003	-353332220799688	2564428611017370	-41821430811349.1	310271864324532
112.2018454302	-313475895712401	-353270522756276	2564498256132460	-41828891158676.9	310194615224209
114.8153621497	-313417179468291	-353204402234609	2564547009359400	-41837517361332.3	310110597687884
117.489755494	-313354298936717	-353133663780809	2564573442233420	-41847374082946.7	310019487309238
120.2264434617	-313287076656721	-353058111941000	2564576126289750	-41858525987145.5	309920959681956
123.0268770812	-313215335167346	-352977551261300	2564553633063590	-41871037737555.9	309814690399719
125.8925411794	-313138897007635	-352891786287834	2564504534090190	-41884973997805.9	309700355056211
128.8249551693	-313057584716630	-352800621566722	2564427400904760	-41900399431525	    309577629245113
131.8256738556	-312971220833372	-352703861644085	2564320805042530	-41917378702338.6	309446188560110
134.8962882592	-312879627896906	-352601311066045	2564183318038720	-41935976473875.5	309305708594883
138.0384264603	-312782628446274	-352492774378725	2564013511428560	-41956257409761.2	309155864943115
141.2537544623	-312680045020518	-352378056128246	2563809956747270	-41978286173626.2	308996333198491
144.5439770746	-312571700158680	-352256960860729	2563571225530070	-42002127429096.8	308826788954690
147.9108388168	-312457416399804	-352129293122295	2563295889312190	-42027845839799	    308646907805398
151.3561248436	-312337016282932	-351994857459067	2562982519628860	-42055506069363.3	308456365344296
154.8816618912	-312210322347106	-351853458417167	2562629688015290	-42085172781415.8	308254837165067
158.4893192461	-312077157131369	-351704900542715	2562235966006710	-42116910639583.7	308041998861394
162.1810097359	-311937343174763	-351548988381834	2561799925138350	-42150784307495.9	307817526026961
165.9586907438	-311790703016331	-351385526480644	2561320136945430	-42186858448778.3	307581094255449
169.8243652462	-311637059195116	-351214319385269	2560795172963180	-42225197727060.3	307332379140541
173.7800828749	-311476234250160	-351035171641829	2560223604726810	-42265866805967.4	307071056275921
177.8279410039	-311308050720506	-350847887796446	2559604003771550	-42308930349129.1	306796801255271
181.970085861	-311132331145196	-350652272395241	2558934941632640	-42354453020171.6	306509289672274
186.2087136663	-310948898063272	-350448129984337	2558214989845280	-42402499482723.9	306208197120612
190.5460717963	-310757574013778	-350235265109854	2557442719944710	-42453134400412.8	305893199193968
194.9844599758	-310558181535755	-350013482317915	2556616703466150	-42506422436866.4	305563971486026
199.5262314969	-310350543168247	-349782586154641	2555735511944820	-42562428255710.5	305220189590468
204.173794467	-310134481450296	-349542381166155	2554797716915950	-42621216520574.3	304861529100976
208.9296130854	-309909818920945	-349292671898576	2553801889914770	-42682851895085.7	304487665611235
213.7962089502	-309676378119235	-349033262898028	2552746602476490	-42747399042871.1	304098274714924
218.776162395	-309433981584209	-348763958710630	2551630426136340	-42814922627559	    303693032005729
223.8721138568	-309182451854911	-348484563882507	2550451932429550	-42885487312776.7	303271613077332
229.0867652768	-308921611470383	-348194882959778	2549209692891330	-42959157762152.1	302833693523415
234.422881532	-308651282969667	-347894720488566	2547902279056920	-43035998639311.4	302378948937663
239.8832919019	-308371288891805	-347583881014993	2546528262461540	-43116074607884.1	301907054913756
245.4708915685	-308081451775841	-347262169085178	2545086214640400	-43199450331496.5	301417687045378
251.188643151	-307781594160816	-346929389245246	2543574707128750	-43286190473777.1	300910520926211
257.0395782769	-307471538585774	-346585346041316	2541992311461800	-43376359698353.2	300385232149940
263.0267991895	-307151107589757	-346229844019511	2540337599174760	-43470022668851.5	299841496310245
269.1534803927	-306820123711807	-345862687725952	2538609141802880	-43567244048900.1	299278989000811
275.4228703338	-306478409490968	-345483681706762	2536805510881380	-43668088502127.6	298697385815319
281.8382931264	-306125787466281	-345092630508061	2534925277945460	-43772620692160.3	298096362347453
288.4031503127	-305762080176789	-344689338675972	2532967014530380	-43880905282626.7	297475594190895
295.1209226666	-305387110161534	-344273610756615	2530929292171330	-43993006937153.2	296834756939329
301.9951720402	-305000699959560	-343845251296112	2528810682403560	-44108990319368.7	296173526186436
309.0295432514	-304602672109908	-343404064840586	2526609756762280	-44228920092900	    295491577525901
316.2277660168	-304192766192914	-342949764501136	2524324800500070	-44352832033204.3	294788531367435
323.5936569296	-303770029367087	-342481300218775	2521951709387350	-44480520798194.5	294063547523121
331.1311214826	-303333164447018	-341997242407224	2519485190896250	-44611661137140.7	293315556748140
338.8441561392	-302880871745595	-341496158722892	2516919943865790	-44745926928165.4	292543488133551
346.7368504525	-302411851575712	-340976616822193	2514250667135000	-44882992049389.5	291746270770411
354.8133892336	-301924804250260	-340437184361535	2511472059542880	-45022530378932.2	290922833749780
363.0780547701	-301418430082128	-339876428997331	2508578819928460	-45164215794916.8	290072106162714
371.5352290972	-300891429384210	-339292918385992	2505565647130760	-45307722175462.8	289193017100273
380.1893963206	-300342502469395	-338685220183928	2502427239988780	-45452723398692.6	288284495653513
389.0451449943	-299770349650575	-338051902047550	2499158297341560	-45598893342726.3	287345470913494
398.1071705535	-299173671240640	-337391531633270	2495753518028110	-45745905885684.9	286374871971273
407.3802778041	-298551167552483	-336702676597498	2492207600887440	-45893434905690.2	285371627917908
416.8693834703	-297901538898995	-335983904596645	2488515244758580	-46041154280861.9	284334667844458
426.5795188016	-297223485593065	-335233783287123	2484671148480530	-46188737889322.8	283262920841979
436.5158322402	-296515707947587	-334450880325342	2480670010892330	-46335859609192.4	282155316001532
446.683592151	-295776906275449	-333633763367713	2476506530832990	-46482193318592.8	281010782414172
457.0881896149	-295005780889545	-332781000070649	2472175407141510	-46627412895645.2	279828249170959
467.7351412872	-294201032102764	-331891158090558	2467671338656940	-46771192218469	    278606645362952
478.6300923226	-293361360227999	-330962805083852	2462989024218270	-46913205165187.2	277344900081207
489.7788193684	-292485465578140	-329994508706944	2458123162664530	-47053125613919.2	276041942416783
501.1872336273	-291572048466079	-328984836616242	2453068452834740	-47190627442786.8	274696701460738
512.8613839914	-290619809204706	-327932356468159	2447819593567910	-47325384529911.8	273308106304130
524.8074602498	-289627448106913	-326835635919104	2442371283703070	-47457070753414	    271875086038017
537.0317963703	-288593665485591	-325693242625491	2436718222079230	-47585359991415.2	270396569753457
549.5408738576	-287517161653631	-324503744243729	2430855107535400	-47709926122036.3	268871486541508
562.3413251903	-286396636923924	-323265708430230	2424776638910610	-47830443023397.9	267298765493228
575.4399373372	-285230791609361	-321977702841403	2418477515043870	-47946584573621.1	265677335699676
588.8436553556	-284018326022834	-320638295133660	2411952434774210	-48058024650827.6	264006126251909
602.5595860744	-282757940477233	-319246052963414	2405196096940630	-48164437133138.4	262284066240985
616.5950018615	-281448335285450	-317799543987073	2398203200382160	-48265495898674.2	260510084757964
630.9573444802	-280088210760376	-316297335861050	2390968443937820	-48360874825555.4	258683110893902
645.6542290347	-278676267214902	-314737996241755	2383486526446610	-48450247791904.3	256802073739857
660.6934480076	-277211204961919	-313120092785600	2375752146747570	-48533288675840.8	254865902386889
676.082975392	-275691724314318	-311442193148994	2367760003679710	-48609671355487.1	252873525926054
691.8309709189	-274116525584991	-309702864988351	2359504796082050	-48679069708962.9	250823873448411
707.9457843841	-272484309086829	-307900675960079	2350981222793590	-48741157614390.4	248715874045018
724.435960075	-270793775132722	-306034193720591	2342183982653370	-48795608949890.2	246548456806933
741.3102413009	-269043624035563	-304101985926297	2333107774500410	-48842097593583.8	244320550825214
758.5775750292	-267232556108241	-302102620233608	2323747297173700	-48880297423591.4	242031085190920
776.2471166287	-265359271663648	-300034664298936	2314097249512290	-48909882318034.8	239678988995107
794.3282347243	-263422471014676	-297896685778691	2304152330355170	-48930526155034.1	237263191328835
812.8305161641	-261420854474216	-295687252329285	2293907238541380	-48941902812711.5	234782621283161
831.7637711027	-259353122355158	-293404931607127	2283356672909930	-48943686169187	    232236207949144
851.1380382024	-257217992411908	-291048310410725	2272495369016660	-48935542847609.7	229622916015201
870.9635899561	-255014881080133	-288616742342590	2261319533239270	-48916848847657.7	226943136147248
891.2509381337	-252744124532998	-286110590418875	2249827308131580	-48886597594981.3	224199136154702
912.0108393559	-250406121646377	-283530286472079	2238016968245410	-48843756433412	    221393311820425
933.254300797	-248001271296144	-280876262334695	2225886788132590	-48787292706780.4	218528058927277
954.9925860214	-245529972358171	-278148949839219	2213435042344920	-48716173758919	    215605773258121
977.2372209558	-242992623708332	-275348780818147	2200660005434220	-48629366933658.8	212628850595817
1000.000000000	-240389624222500	-272476187103974	2187559951952310	-48525839574830.9	209599686723228
1023.2929922808	-237721372776547	-269531600529195	2174133156450990	-48404559026266.4	206520677423215
1047.1285480509	-234988268246348	-266515452926305	2160377893482080	-48264492631797.9	203394218478639
1071.5193052376	-232190709507776	-263428176127801	2146292437597400	-48104607735254.8	200222705672363
1096.4781961432	-229329095436704	-260270201966177	2131875063348760	-47923871680470.3	197008534787248
1122.018454302	-226403824909004	-257041962273928	2117124045287980	-47721251811274.7	193754101606154
1148.1536214969	-223415296800550	-253743888883551	2102037657966870	-47495715471500	    190461801911945
1174.8975549395	-220363909987216	-250376413627540	2086614175937250	-47246230004977.7	187134031487480
1202.2644346174	-217250063344875	-246939968338391	2070851873750920	-46971762755537.8	183773186115623
1230.2687708124	-214074155749399	-243434984848599	2054749025959710	-46671281067012.9	180381661579234
1258.9254117942	-210836586076663	-239861894990659	2038303907115430	-46343752283234.4	176961853661175
1288.2495516931	-207537753202538	-236221130597067	2021514791769900	-45988143748033.3	173516158144308
1318.2567385564	-204178056002899	-232513123500319	2004379954474920	-45603422805240.9	170046970811494
1348.9628825917	-200757893353619	-228738305532909	1986897669782320	-45188556798688.2	166556687445594
1380.3842646029	-197277664130570	-224897108527332	1969066212243900	-44742513072207.7	163047703829471
1412.5375446228	-193737767209626	-220989964316085	1950883856411490	-44264258969629.7	159522415745985
1445.4397707459	-190138601466661	-217017304731663	1932348876836890	-43752761834786.2	155983218977999
1479.1083881682	-186480565777547	-212979561606560	1913459548071920	-43206989011508.2	152432509308374
1513.5612484362	-182764059018158	-208877166773273	1894214144668400	-42625907843627.4	148872682519970
1548.8166189125	-178989480064367	-204710552064296	1874610941178150	-42008485674974.7	145306134395652
1584.8931924611	-175157227792046	-200480149312126	1854648212152960	-41353689849381.7	141735260718278
1621.8100973589	-171267701077070	-196186390349256	1834324232144670	-40660487710680	    138162457270712
1659.5869074376	-167321298795312	-191829707008184	1813637275705080	-39927846602700.7	134590119835814
1698.2436524618	-163318419822644	-187410531121403	1792585617386010	-39154733869275.3	131020644196446
1737.8008287494	-159259463034940	-182929294521410	1771167531739280	-38340116854234.9	127456426135471
1778.2794100389	-155144827308073	-178386429040700	1749381293316690	-37482962901411.2	123899861435748
1819.70085861	-150974911517917	-173782366511768	1727225176670070	-36582239354635.3	120353345880140
1862.0871366629	-146750114540344	-169117538767110	1704697456351220	-35636913557738.9	116819275251509
1905.4607179633	-142470835251228	-164392377639220	1681796406911970	-34645952854552.9	113300045332716
1949.8445997581	-138137472526441	-159607314960594	1658520302904120	-33608324588909	    109798051906622
1995.2623149689	-133750425241858	-154762782563728	1634867418879500	-32522996104638.4	106315690756089
2041.7379446695	-129310691753003	-149859868119761	1610838146521470	-31389338396951.3	102855377958808
2089.2961308541	-124822542702016	-144903239224538	1586444433971170	-30208925810246.3	99419640372712
2137.9620895022	-120291359709485	-139898778898979	1561702152918330	-28984080750980.4	96011042466880.4
2187.7616239496	-115722525303614	-134852371156945	1536627178257990	-27717126236741  	92632148741120.8
2238.7211385683	-111121422012607	-129769900012297	1511235384885230	-26410385285116.2	89285523695240.2
2290.8676527678	-106493432364668	-124657249478899	1485542647695130	-25066180913694	    85973731829046
2344.2288153199	-101843938888001	-119520303570612	1459564841582730	-23686836140062.5	82699337642345.1
2398.8329190195	-97178324110811.8	-114364946301299	1433317841443120	-22274673981809.7	79464905634945.2
2454.708915685	-92501970561303	    -109197061684822	1406817522171350	-20832017456523.2	76273000306652.8
2511.8864315096	-87820260767679.6	-104022533735042	1380079758662500	-19361189581791.5	73126186157275.7
2570.3957827689	-83138577258145.4	-98847246465823.3	1353120425811620	-17864513375202	    70027027686620.7
2630.2679918954	-78462302560905.1	-93677083891026.8	1325955398513800	-16344311854342.9	66978089394495.4
2691.5348039269	-73796819204162.5	-88517930024514.8	1298600551664090	-14802908036802.3	63981935780706.4
2754.2287033382	-69147509716122.1	-83375668880149.9	1271071760157560	-13242624940168.1	61041131345061.4
2818.3829312645	-64519756624987.7	-78256184471793.9	1243384898889280	-11665785582027.9	58158240587367.4
2884.0315031266	-59918942458964.1	-73165360813309.4	1215555842754310	-10074712979970.2	55335828007431.5
2951.2092266664	-55350449746255.1	-68109081918558.2	1187600466647730	-8471730151582.48	52576458105061.1
3019.951720402	-50819661015065.2	-63093231801402.9	1159534645464590	-6859160114453.12	49882695380063.2
3090.2954325136	-46331958793598.3	-58123694475705.3	1131374254099970	-5239325886169.85	47257104332245
3162.2776601684	-41892725610059	    -53206353955328  	1103135167448930	-3614550484320.67	44702249461413.9
3235.9365692963	-37507343992651.2	-48347094254132.9	1074833260406540	-1987156926493.47	42220695267376.8
3311.3112148259	-33181196469579.4	-43551799385982.4	1046484407867870	-359468230276.406	39815006249941
3388.441561392	-28919665569047.5	-38826353364738.6	1018104484727980	1266192586742.72	37487746908913.8
3467.3685045253	-24728133819260	    -34176640204263.8	989709365881938  	2887502506975.89	35241481744102.3
3548.1338923358	-20611983748420.9	-29608543918420	    961314926224812	    4502138512835.3	    33078775255313.6
3630.780547701	-16576597884734.7	-25127948521069.8	932937040651670	    6107777586732.7	    31002191942355.2
3715.3522909717	-12627358756405.2	-20740738026074.9	904591584057578	    7702096711080.42	29014296305033.8
3801.8939632056	-8769648891637.15	-16452796447298	    876294431337603	    9282772868290.22	27117652843157.1
3890.4514499428	-5008850818634.5	-12270007798601	    848061457386812	    10847483040774.3	25314826056531.9
3981.071705535	-1350347065601.26	-8198256093846.08	819908537100270	12393904210944.8	23608380444965.5
4073.8027780411	2200873141434.94	-4243005045367.73	791851563181333	13919753857935.6	22000434639554
4168.6938347034	5642783976905.03	-406551533955.562	763906562512842	15423054590148.2	20489747799667.9
4265.7951880159	8974710316509.02	3310250983615.22	736089623135902	16901968092187.8	19073547856351.3
4365.1583224017	12195983904410.7	6906556390538.76	708416833402605	18354656755877.9	17749054954184.8
4466.8359215096	15305936484773.6	10381518570008.7	680904281665053	19779282973041.7	16513489237749.2
4570.8818961488	18303899801761.7	13734291405219.3	653568056275340	21174009135502.5	15364070851625.1
4677.351412872	21189205599538.3	16964028779364	626424245585566	22536997635083.7	14298019940393.4
4786.3009232264	23961185622267.3	20069884575637.2	599488937947825	23866410863608.5	13312556648634.7
4897.7881936845	26619171614112.3	23051012677232.4	572778221714216	25160411212900.2	12404901120929.7
5011.8723362727	29162495319237.1	25906566967343.8	546308185236836	26417161074782.1	11572273501859.2
5128.6138399137	31590488481805.2	28635701329165	520094916867783	27634822841077.5	10811893936003.8
5248.0746024977	33902482845980.4	31237569645890.2	494154504959152	28811558903609.7	10120982567944.3
5370.3179637025	36097810155926.4	33711325800713	468503037863043	29945531654202	9496759542261.34
5495.4087385763	38175802155806.8	36056123676827.7	443156603931551	31034903484677.6	8936445003535.66
5623.4132519035	40135790589785.3	38271117157427.8	418131291516775	32077836786859.9	8437259096347.99
5754.3993733716	41977107202025.6	40355460125707.4	393443188970810	33072493952572.2	7996421965279.02
5888.4365535559	43699083736691.3	42308306464860.4	369108384645756	34017037373637.7	7611153754909.48
6025.5958607436	45301051937946.2	44128810058080.7	345142966893707	34909629441879.7	7278674609820.06
6165.9500186148	46782343549953.9	45816124788562.1	321563024066764	35748432549121.6	6996204674591.5
6309.5734448019	48142290316878.1	47369404539498.7	298384644517020	36531609087186.6	6760964093804.48
6456.5422903466	49380223982882.5	48787803194084.1	275623916596576	37257321447898	6570173012039.74
6606.934480076	50495476292130.7	50070474635512.5	253296928657527	37923732023079.2	6421051573877.97
6760.8297539198	51487378988786.4	51216572746977.6	231419769051972	38529003204553.3	6310819923899.9
6918.3097091894	52355380187951.4	52225380167338.4	210008182756613	39071383833751.7	6236718385325.59
7079.4578438414	53101668430368.7	53099211609709.3	189069828582068	39551158558694.9	6196462469266.87
7244.3596007499	53731208656265.8	53843453663805.7	168604173024953	39970674558230.7	6188249112566.75
7413.1024130092	54249089371961.4	54463629635901	148610317975771	40332370805948	6210296678341.97
7585.7757502918	54660399083773.5	54965262832268.7	129087365325031	40638686275435.2	6260823529709.24
7762.4711662869	54970226298020.7	55353876559182.2	110034416963235	40892059940281.3	6338048029785.38
7943.2823472428	55183659521021.2	55634994122915.1	91450574780891	41094930774074.8	6440188541687.08
8128.305161641	55305787259093.4	55814138829740.8	73334940668502.4	41249737750404.5	6565463428531.13
8317.6377110267	55341698018555.5	55896833985932.7	55686616516576.2	41358919842859	6712091053434.23
8511.3803820238	55296480305725.9	55888602897764.4	38504704215616.4	41424916025027	6878289779513.18
8709.6358995608	55175222626923	55794968871509.3	21788305656130	41450165270497.1	7062277969884.7
8912.5093813375	54983013488465	55621455213441	5536522728620.77	41437106552858.2	7262273987665.54
9120.1083935591	54724941396670.3	55373585229832.8	-10251542676404.3	41388178845698.8	7476496195972.47
9332.5430079699	54406094857857.3	55056882226958.2	-25576788668441.2	41305821122607.7	7703162957922.22
9549.9258602144	54031562378344.1	54676869511090.8	-40440113356983.2	41192472357173.6	7940492636631.55
9772.3722095581	53606432464449.3	54239070388504	-54842414851526.1	41050571522985	8186703595217.22
10000	53135793622491.1	53749008165471.2	-68784591261563.3	40882557593630.8	8440014196795.92
10232.9299228075	52624734358787.8	53212206148266.1	-82267540696590	40690869542699.6	8698642804484.47
10471.285480509	52078343179657.7	52634187643161.8	-95292161266101.8	40477946343780.1	8960807781399.61
10715.1930523761	51501708591419.2	52020475956432.1	-107859351079591	40246226970461	9224727490658.04
10964.7819614319	50899919100390.7	51376594394350.4	-119970008246554	39998150396330.9	9488620295376.55
11220.1845430196	50278063212890.4	50708066263190.1	-131625030876484	39736155594978.6	9750704558671.87
11481.5362149688	49641229435236.7	50020414869224.6	-142825317078877	39462681539992.8	10009198643660.8
11748.9755493953	48994501729715.3	49319158811280	-153571774157025	39180165283778.7	10262323152239.3
12022.6443461741	48341949797786.7	48608765951937.1	-163867361536372	38890615056772	10508798397980
12302.6877081238	47685354855360.2	47891333368417.8	-173719668863476	38595071534655.6	10748472198272.3
12589.2541179417	47026184474635.3	47168633214802.7	-183136920370386	38294442786873.4	10981346898236.5
12882.4955169314	46365906227811.5	46442437645172.2	-192127340289152	37989636882869.2	11207424842993.1
13182.5673855641	45705987687088.4	45714518813606.6	-200699152851822	37681561892087.2	11426708377662.4
13489.6288259165	45047896424665.5	44986648874186.4	-208860582290445	37371125883971.1	11639199847364.8
13803.8426460288	44393100012742.2	44260599980991.9	-216619852837071	37059236927964.8	11844901597220.6
14125.3754462276	43743066023518.2	43538144288103.7	-223985188723749	36746803093512.3	12043815972350.3
14454.3977074593	43099262029193	42821053949602	-230964814182528	36434732450057.5	12235945317874.3
14791.0838816821	42463155601966.1	42111101119567.4	-237566953445458	36123933067044.3	12421291978912.9
15135.6124843621	41836214314037	41410057952080.1	-243799830744587	35815313013916.7	12599858300586.6
15488.1661891248	41219905737605.2	40719696601220.6	-249671670311965	35509780360118.4	12771646628015.7
15848.9319246111	40615697444870.3	40041789221069.3	-255190696379641	35208243175093.6	12936659306320.6
16218.1009735893	40025057008031.9	39378107965706.7	-260365133179663	34911609528286	13094898680621.6
16595.8690743756	39449451999289.3	38730424989213.2	-265203204944082	34620787489139.6	13246367096039.3
16982.4365246175	38890349990842.1	38100512445668.9	-269713135904947	34336685127098.2	13391066897693.9
17378.0082874938	38349218554890	37490142489154.6	-273903150294306	34060210511605.9	13529000430705.8
17782.7941003892	37827525263632.4	36901087273750.6	-277781472344209	33792271712106.6	13660170040195.5
18197.0085860998	37326737689268.9	36335118953537.2	-281356326286705	33533776798044	13784578071283.3
18620.8713666287	36848323403998.8	35794009682594.8	-284635936353843	33285633838862.3	13902226869089.7
19054.6071796325	36393749980021.9	35279531615003.9	-287628526777672	33048750904005.2	14013118778734.9
19498.4459975805	35964484989537.6	34793456904844.8	-290342321790242	32824036062916.7	14117256145339.4
19952.6231496888	35561996004745.4	34337557706198.1	-292785545623602	32612397385040.7	14214641314023.6
20417.3794466953	35187467356848.4	33913277890790.9	-294966274505790	32414574661059.7	14305293097797.6
20892.9613085404	34840537293342.5	33520269386373.5	-296891776778298	32230389124474.4	14389320200387.9
21379.6208950223	34520319148756.8	33157575735377.9	-298569046495969	32059350148197.1	14466861844439.6
21877.6162394955	34225925828791.4	32824239983213.5	-300005077489563	31900966850364.4	14538057277530.1
22387.2113856834	33956470239146.4	32519305175289.9	-301206863589844	31754748349113.1	14603045747236.8
22908.6765276777	33711065285521.7	32241814357016.9	-302181398627572	31620203762579.9	14661966501137.3
23442.2881531992	33488823873617.6	31990810573804	-302935676433511	31496842208901.6	14714958786809.1
23988.3291901949	33288858909134.1	31765336871060.8	-303476690838422	31384172806214.8	14762161851829.6
24547.0891568503	33110283297771.1	31564436294196.9	-303811435673066	31281704672656.4	14803714943776.4
25118.8643150958	32952209945228.8	31387151888622	-303946904768207	31188946926362.9	14839757310226.8
25703.9578276886	32813751757207.2	31232526699745.6	-303890091954606	31105408685471.3	14870428198758.5
26302.6799189538	32694021639406.4	31099603772977.4	-303647991063025	31030599068118.1	14895866856948.9
26915.3480392691	32592132497526.5	30987426153727	-303227595924226	30964027192440.1	14916212532375.5
27542.2870333817	32507197237267.4	30895036887404	-302635900368971	30905202176574.1	14931604472615.7
28183.8293126445	32438328764329.3	30821479019418	-301879898228022	30853633138656.7	14942181925247.1
28840.3150312661	32384639984412.3	30765795595178.7	-300966583332141	30808829196824.8	14948084137847.1
29512.0922666638	32345243803216.3	30727029660095.6	-299902949512091	30770299469215	14949450357993.3
30199.5172040202	32319253126441.5	30704224259578.3	-298695990598632	30737553073964	14946419833263.1
30902.9543251359	32305780859787.9	30696422439036.5	-297352700422528	30710099129208.6	14939131811234
31622.7766016838	32303939908955.5	30702667243879.8	-295880072814540	30687446753085.5	14927725539483.5
32359.3656929628	32312843179644.5	30722001719517.7	-294285101605429	30669105063731.5	14912340265589
33113.1121482591	32331603577554.8	30753468911360	-292574780625959	30654583179283.2	14893115237128.2
33884.4156139203	32359334008386.6	30796111864816.2	-290756103706892	30643390217877.5	14870189701678.4
34673.6850452532	32395147377839.9	30848973625295.9	-288836064678988	30635035297650.9	14843702906817.1
35481.3389233575	32438156591614.8	30911097238208.8	-286821657373011	30629027536740.4	14813794100121.8
36307.8054770102	32487474555411.3	30981525748964.4	-284719875619721	30624876053282.5	14780602529170.1
37153.5229097173	32542214174929.5	31059302202972.4	-282537713249882	30622089965414	14744267441539.4
38018.9396320561	32601488355869.3	31143469645642.3	-280282164094255	30620178391271.6	14704928084807.1
38904.514499428	32664410003931	31233071122383.9	-277960221983602	30618650448992.1	14662723706550.9
39810.7170553498	32730092024814.7	31327149678606.7	-275578880748685	30617015256712.3	14617793554348.1
40738.0277804113	32797692215742	31424792457572.7	-273144774409800	30614811754525.4	14570277076272
41686.9383470335	32866706616548.8	31525418865123.8	-270661825935628	30611803581001.5	14520315231064.4
42657.9518801593	32936785436152.8	31628599750517.8	-268132722612764	30607856791013.1	14468049666021.4
43651.5832240166	33007579667438.3	31733906733119.1	-265560145444226	30602837960230.7	14413622031940.2
44668.3592150963	33078740303289.4	31840911432291.9	-262946775433031	30596613664325	14357173979618.4
45708.8189614875	33149918336590.5	31949185467400.3	-260295293582198	30589050478966.5	14298847159853.3
46773.5141287198	33220764760225.9	32058300457808.5	-257608380894744	30580014979825.9	14238783223442.2
47863.0092322638	33290930567079.8	32167828022880.9	-254888718373686	30569373742573.5	14177123821182.7
48977.8819368447	33360066750036.6	32277339781981.6	-252138987022041	30556993342880.2	14114010603872
50118.7233627272	33427824301980.4	32386407354474.9	-249361867842828	30542740356416.3	14049585222307.6
51286.1383991365	33493854215795.6	32494602359724.9	-246560041839063	30526481358852.5	13983989327286.8
52480.7460249772	33557807484366.4	32601496417095.9	-243736190013765	30508082925859.4	13917364569607.1
53703.1796370253	33619335100577.1	32706661145952.1	-240892993369951	30487411633107.6	13849852600065.9
54954.0873857625	33678088057312	32809668165657.7	-238033132910638	30464334056267.5	13781595069460.5
56234.1325190349	33733717347455.4	32910089095577	-235159289638845	30438716771009.9	13712733628588.3
57543.9937337157	33785873963891.6	33007495555074.1	-232274144557588	30410426353005.2	13643409928246.7
58884.365535559	33834208899504.7	33101459163513.4	-229380378669885	30379329377924	13573765619233.2
60255.9586074358	33878373147179.1	33191551540258.9	-226480672978753	30345292421437	13503942352345.1
61659.5001861482	33918017699799.1	33277344304675	-223577708487211	30308182059214.7	13434081778379.8
63095.7344480193	33952793550248.9	33358409076125.8	-220674166198275	30267864866927.6	13364325548134.7
64565.4229034656	33982351691412.9	33434317473975.7	-217772727114964	30224207420246.4	13294815312407.1
66069.3448007596	34006343116175.2	33504641117588.7	-214876072240294	30177076294841.6	13225692721994.6
67608.2975391982	34024418817420.2	33568951626329.1	-211986882577284	30126338066383.8	13157099427694.4
69183.0970918936	34036234390874	33626825831365.9	-209107795615713	30071860619676.2	13089174588295.7
70794.5784384139	34041553824838.2	33677963296945.2	-206240424149730	30013542668357.9	13021998678146.6
72443.5960074991	34040250923070.6	33722187931519.9	-203385342826570	29951314159597.6	12955592716797.9
74131.0241300918	34032204376761.6	33759329177590.4	-200543080089830	29885106430639.2	12889975077712.3
75857.7575029184	34017292877102	33789216477657.6	-197714164383107	29814850818726.8	12825164134352.6
77624.7116628691	33995395115282.5	33811679274221.9	-194899124149999	29740478661104.5	12761178260181.8
79432.8234724282	33966389782493.7	33826547009784	-192098487834101	29661921295016.3	12698035828662.6
81283.05161641	33930155569926.2	33833649126844.5	-189312783879013	29579110057706.3	12635755213258
83176.3771102671	33886571168770.7	33832815067904	-186542540728330	29491976286418.6	12574354787430.7
85113.8038202376	33835515270217.8	33823874275463.2	-183788286825650	29400451318397.2	12513852924643.5
87096.3589956081	33776866565458.3	33806656192022.7	-181050550614570	29304466490886.3	12454267998359.3
89125.0938133746	33710503745682.7	33780990260083.1	-178329860538686	29203953141129.7	12395618382041
91201.083935591	33636305502081.8	33746705922145	-175626745041598	29098842606371.7	12337922449151.4
93325.4300796991	33554150525846.1	33703632620709	-172941732566901	28989066223856.3	12281198573153.3
95499.2586021437	33463917508166.3	33651599798275.7	-170275351558192	28874555330827.5	12225465127509.6
97723.7220955811	33365485140233.1	33590436897345.8	-167628130459069	28755241264529.4	12170740485683.1
100000	33258732113237.2	33519973360419.9	-165000597713128	28631055362206.1	12117043021136.6
102329.299228075	33143537118369.1	33440038629998.7	-162393281763968	28501928961101.6	12064391107332.9
104712.85480509	33019778846819.6	33350462148582.6	-159806711055185	28367793398460	12012803117735
107151.930523761	32887335989779.2	33251073358672.4	-157241414030376	28228580011525.4	11962297425805.7
109647.819614319	32746087238438.7	33141701702768.7	-154697919133139	28084220137541.8	11912892405007.7
112201.845430196	32595911283988.7	33022176623372	-152176754807070	27934645113753.3	11864606428804
114815.362149688	32436686817619.8	32892327562983.1	-149678449495767	27779786277403.9	11817457870657.3
117489.755493953	32268293103756	32751984622588	-147203531151872	27619575289916.3	11771464982865.8
120226.443461741	32090737356618	32601124881889.3	-144752418143337	27454016171679.9	11726618972886.7
123026.877081238	31904315484669.7	32440057049949.9	-142325281581223	27283276207253.4	11682850026666.4
125892.541179417	31709362962774.5	32269135286617	-139922258689302	27107545057032.3	11640079966973.1
128824.955169314	31506215265795.8	32088713751737.7	-137543486691348	26927012381412.3	11598230616575
131825.673855641	31295207868596.8	31899146605159.1	-135189102811133	26741867840788.8	11557223798240.1
134896.288259165	31076676246041	31700788006728.4	-132859244272430	26552301095557.5	11516981334736.5
138038.426460288	30850955872991.6	31493992116292.6	-130554048299011	26358501806114	11477425048832.5
141253.754462276	30618382224312	31279113093698.8	-128273652114649	26160659632853.7	11438476763296.1
144543.977074593	30379290774865.7	31056505098794.3	-126018192943118	25958964236172.3	11400058300895.4
147910.838816821	30134016999515.8	30826522291426.2	-123787808008189	25753605276465.3	11362091484398.5
151356.124843621	29882896373125.8	30589518831441.5	-121582634533635	25544772414128.3	11324498136573.6
154881.661891248	29626264370559.1	30345848878687.3	-119402809743228	25332655309556.8	11287200080188.8
158489.319246111	29364456466678.9	30095866593010.9	-117248470860743	25117443623146.5	11250119138012.3
162181.009735893	29097808136348.6	29839926134259.4	-115119755109951	24899327015292.9	11213177132812.1
165958.690743756	28826654854431.6	29578381662279.7	-113016799714626	24678495146391.6	11176295887356.3
169824.365246175	28551332095791.1	29311587336919.2	-110939741898538	24455137676838	11139397224413.1
173780.082874938	28272175335290.7	29039897318024.9	-108888718885463	24229444267027.9	11102402966750.6
177827.941003892	27989520047793.5	28763665765443.9	-106863867899172	24001604577356.7	11065234937137
181970.085860998	27703701708163.1	28483246839023.3	-104865326163437	23771808268220.1	11027814958340.3
186208.713666287	27415055791262.6	28198994698610.3	-102893230902032	23540245000013.5	10990064853128.7
190546.071796325	27123917771955.4	27911263504052.1	-100947719338730	23307104433132.7	10951906444270.2
194984.459975805	26830623125105	27620407415195.7	-99028928697302.2	23072576227973	10913261554533.1
199526.231496888	26535507325574.6	27326780591888.2	-97136996201522.4	22836850044930.2	10874052006685.4
204173.794466953	26238880139410.3	27030713278886.8	-95272024162288.4	22600100743733.7	10834202769545.7
208929.613085404	25940910999923	26732405179355.7	-93433924317003.4	22362422394012.4	10793655984790
213796.208950223	25641721695867.7	26432011676106.4	-91622543701206.3	22123881636238.9	10752359624474.5
218776.162394955	25341433977075.8	26129688115742.8	-89837729297577.3	21884545088477.8	10710261665418.5
223872.113856834	25040169593378.8	25825589844868.8	-88079328088796.5	21644479368793.2	10667310084441.2
229086.765276777	24738050294608	25519872210088.6	-86347187057544.6	21403751095249.8	10623452858361.9
234422.881531992	24435197830595.1	25212690558005.8	-84641153186501.7	21162426885911.7	10578637964000
239883.291901949	24131733951171.4	24904200235224.6	-82961073458348.3	20920573358843.5	10532813378174.6
245470.891568503	23827780406168.3	24594556588348.8	-81306794855764.7	20678257132109.4	10485927077705
251188.643150958	23523458945417.4	24283914963982.3	-79678164361430.9	20435544823773.8	10437927039410.6
257039.578276886	23218891318750.2	23972430708729.2	-78075028958027.7	20192503051901.3	10388761240110.6
263026.799189538	22914199275998	23660259169193.3	-76497235628235.3	19949198434556	10338377656624.3
269153.480392691	22609504566992.4	23347555691978.7	-74944631354733.8	19705697589802.4	10286724265770.9
275422.870333817	22304928941564.8	23034475623689.1	-73417063120203.6	19462067135704.9	10233749044369.8
281838.293126445	22000594149546.6	22721174310928.6	-71914377907325.4	19218373690327.9	10179399969240.2
288403.150312661	21696621940769.4	22407807100301.2	-70436422698779.1	18974683871735.8	10123625017201.4
295120.922666638	21393134065064.5	22094529338410.7	-68983044477245.3	18731064297992.8	10066372165072.7
301995.172040202	21090252272263.5	21781496371861  	-67554090225404	    18487581587163.5	10007589389673.3
309029.543251359	20788098312197.8	21468863547256.2	-66149406925935.9	18244302357312.1	9947224667822.54
316227.766016838	20486793934698.8	21156786211200.2	-64768841561521.2	18001293226503.1	9885225976339.71
323593.656929628	20186460889598.1	20845419710296.9	-63412241114840.2	17758620812800.9	9821541292044.07
331131.121482591	19887220926727.1	20534919391150.2	-62079452568573.1	17516351734269.8	9756118591754.89
338844.156139203	19589195795917.2	20225440600364.2	-60770322905400.6	17274552608974.2	9688905852291.46
346736.850452532	19292507246999.9	19917138684542.6	-59484699108002.7	17033290054978.5	9619851050473.05
354813.389233575	18997277029806.8	19610168990289.6	-58222428159059.9	16792630690347.1	9548902163118.94
363078.054770102	18703626894169.1	19304686864208.9	-56983357041252.3	16552641133144.3	9476007167048.4
371535.229097173	18411678589918.4	19000847652904.5	-55767332737260.5	16313388001434.5	9401114039080.72
380189.396320561	18121553866886.2	18698806702980.5	-54574202229764.8	16074937913282.2	9324170756035.18
389045.14499428	    17833374474903.9	18398719361040.7	-53403812501445.4	15837357486751.7	9245125294731.06
398107.170553498	17547262163802.9	18100740973689   	-52256010534982.7	15600713339907.4	9163925631987.6
407380.277804113	17263328495352.8	17805014276306.8	-51130621192266.1	15365068618562.6	9080530724633.22
416869.383470336	16981608267680.2	17511586982927.6	-50027302662419.4	15130460306280.5	8994982260195.13
426579.518801593	16702101290475.1	17220463497388.5	-48945637166056.3	14896913462017.2	8907359634388.04
436515.832240166	16424807195507.6	16931648003289.8	-47885206537482.4	14664453084091.3	8817742434676.88
446683.592150964	16149725614547.5	16645144684231.7	-46845592611003.2	14433104170820.9	8726210248526.6
457088.189614875	15876856179364.9	16360957723814.5	-45826377220924.7	14202891720524.6	8632842663402.16
467735.141287198	15606198521729.8	16079091305638.3	-44827142201552.4	13973840731520.6	8537719266768.5
478630.092322638	15337752273412	15799549613303.3	-43847469387192	13745976202127.5	8440919646090.58
489778.819368447	15071517066181.6	15522336830409.7	-42886940612148.9	13519323130663.4	8342523388833.32
501187.233627272	14807492531808.6	15247457140557.8	-41945137710729.1	13293906515446.9	8242610082461.7
512861.383991365	14545678302062.8	14974914727347.8	-41021642517238.1	13069751354796.2	8141259314440.66
524807.460249772	14286074008714.4	14704713774379.8	-40116036865981.5	12846882647029.8	8038550672235.13
537031.796370253	14028679283533.2	14436858465254	-39227902591265.1	12625325390466	7934563743310.08
549540.873857625	13773493758289.3	14171352983570.8	-38356821527394.4	12405104583423.2	7829378115130.45
562341.325190349	13520517064752.5	13908201512930.2	-37502375508675.1	12186245224219.8	7723073375161.19
575439.937337157	13269748834693	13647408236932.6	-36664146369413	11968772311174.2	7615729110867.24
588843.65535559	13021188699880.5	13388977339178	-35841715943913.5	11752710842604.7	7507424909713.56
602559.586074358	12774836292085.2	13132913003266.7	-35034666066482.4	11538085816829.6	7398240359165.09
616595.001861482	12530691243077	12879219412798.9	-34242578571425.4	11324922232167.5	7288255046686.78
630957.344480193	12288753184625.8	12627900751374.9	-33465035293048.1	11113245086936.6	7177548559743.59
645654.229034656	12049021748501.7	12378961202594.7	-32701618065656	10903079379455.3	7066200485800.43
660693.448007596	11811496566474.6	12132404950058.7	-31951908723555	10694450108042	6954290412322.3
676082.975391982	11576177270314.4	11888236177367.1	-31215489101050.7	10487382271015.1	6841897926774.12
691830.970918936	11343064222422.4	11646459662387.9	-30491946840103.3	10281901283910.5	6729102507367.44
707945.784384139	11112174990872.6	11407094177438.2	-29781006347453	10078042387343.4	6615981059499.46
724435.960074991	10883544575273	11170172672990.1	-29082530589945.4	9875850775983.6	6502607881979.49
741310.241300918	10657208751037.2	10935728730527.2	-28396388701164.2	9675372087514.33	6389057157608.3
758577.575029184	10433203293578.7	10703795931533	-27722449814693.7	9476651959619.06	6275403069186.7
776247.116628691	10211563978311.1	10474407857490.9	-27060583064117.9	9279736029981.21	6161719799515.49
794328.234724282	9992326580647.84	10247598089884.3	-26410657583020.8	9084669936284.19	6048081531395.46
812830.5161641	9775526876002.66	10023400210196.8	-25772542504986.7	8891499316211.45	5934562447627.42
831763.771102671	9561200639789.05	9801847799911.89	-25146106963599.4	8700269807446.4	5821236731012.18
851138.038202376	9349383647420.59	9582974440512.96	-24531220092443.2	8511027047672.47	5708178564350.51
870963.589956081	9140111674310.81	9366813713483.51	-23927751025102.1	8323816674573.05	5595462130443.23
891250.938133746	8933420495873.32	9153399200307.03	-23335568895160.1	8138684325831.62	5483161612091.14
912010.83935591	8729345887521.68	8942764482467	-22754542836201.4	7955675639131.57	5371351192095.03
933254.300796991	8527923624669.43	8734943141446.87	-22184541981810	7774836252156.32	5260105053255.71
954992.586021437	8329189482730.13	8529968758730.12	-21625435465569.9	7596211802589.28	5149497378373.95
977237.220955811	8133179237117.39	8327874915800.25	-21077092421065.4	7419847928113.92	5039602350250.6
1000000	7939928663244.75	8128695194140.71	-20539381981880.5	7245790266413.63	4930494151686.42
1023292.99228075	7750195144231.1	7933211104906.25	-20015925650017.6	7074605668958.94	4822053964708.95
1047128.5480509	7563179028938.31	7740593742122.22	-19501958226893.3	6905747124576.52	4714622978193.07
1071519.30523761	7378919430260.68	7550879675847.63	-18997466105675.5	6739258004919.99	4608254657704.26
1096478.19614319	7197451378110.17	7364101363212.93	-18502428133210.9	6575177715470.62	4502999370326.43
1122018.45430196	7018805921824.79	7180287255917.51	-18016815914844.6	6413541789291.65	4398904420539.82
1148153.62149688	6843010235399.04	6999461910319.7	-17540594117521.1	6254381983890.19	4296014090857.47
1174897.55493953	6670087725195.51	6821646099780.63	-17073720770710.4	6097726380838.92	4194369686909.9
1202264.43461741	6500058139804.98	6646856928931.74	-16616147564727.5	5943599487818.63	4094009586668.92
1230268.77081238	6332937681733.46	6475107949547.41	-16167820146037.4	5792022342753.11	3994969293504.61
1258925.41179417	6168739120603.5	6306409277713.34	-15728678409165.6	5643012619717.93	3897281492772.72
1288249.55169314	6007471907568.72	6140767711993.61	-15298656784853.7	5496584736315.49	3800976111634.46
1318256.73855641	5849142290650.48	5978186852309.43	-14877684524129.2	5352749962219.61	3706080381815.5
1348962.88259165	5693753430718.03	5818667219255.28	-14465685977978.5	5211516528604.83	3612618905017.12
1380384.26460289	5541305517843.71	5662206373589.08	-14062580872336.8	5072889738186.68	3520613720698.83
1412537.54462276	5391795887777.4	5508799035645.23	-13668284578132.1	4936872075611.61	3430084375959.07
1445439.77074593	5245219138295.65	5358437204431.47	-13282708376140.2	4803463317946.39	3341047997247.76
1479108.38816821	5101567245193.21	5211110276182.59	-12905759716433.6	4672660645030.23	3253519363653.33
1513561.24843621	4960829677696.39	5066805162155.92	-12537342472224.1	4544458749463.27	3167510981514.61
1548816.61891248	4822993513089.81	4925506405466.06	-12177357187921.8	4418849946018.81	3083033160117.13
1584893.19246111	4688043550360.05	4787196296767.92	-11825701321253.5	4295824280277.92	3000094088243.01
1621810.09735893	4555962422671.46	4651854988609.41	-11482269479300.6	4175369636297.07	2918699911352.03
1659586.90743756	4426730708501.46	4519460608286.98	-11146953648337.9	4057471843131.68	2838854809182.13
1698243.65246175	4300327041274.08	4389989369048.65	-10819643417371.4	3942114780050.39	2760561073566.84
1737800.82874938	4176728217342.29	4263415679501.22	-10500226195289.5	3829280480285.76	2683819186276.99
1778279.41003892	4055909302180.5	4139712251088.79	-10188587421561.2	3718949233179.49	2608627896704.59
1819700.85860998	3937843734660.39	4018850203522	-9884610770428.23	3611099684590.64	2534984299215.87
1862087.13666287	3822503429293.67	3900799168047.11	-9588178348555.38	3505708935446.91	2462883910011.48
1905460.71796325	3709858876336.1	3785527388455.36	-9299170886115.88	3402752638329.3	2392320743341.08
1949844.59975805	3599879239657.42	3673001819743.02	-9017467921304.08	3302205091991.2	2323287386929.71
1995262.31496888	3492532452292.07	3563188224342.49	-8742947978280.41	3204039333722.84	2255775076483.07
2041737.94466953	3387785309595.19	3456051265854.75	-8475488738565.11	3108227229482	2189773769148.58
2089296.13085404	3285603559937.83	3351554600222.41	-8214967205910.84	3014739561721.45	2125272215818.46
2137962.08950223	3185951992884.51	3249660964291.9	-7961259864693.04	2923546114852.27	2062258032170.18
2187761.62394955	3088794524804.81	3150332261721.81	-7714242831869.53	2834615758291.66	2000717768349.26
2238721.13856834	2994094281879.51	3053529646202.8	-7473792002569.24	2747916527051.73	1940636977207.66
2290867.65276777	2901813680469.39	2959213601962.38	-7239783189379.36	2663415699834.28	1882000281020.04
2344228.81531992	2811914504822.78	2867344021535.24	-7012092255408.86	2581079874603.82	1824791436608.06
2398832.91901949	2724357982105.34	2777880280787.52	-6790595241214.24	2500875041619.11	1768993398811.76
2454708.91568503	2639104854742.28	2690781311189.51	-6575168485680.28	2422766653909.72	1714588382253.83
2511886.43150958	2556115450070.18	2606005669338.56	-6365688740955.6	2346719695191.54	1661557921350.98
2570395.78276886	2475349747301.53	2523511603739.2	-6162033281548.55	2272698745220.63	1609882928533.17
2630267.99189538	2396767441811.23	2443257118854.16	-5964080007694.92	2200668042591.48	1559543750638.86
2691534.80392691	2320328006759.75	2365200036444.54	-5771707543113.77	2130591544990.87	1510520223460.58
2754228.70333817	2245990752072.82	2289298054222.93	-5584795327271.89	2062432986923.62	1462791724421.66
2818382.93126445	2173714880802.43	2215508801847.76	-5403223702281.88	1996155934931.8	1416337223370.78
2884031.50312661	2103459542898.41	2143789894291.67	-5226873994562.01	1931723840333.21	1371135331486.66
2951209.22666638	2035183886424.01	2074098982620.36	-5055628591389.15	1869100089509.06	1327164348290.41
3019951.72040202	1968847106252.78	2006393802222.72	-4889371012478.56	1808248051774.91	1284402306768.38
3090295.43251359	1904408490287.62	1940632218535.66	-4727985976726.83	1749131124872.34	1242827016612.45
3162277.66016838	1841827463246	1876772270310.67	-4571359464255.4	1691712778121.87	1202416105589.69
3235936.56929628	1781063628058.31	1814772210471.84	-4419378773894.13	1635956593281.05	1163147059056.93
3311311.21482591	1722076804929.02	1754590544617.33	-4271932576244.95	1581826303153.78	1124997257639.77
3388441.56139203	1664827068112.67	1696186067218.78	-4128910962466.49	1529285827999.82	1087944013099.07
3467368.50452532	1609274780458.49	1639517895574.81	-3990205488920.63	1478299309794.95	1051964602410.81
3548133.89233575	1555380625779.86	1584545501576.87	-3855709217822.49	1428831144394.82	1017036300088.82
3630780.54770102	1503105639105.86	1531228741346.62	-3725316754034.33	1380846011656.45	983136408781.601
3715352.29097173	1452411234873.81	1479527882805.78	-3598924278143.96	1334308903573.26	950242288177.798
3801893.96320561	1403259233122.59	1429403631239.85	-3476429575966.86	1289185150480.19	918331382256.275
3890451.4499428	1355611883747.7	1380817152918.43	-3357732064610.73	1245440445386.93	887381244919.148
3981071.70553498	1309431888879.47	1333730096834.92	-3242732815239.31	1203040866497.44	857369564047.518
4073802.77804113	1264682347403.58	1288104539508.43	-3131334536978.2	1161952818772.4	828274091344.011
4168693.83470335	1221326306931.51	1243902541995.92	-3023441374509.45	1122142566779.31	800072094202.659
4265795.18801593	1179327166013.33	1201086546844.28	-2918959102833.13	1083576653261.74	772740844185.367
4365158.32240167	1138648958795.02	1159619658839.11	-2817795264477.14	1046222195343.35	746257963273.968
4466835.92150964	1099256361242.76	1119465650667.25	-2719859174026.36	1010046890833.19	720601431436.388
4570881.89614875	1061114694980.58	1080588966209.46	-2625061919741.14	975019022156.23	695749591778.11
4677351.41287198	1024189930162.46	1042954722868.41	-2533316363023.95	941107459383.673	671681154984.601
4786300.92322638	988448687424.256	1006528712978.06	-2444537135845.15	908281662404.785	648375203084.474
4897788.19368447	953858238959.82	971277404339.611	-2358640636236.11	876511682281.289	625811192562.883
5011872.33627272	920386508764.967	937167939928.205	-2275545021955.44	845768161824.5	603968956854.158
5128613.83991365	888002072091.946	904168136813.728	-2195170202431.53	816022335434.636	582828708242.235
5248074.60249772	856674154156.173	872246484337.952	-2117437829081.9	787246028240.845	562371039196.994
5370317.96370253	826372628135.978	841372141589.311	-2042271284106.98	759411654579.591	542576923173.995
5495408.73857625	797068012505.125	811514934215.528	-1969595667853.51	732492215848.184	523427714904.648
5623413.25190349	768731467736.807	782645350613.228	-1899337784839.51	706461297769.221	504905150203.206
5754399.37337157	741334792416.861	754734537532.669	-1831426128530.47	681293067100.866	486991345316.405
5888436.5535559	714850418802.775	727754295134.512	-1765790864953.14	656962267826.849	469668795840.972
6025595.86074358	689251407864.078	701677071534.553	-1702363815230.87	633444216859.085	452920375233.52
6165950.01861482	664511443838.561	676475956871.143	-1641078437121.15	610714799284.905	436729332936.8
6309573.44480193	640604828337.746	652124676928.976	-1581869805633.83	588750463189.789	421079292145.532
6456542.29034656	617506474033.891	628597586351.756	-1524674592804.99	567528214085.615	405954247234.434
6606934.48007596	595191897959.748	605869661475.167	-1469431046699.29	547025608973.31	391338560870.352
6760829.75391982	573637214451.181	583916492810.427	-1416078969710.28	527220750067.911	377216960829.736
6918309.70918936	552819119923.642	562714269293.521	-1364559676576.78	508092271009.513	363574531433.76
7079457.84384139	532714716298.026	542239599633.69	-1314815548140.47	489619174776.803	350396599752.337
7244359.60074991	513301533102.112	522469534288.104	-1266790083470.25	471780854175.808	337668751184.854
7413102.41300918	494557708486.294	503381747888.546	-1220428350374.29	454557258374.861	325376948610.939
7585775.75029184	476461984955.006	484954534588.511	-1175676971501.29	437928889152.829	313507530765.14
7762471.16628693	458993696548.705	467166794788.912	-1132484089178.03	421876789281.885	302047204984.503
7943282.34724282	442132756121.661	449998021971.403	-1090799330650.66	406382530990.333	290983039964.734
8128305.161641	425859642724.036	433428289647.601	-1050573773744.51	391428204513.569	280302458532.516
8317637.71102671	410155389096.232	417438238431.964	-1011759912955.69	376996406740.885	269993230441.232
8511380.38202376	395001569282.934	402009063245.558	-974311625986.695	363070229965.176	260043465196.831
8709635.89956081	380380286373.722	387122500657.349	-938184140737.092	349633250742.22	250441604920.289
8912509.38133746	366274160376.667	372760816369.258	-903334002759.357	336669518865.67	241176417252.649
9120108.3935591	352666316230.796	358906792850.607	-869719043188.729	324163546463.465	232236988308.325
9332543.00796991	339540371962.889	345543717127.238	-837298347155.164	312100297220.941	223612715681.941
9549925.86021437	326880426993.554	332655368730.037	-806032222684.335	300465175735.448	215293301513.686
9772372.20955811	314671050597.176	320226007807.213	-775882170093.85	289244017006.94	207268745617.771
10000000	302897270519.81	308240363404.241	-746810851889.871	278423076068.534	199529338678.306
10232929.9228075	291544561758.804	296683621914.995	-718782063168.59	267989017760.737	192065655516.568
10471285.480509	280598835507.45	285541415707.195	-691760702526.151	257928906652.604	184868548433.343
10715193.0523761	270046428267.659	274799811924.937	-665712743479.872	248230197112.798	177929140629.735
10964781.9614318	259874091133.255	264445301470.702	-640605206402.889	238880723533.146	171238819709.553
11220184.5430196	250068979246.183	254464788168.936	-616406130973.688	229868690707.004	164789231266.117
11481536.2149688	240618641427.585	244845578112.943	-593084549141.29	221182664364.405	158572272556.072
11748975.5493953	231511009823.164	235575369033.463	-570610458251.805	212811561714.107	152580086141.818
12022644.3461741	222734355243.039	226642205187.158	-548954719336.684	204744609917.455	146805027956.711
12302687.7081238	214277241838.032	218034431587.052	-528088954094.046	196971303935.374	141239634827.594
12589254.1179417	206128594100.125	209740761158.574	-507985687440.974	189481469347.383	135876675571.18
12882495.5169314	198277697371.341	201750275055.597	-488618344858.86	182265263022.568	130709152569.185
13182567.3855641	190714187011.771	194052411581.805	-469961225069.741	175313163185.709	125730294865.132
13489628.8259165	183428037856.566	186636955408.863	-451989473456.406	168615959747.877	120933551439.883
13803842.6460289	176409553955.584	179494027084.82	-434679056209.241	162164744895.749	116312584662.24
14125375.4462276	169649358589.445	172614072826.311	-418006735183.106	155950903933.938	111861263911.018
14454397.7074593	163138384555.855	165987854588.156	-401950043447.737	149966106374.755	107573659365.016
14791083.8816821	156867864720.131	159606440404.11	-386487261515.509	144202297269.867	103444035957.357
15135612.4843621	150829322823.949	153461194992.566	-371597394230.599	138651688778.4	99466847490.6995
15488166.1891248	145014564546.438	147543770621.122	-357260148303.885	133306751966.118	95636730909.8721
15848931.9246111	139415668811.813	141846098224.028	-343455910478.187	128160208830.408	91948500728.5178
16218100.9735893	134024979337.838	136360378766.594	-330165726308.701	123205024545.824	88397143606.377
16595869.0743756	128835096419.509	131079074850.776	-317371279543.777	118434399925.105	84977813073.8872
16982436.5246175	123838868942.426	125994902556.223	-305054872091.416	113841764090.596	81685824400.8148
17378008.2874938	119029386620.41	121100823511.163	-293199404557.17	109420767351.114	78516649605.6822
17782794.1003892	114399972452.022	116390037187.624	-281788357339.342	105165274279.375	75465912602.7953
18197008.5860998	109944175390.731	111855973415.554	-270805772267.7	101069356985.188	72529384483.7313
18620871.3666287	105655763223.566	107492285110.53	-260236234772.124	97127288579.6922	69702978930.1788
19054607.1796325	101528715653.162	103292841209.803	-250064856567.923	93333536826.0032	66982747755.0837
19498445.9975805	97557217578.2392	99251719811.5572	-240277258844.737	89682757971.7082	64364876569.0872
19952623.1496888	93735652567.5951	95363201512.3323	-230859555946.297	86169790758.7465	61845680569.3041
20417379.4466953	90058592823.8472	91621759159.5756	-221798330671.457	82789647251.8998	59421597985.6397
20892961.3085404	86520777912.4998	88022036129.8448	-213080582701.66	79537493481.0246	57089176043.1498
21379620.8950223	83117124856.4277	84558856643.7831	-204693752156.977	76408658528.4174	54845077793.7212
21877616.2394955	79842729314.5377	81227226974.5319	-196625721823.42	73398635532.7972	52686083009.9306
22387211.3856834	76692859548.0021	78022329289.7146	-188864802132.572	70503076154.5022	50609084273.7029
22908676.5276777	73662950577.0591	74939515688.3722	-181399716619.562	67717785215.173	48611083186.8001
23442288.1531992	70748598528.0572	71974302432.4877	-174219587857.753	65038715511.5949	46689186703.1599
23988329.1901949	67945555164.7864	69122364366.9849	-167313923855.057	62461962798.2659	44840603579.3408
24547089.1568503	65249722598.3078	66379529522.2626	-160672604897.256	59983760933.4096	43062640939.435
25118864.3150958	62657148169.6796	63741773893.5125	-154285870824.123	57600477183.3175	41352700950.9239
25703957.8276886	60164019500.1361	61205216391.2396	-148144308724.621	55308607680.0566	39708277608.047
26302679.9189538	57766659703.4528	58766113957.5817	-142238841037.847	53104773027.7304	38126953619.3649
26915348.0392691	55461522755.3825	56420856843.1792	-136560714046.806	50985714052.6246	36606397396.2884
27542287.0333817	53245189015.2046	54165964039.5156	-131101486752.507	48948287692.7107	35144360139.4428
28183829.3126445	51114360894.5855	51998078861.7999	-125853020116.252	46989463022.1193	33738673019.8332
28840315.0312661	49065858669.0838	49913964677.6124	-120807466658.36	45106317406.3238	32387244451.8593
29512092.2666638	47096616427.7893	47910500776.686 	-115957260401.932	43296032783.9103	31088057455.3225
30199517.2040202	45203678156.712	    45984678377.3323	-111295107150.634	41555892070.9292	29839167103.6499
30902954.3251359	43384193951.677	    44133596765.1629	-106813975089.783	39883275683.9503	28638698055.6426
31622776.6016838	41635416356.6064	42354459559.8864	-102507085700.379	38275658178.0556	27484842168.1356
32359365.6929628	39954696823.2017	40644571106.0968	-98367904976.0376	36730604996.127	26375856187.0375
33113112.1482591	38339482288.1565	39001332984.0888	-94390134933.0923	35245769325.8882	25310059514.2887
33884415.6139203	36787311864.1512	37422240636.8618	-90567705404.4332	33818889061.2759	24285832048.3568
34673685.0452532	35295813640.9933	35904880109.5899	-86894766107.9437	32447783864.8128	23301612095.9524
35481338.9233575	33862701593.3856	34446924897.9538	-83365678980.6886	31130352327.7657	22355894352.7245
36307805.4770102	32485772591.9028	33046132901.8363	-79975010770.2695	29864569224.9607	21447227950.7582
37153522.9097173	31162903513.8723	31700343480.9991	-76717525875.0439	28648482861.2318	20574214570.7636
38018939.6320561	29892048450.9487	30407474609.4531	-73588179425.1494	27480212506.566	19735506616.9078
38904514.499428	28671236010.2772	29165520125.3477	-70582110596.5444	26357945917.1031	18929805452.3081
39810717.0553498	27498566706.2319	27972547073.2937	-67694636150.5005	25279936939.2323	18155859693.2567
40738027.7804113	26372211130.1417	26826693858.5591	-64921245912.3272	24244503791.4907	17412463964.7552
41686938.3470336	25290411698.949	25726172144.349	-62257607172.2986	23250030447.9389	16698459758.2662
42657951.8801593	24251476685.1804	24669260669.3768	-59699549842.0901	22294961346.4746	16012731772.6355
43651583.2240167	23253775506.1082	23654300381.1229	-57243054750.4573	21377797190.9166	15354204997.6036
44668359.2150963	22295736634.2839	22679692310.319	-54884248473.9281	20497093025.5149	14721843337.9689
45708818.9614875	21375845585.7093	21743895524.709	-52619398360.4668	19651456380.545	14114648288.025
46773514.1287198	20492642971.2591	20845425147.0929	-50444907710.2234	18839545476.4184	13531657647.7056
47863009.2322638	19644722609.581	19982850435.8515	-48357311108.9299	18060067484.6521	12971944279.2642
48977881.9368447	18830729699.7404	19154792926.1951	-46353269909.6075	17311776844.0856	12434614903.343
50118723.3627272	18049359051.9172	18359924630.4212	-44429567858.3541	16593473630.7669	11918808933.3122
51286138.3991365	17299353374.5031	17596966295.5	-42583106860.081	15904001979.9696	11423697346.7875
52480746.0249772	16579501615.9858	16864685716.3572	-40810902880.1707	15242248558.8419	10948481593.2608
53703179.6370253	15888637360.0467	16161896103.2506	-39110081978.1225	14607141088.22	10492392536.8032
54954087.3857625	15225637272.3351	15487454501.6855	-37477876469.3507	13997646912.1802	10054689432.8262
56234132.5190349	14589419597.4205	14840260263.3447	-35911621211.3944	13412771613.934	9634658937.91108
57543993.7337157	13978942704.4617	14219253566.5514	-34408750010.8926	12851557676.7109	9231614151.74122
58884365.535559	13393203680.1655	13623413984.8158	-32966792147.7674	12313083188.3004	8844893690.19584
60255958.6074358	12831236967.6478	13051759102.0542	-31583369013.1506	11796460587.9668	8473860788.68816
61659500.1861482	12292113049.8368	12503343173.1045	-30256190857.6724	11300835454.4752	8117902434.85253
63095734.4480193	11774937176.1036	11977255828.1973	-28983053646.8255	10825385334.0042	7776428529.7096
64565422.9034656	11278848130.8268	11472620820.0731	-27761836020.1926	10369318606.7521	7448871076.45962
66069344.8007596	10803017042.6415	10988594812.4737	-26590496351.4177	9931873391.0709	7134683396.07654
67608297.5391982	10346646233.1469	10524366208.7645	-25467069905.8761	9512316483.99756	6833339368.89643
69183097.0918936	9908968103.88548	10079154019.4804	-24389666093.0823	9109942337.07787	6544332701.41565
70794578.4384139	9489244060.43175	9652206767.61534	-23356465810.9519	8724072066.40952	6267176217.53394
72443596.0074991	9086763472.4642	9242801430.51155	-22365718879.1091	8354052495.85893	6001401173.49836
74131024.1300918	8700842668.71987	8850242417.22888	-21415741558.5081	7999255232.43403	5746556595.82334
75857757.5029184	8330823965.76341	8473860580.30999	-20504914154.7094	7659075772.82327	5502208641.48209
77624711.6628693	7976074729.5288	8113012260.88214	-19631678702.2248	7332932640.13736	5267939979.683
79432823.4724282	7635986468.62167	7767078366.06695	-18794536727.4136	7020266549.91671	5043349194.56358
81283051.61641	7309973958.39612	7435463477.69607	-17992047087.4829	6720539604.49285	4828050208.15222
83176377.1102671	6997474394.84844	7117594991.35927	-17222823883.212	6433234514.81794	4621671722.96672
85113803.8202378	6697946577.39503	6812922284.8369	-16485534443.0862	6157853848.90013	4423856683.63477
87096358.9956081	6410870119.62835	6520915914.99559	-15778897376.59	5893919306.0072	4234261756.93951
89125093.8133746	6135744687.16932	6241066842.25087	-15101680694.4728	5640971015.82359	4052556829.70925
91201083.935591	5872089261.76007	5972885681.72634	-14452699993.8618	5398566861.76991	3878424523.9872
93325430.0796991	5619441430.76378	5715901980.26235	-13830816706.1558	5166281827.7153	3711559728.93254
95499258.6021437	5377356701.26278	5469663518.45154	-13234936405.6942	4943707367.33547	3551669148.9199
97723722.0955811	5145407837.96871	5233735636.90201	-12664007177.2512	4730450795.39052	3398470867.31934
100000000.000000	4923184224.18064	5007700585.951  	-12117018040.4609	4526134700.21715	3251693925.45362
