5.561070000000000319e-10 4.936379999999999450e-11 6.967340000000000158e-11 2.400869999999999644e-12
5.561070000000000319e-10 4.936379999999999450e-11 6.967340000000000158e-11 2.400869999999999644e-12
5.561070000000000319e-10 4.936379999999999450e-11 6.967340000000000158e-11 2.400869999999999644e-12
5.561070000000000319e-10 4.936379999999999450e-11 6.967349999999999468e-11 2.400869999999999644e-12
5.561070000000000319e-10 4.936379999999999450e-11 6.967349999999999468e-11 2.400869999999999644e-12
5.561070000000000319e-10 4.936379999999999450e-11 6.967349999999999468e-11 2.400869999999999644e-12
5.561070000000000319e-10 4.936379999999999450e-11 6.967349999999999468e-11 2.400869999999999644e-12
5.561070000000000319e-10 4.936379999999999450e-11 6.967349999999999468e-11 2.400869999999999644e-12
5.561070000000000319e-10 4.936379999999999450e-11 6.967349999999999468e-11 2.400869999999999644e-12
5.561070000000000319e-10 4.936379999999999450e-11 6.967349999999999468e-11 2.400869999999999644e-12
5.561070000000000319e-10 4.936379999999999450e-11 6.967349999999999468e-11 2.400869999999999644e-12
5.561070000000000319e-10 4.936379999999999450e-11 6.967349999999999468e-11 2.400869999999999644e-12
5.561070000000000319e-10 4.936379999999999450e-11 6.967349999999999468e-11 2.400869999999999644e-12
5.561070000000000319e-10 4.936379999999999450e-11 6.967349999999999468e-11 2.400869999999999644e-12
5.561070000000000319e-10 4.936390000000000052e-11 6.967349999999999468e-11 2.400869999999999644e-12
5.561070000000000319e-10 4.936390000000000052e-11 6.967349999999999468e-11 2.400869999999999644e-12
5.561070000000000319e-10 4.936390000000000052e-11 6.967349999999999468e-11 2.400869999999999644e-12
5.561070000000000319e-10 4.936390000000000052e-11 6.967360000000000071e-11 2.400869999999999644e-12
5.561070000000000319e-10 4.936390000000000052e-11 6.967360000000000071e-11 2.400869999999999644e-12
5.561070000000000319e-10 4.936390000000000052e-11 6.967360000000000071e-11 2.400869999999999644e-12
5.561070000000000319e-10 4.936390000000000052e-11 6.967360000000000071e-11 2.400869999999999644e-12
5.561070000000000319e-10 4.936390000000000052e-11 6.967360000000000071e-11 2.400869999999999644e-12
5.561070000000000319e-10 4.936390000000000052e-11 6.967360000000000071e-11 2.400869999999999644e-12
5.561070000000000319e-10 4.936390000000000052e-11 6.967360000000000071e-11 2.400869999999999644e-12
5.561070000000000319e-10 4.936390000000000052e-11 6.967360000000000071e-11 2.400869999999999644e-12
5.561070000000000319e-10 4.936390000000000052e-11 6.967360000000000071e-11 2.400869999999999644e-12
5.561070000000000319e-10 4.936390000000000052e-11 6.967369999999999381e-11 2.400869999999999644e-12
5.561079999999999371e-10 4.936399999999999363e-11 6.967369999999999381e-11 2.400869999999999644e-12
5.561079999999999371e-10 4.936399999999999363e-11 6.967369999999999381e-11 2.400869999999999644e-12
5.561079999999999371e-10 4.936399999999999363e-11 6.967369999999999381e-11 2.400869999999999644e-12
5.561079999999999371e-10 4.936399999999999363e-11 6.967369999999999381e-11 2.400869999999999644e-12
5.561079999999999371e-10 4.936399999999999363e-11 6.967369999999999381e-11 2.400869999999999644e-12
5.561079999999999371e-10 4.936399999999999363e-11 6.967369999999999381e-11 2.400869999999999644e-12
5.561079999999999371e-10 4.936399999999999363e-11 6.967379999999999984e-11 2.400869999999999644e-12
5.561079999999999371e-10 4.936399999999999363e-11 6.967379999999999984e-11 2.400869999999999644e-12
5.561079999999999371e-10 4.936399999999999363e-11 6.967379999999999984e-11 2.400869999999999644e-12
5.561079999999999371e-10 4.936409999999999965e-11 6.967379999999999984e-11 2.400879999999999762e-12
5.561079999999999371e-10 4.936409999999999965e-11 6.967379999999999984e-11 2.400879999999999762e-12
5.561079999999999371e-10 4.936409999999999965e-11 6.967389999999999294e-11 2.400879999999999762e-12
5.561079999999999371e-10 4.936409999999999965e-11 6.967389999999999294e-11 2.400879999999999762e-12
5.561079999999999371e-10 4.936409999999999965e-11 6.967389999999999294e-11 2.400879999999999762e-12
5.561079999999999371e-10 4.936409999999999965e-11 6.967389999999999294e-11 2.400879999999999762e-12
5.561079999999999371e-10 4.936419999999999922e-11 6.967399999999998605e-11 2.400879999999999762e-12
5.561079999999999371e-10 4.936419999999999922e-11 6.967399999999998605e-11 2.400879999999999762e-12
5.561079999999999371e-10 4.936419999999999922e-11 6.967399999999998605e-11 2.400879999999999762e-12
5.561090000000000490e-10 4.936419999999999922e-11 6.967409999999999207e-11 2.400879999999999762e-12
5.561090000000000490e-10 4.936419999999999922e-11 6.967409999999999207e-11 2.400879999999999762e-12
5.561090000000000490e-10 4.936429999999999232e-11 6.967409999999999207e-11 2.400879999999999762e-12
5.561090000000000490e-10 4.936429999999999232e-11 6.967419999999999810e-11 2.400879999999999762e-12
5.561090000000000490e-10 4.936429999999999232e-11 6.967419999999999810e-11 2.400879999999999762e-12
5.561090000000000490e-10 4.936429999999999232e-11 6.967419999999999810e-11 2.400879999999999762e-12
5.561090000000000490e-10 4.936439999999999835e-11 6.967430000000000413e-11 2.400879999999999762e-12
5.561090000000000490e-10 4.936439999999999835e-11 6.967430000000000413e-11 2.400879999999999762e-12
5.561090000000000490e-10 4.936439999999999835e-11 6.967430000000000413e-11 2.400879999999999762e-12
5.561090000000000490e-10 4.936449999999999792e-11 6.967439999999999723e-11 2.400879999999999762e-12
5.561099999999999542e-10 4.936449999999999792e-11 6.967439999999999723e-11 2.400879999999999762e-12
5.561099999999999542e-10 4.936449999999999792e-11 6.967450000000000326e-11 2.400879999999999762e-12
5.561099999999999542e-10 4.936459999999999748e-11 6.967450000000000326e-11 2.400879999999999762e-12
5.561099999999999542e-10 4.936459999999999748e-11 6.967459999999999636e-11 2.400879999999999762e-12
5.561099999999999542e-10 4.936459999999999748e-11 6.967459999999999636e-11 2.400879999999999762e-12
5.561099999999999542e-10 4.936469999999999705e-11 6.967469999999998947e-11 2.400889999999999880e-12
5.561110000000000662e-10 4.936469999999999705e-11 6.967479999999999549e-11 2.400889999999999880e-12
5.561110000000000662e-10 4.936480000000000307e-11 6.967479999999999549e-11 2.400889999999999880e-12
5.561110000000000662e-10 4.936480000000000307e-11 6.967489999999998860e-11 2.400889999999999880e-12
5.561110000000000662e-10 4.936489999999999618e-11 6.967499999999999463e-11 2.400889999999999880e-12
5.561110000000000662e-10 4.936489999999999618e-11 6.967499999999999463e-11 2.400889999999999880e-12
5.561110000000000662e-10 4.936499999999999574e-11 6.967510000000000065e-11 2.400889999999999880e-12
5.561119999999999714e-10 4.936499999999999574e-11 6.967519999999999376e-11 2.400889999999999880e-12
5.561119999999999714e-10 4.936510000000000177e-11 6.967529999999999978e-11 2.400889999999999880e-12
5.561119999999999714e-10 4.936510000000000177e-11 6.967539999999999289e-11 2.400889999999999880e-12
5.561119999999999714e-10 4.936519999999999487e-11 6.967549999999999891e-11 2.400889999999999880e-12
5.561130000000000834e-10 4.936530000000000090e-11 6.967549999999999891e-11 2.400899999999999998e-12
5.561130000000000834e-10 4.936530000000000090e-11 6.967559999999999202e-11 2.400899999999999998e-12
5.561130000000000834e-10 4.936539999999999400e-11 6.967569999999999805e-11 2.400899999999999998e-12
5.561139999999999885e-10 4.936550000000000003e-11 6.967589999999999718e-11 2.400899999999999998e-12
5.561139999999999885e-10 4.936559999999999960e-11 6.967599999999999028e-11 2.400899999999999998e-12
5.561139999999999885e-10 4.936569999999999270e-11 6.967609999999999631e-11 2.400899999999999998e-12
5.561149999999999971e-10 4.936569999999999270e-11 6.967620000000000233e-11 2.400899999999999998e-12
5.561149999999999971e-10 4.936579999999999873e-11 6.967629999999999544e-11 2.400910000000000116e-12
5.561149999999999971e-10 4.936589999999999829e-11 6.967649999999999457e-11 2.400910000000000116e-12
5.561160000000000057e-10 4.936599999999999786e-11 6.967660000000000060e-11 2.400910000000000116e-12
5.561160000000000057e-10 4.936609999999999742e-11 6.967679999999998680e-11 2.400910000000000116e-12
5.561170000000000143e-10 4.936619999999999053e-11 6.967689999999999283e-11 2.400910000000000116e-12
5.561170000000000143e-10 4.936639999999999612e-11 6.967710000000000489e-11 2.400910000000000116e-12
5.561180000000000228e-10 4.936650000000000215e-11 6.967719999999999799e-11 2.400920000000000235e-12
5.561180000000000228e-10 4.936659999999999525e-11 6.967739999999999712e-11 2.400920000000000235e-12
5.561190000000000314e-10 4.936670000000000128e-11 6.967759999999999625e-11 2.400920000000000235e-12
5.561190000000000314e-10 4.936689999999999395e-11 6.967779999999999538e-11 2.400920000000000235e-12
5.561200000000000400e-10 4.936699999999999998e-11 6.967799999999999451e-11 2.400929999999999545e-12
5.561200000000000400e-10 4.936719999999999911e-11 6.967819999999999364e-11 2.400929999999999545e-12
5.561210000000000486e-10 4.936729999999999221e-11 6.967839999999999277e-11 2.400929999999999545e-12
5.561219999999999538e-10 4.936749999999999780e-11 6.967859999999999190e-11 2.400929999999999545e-12
5.561219999999999538e-10 4.936759999999999090e-11 6.967889999999999706e-11 2.400939999999999663e-12
5.561230000000000657e-10 4.936779999999999650e-11 6.967909999999999619e-11 2.400939999999999663e-12
5.561239999999999709e-10 4.936799999999999563e-11 6.967939999999998843e-11 2.400939999999999663e-12
5.561250000000000829e-10 4.936819999999999476e-11 6.967969999999999359e-11 2.400949999999999781e-12
5.561250000000000829e-10 4.936840000000000035e-11 6.967999999999999874e-11 2.400949999999999781e-12
5.561259999999999881e-10 4.936859999999999948e-11 6.968029999999999098e-11 2.400949999999999781e-12
5.561270000000001001e-10 4.936879999999999861e-11 6.968059999999999614e-11 2.400959999999999899e-12
5.561280000000000052e-10 4.936909999999999731e-11 6.968090000000000129e-11 2.400959999999999899e-12
5.561290000000000138e-10 4.936929999999999644e-11 6.968119999999999353e-11 2.400970000000000017e-12
5.561300000000000224e-10 4.936959999999999514e-11 6.968159999999999179e-11 2.400970000000000017e-12
5.561310000000000310e-10 4.936980000000000073e-11 6.968200000000000298e-11 2.400980000000000135e-12
5.561330000000000481e-10 4.937009999999999296e-11 6.968229999999999521e-11 2.400980000000000135e-12
5.561340000000000567e-10 4.937039999999999166e-11 6.968279999999999950e-11 2.400990000000000253e-12
5.561350000000000653e-10 4.937069999999999682e-11 6.968319999999999776e-11 2.400990000000000253e-12
5.561359999999999705e-10 4.937099999999999552e-11 6.968359999999999602e-11 2.400999999999999564e-12
5.561379999999999876e-10 4.937129999999999421e-11 6.968410000000000031e-11 2.400999999999999564e-12
5.561390000000000996e-10 4.937169999999999894e-11 6.968460000000000460e-11 2.401009999999999682e-12
5.561410000000000134e-10 4.937199999999999763e-11 6.968509999999999597e-11 2.401019999999999800e-12
5.561420000000000219e-10 4.937239999999999589e-11 6.968560000000000025e-11 2.401019999999999800e-12
5.561440000000000391e-10 4.937280000000000062e-11 6.968619999999999765e-11 2.401029999999999918e-12
5.561460000000000563e-10 4.937319999999999242e-11 6.968679999999999504e-11 2.401040000000000036e-12
5.561480000000000734e-10 4.937369999999999024e-11 6.968740000000000536e-11 2.401050000000000154e-12
5.561489999999999786e-10 4.937409999999999497e-11 6.968799999999998982e-11 2.401050000000000154e-12
5.561509999999999957e-10 4.937459999999999279e-11 6.968869999999999324e-11 2.401060000000000272e-12
5.561540000000000215e-10 4.937509999999999062e-11 6.968939999999999666e-11 2.401069999999999583e-12
5.561560000000000386e-10 4.937560000000000137e-11 6.969010000000000008e-11 2.401079999999999701e-12
5.561580000000000558e-10 4.937609999999999920e-11 6.969079999999999058e-11 2.401089999999999819e-12
5.561600000000000730e-10 4.937669999999999659e-11 6.969159999999998710e-11 2.401099999999999937e-12
5.561629999999999953e-10 4.937730000000000045e-11 6.969249999999998965e-11 2.401110000000000055e-12
5.561660000000000210e-10 4.937789999999999138e-11 6.969329999999999910e-11 2.401120000000000173e-12
5.561680000000000382e-10 4.937849999999999523e-11 6.969420000000000165e-11 2.401139999999999602e-12
5.561709999999999605e-10 4.937919999999999865e-11 6.969519999999999731e-11 2.401149999999999720e-12
5.561740000000000897e-10 4.937989999999999561e-11 6.969619999999999296e-11 2.401159999999999838e-12
5.561770000000000120e-10 4.938059999999999903e-11 6.969719999999998861e-11 2.401169999999999956e-12
5.561810000000000463e-10 4.938139999999999555e-11 6.969829999999999030e-11 2.401190000000000192e-12
5.561840000000000720e-10 4.938219999999999854e-11 6.969939999999999198e-11 2.401199999999999906e-12
5.561880000000001064e-10 4.938299999999999506e-11 6.970059999999999969e-11 2.401219999999999739e-12
5.561910000000000287e-10 4.938389999999999761e-11 6.970179999999999447e-11 2.401239999999999975e-12
5.561950000000000630e-10 4.938480000000000016e-11 6.970309999999999528e-11 2.401250000000000093e-12
5.562000000000000025e-10 4.938570000000000271e-11 6.970439999999999610e-11 2.401269999999999925e-12
5.562040000000000368e-10 4.938669999999999837e-11 6.970579999999999001e-11 2.401289999999999757e-12
5.562079999999999677e-10 4.938780000000000005e-11 6.970729999999998995e-11 2.401309999999999994e-12
5.562130000000000106e-10 4.938889999999999527e-11 6.970880000000000282e-11 2.401330000000000230e-12
5.562179999999999501e-10 4.938999999999999695e-11 6.971039999999999587e-11 2.401349999999999658e-12
5.562229999999999930e-10 4.939119999999999820e-11 6.971209999999999494e-11 2.401369999999999894e-12
5.562290000000000445e-10 4.939239999999999298e-11 6.971390000000000004e-11 2.401400000000000249e-12
5.562339999999999840e-10 4.939370000000000026e-11 6.971569999999999222e-11 2.401419999999999677e-12
5.562400000000000355e-10 4.939510000000000063e-11 6.971759999999999042e-11 2.401450000000000031e-12
5.562470000000000955e-10 4.939650000000000101e-11 6.971959999999999466e-11 2.401470000000000268e-12
5.562530000000000436e-10 4.939790000000000139e-11 6.972159999999999889e-11 2.401499999999999814e-12
5.562600000000000002e-10 4.939949999999999443e-11 6.972380000000000225e-11 2.401530000000000168e-12
5.562669999999999569e-10 4.940109999999999394e-11 6.972609999999999872e-11 2.401559999999999715e-12
5.562750000000000255e-10 4.940279999999999302e-11 6.972839999999999519e-11 2.401590000000000069e-12
5.562820000000000856e-10 4.940449999999999855e-11 6.973089999999999078e-11 2.401629999999999734e-12
5.562909999999999560e-10 4.940629999999999073e-11 6.973349999999999241e-11 2.401660000000000088e-12
5.562990000000000246e-10 4.940820000000000186e-11 6.973620000000000006e-11 2.401699999999999753e-12
5.563079999999999984e-10 4.941019999999999963e-11 6.973900000000000081e-11 2.401740000000000225e-12
5.563170000000000756e-10 4.941229999999999696e-11 6.974189999999999467e-11 2.401779999999999890e-12
5.563270000000000580e-10 4.941449999999999387e-11 6.974500000000000059e-11 2.401819999999999958e-12
5.563370000000000404e-10 4.941669999999999723e-11 6.974819999999999960e-11 2.401870000000000145e-12
5.563480000000000314e-10 4.941909999999999972e-11 6.975149999999999172e-11 2.401909999999999809e-12
5.563590000000000223e-10 4.942160000000000178e-11 6.975499999999999590e-11 2.401959999999999996e-12
5.563710000000000219e-10 4.942419999999999694e-11 6.975859999999999318e-11 2.402010000000000182e-12
5.563830000000000214e-10 4.942679999999999857e-11 6.976239999999998959e-11 2.402059999999999965e-12
5.563960000000000295e-10 4.942959999999999932e-11 6.976639999999999805e-11 2.402119999999999866e-12
5.564100000000000462e-10 4.943259999999999921e-11 6.977049999999999962e-11 2.402179999999999767e-12
5.564239999999999595e-10 4.943559999999999263e-11 6.977480000000000032e-11 2.402240000000000071e-12
5.564379999999999762e-10 4.943879999999999811e-11 6.977929999999998722e-11 2.402299999999999972e-12
5.564540000000000101e-10 4.944209999999999670e-11 6.978399999999999911e-11 2.402369999999999991e-12
5.564700000000000440e-10 4.944560000000000087e-11 6.978889999999999720e-11 2.402440000000000010e-12
5.564869999999999830e-10 4.944919999999999169e-11 6.979390000000000132e-11 2.402510000000000029e-12
5.565040000000000254e-10 4.945289999999999499e-11 6.979919999999999767e-11 2.402589999999999762e-12
5.565229999999999816e-10 4.945679999999999743e-11 6.980479999999999918e-11 2.402669999999999899e-12
5.565419999999999378e-10 4.946089999999999254e-11 6.981049999999999380e-11 2.402750000000000036e-12
5.565620000000000060e-10 4.946519999999999324e-11 6.981659999999999960e-11 2.402839999999999887e-12
5.565829999999999794e-10 4.946959999999999350e-11 6.982279999999999850e-11 2.402930000000000142e-12
5.566049999999999613e-10 4.947419999999999936e-11 6.982929999999998964e-11 2.403019999999999993e-12
5.566280000000000552e-10 4.947909999999999745e-11 6.983609999999998593e-11 2.403119999999999963e-12
5.566519999999999509e-10 4.948409999999999510e-11 6.984320000000000031e-11 2.403219999999999932e-12
5.566770000000000620e-10 4.948929999999999835e-11 6.985059999999999400e-11 2.403330000000000019e-12
5.567040000000000868e-10 4.949469999999999427e-11 6.985829999999999284e-11 2.403449999999999821e-12
5.567310000000000082e-10 4.950040000000000181e-11 6.986629999999999685e-11 2.403570000000000026e-12
5.567599999999999468e-10 4.950630000000000202e-11 6.987459999999999309e-11 2.403690000000000232e-12
5.567899999999999974e-10 4.951249999999999446e-11 6.988330000000000051e-11 2.403820000000000152e-12
5.568220000000000651e-10 4.951889999999999249e-11 6.989230000000000017e-11 2.403960000000000189e-12
5.568550000000000380e-10 4.952549999999998966e-11 6.990169999999999809e-11 2.404100000000000227e-12
5.568890000000000195e-10 4.953249999999999155e-11 6.991149999999999427e-11 2.404249999999999979e-12
5.569250000000000181e-10 4.953969999999999903e-11 6.992169999999998872e-11 2.404399999999999731e-12
5.569630000000000339e-10 4.954719999999999874e-11 6.993229999999999435e-11 2.404570000000000123e-12
5.570020000000000583e-10 4.955499999999999715e-11 6.994340000000000427e-11 2.404729999999999589e-12
5.570429999999999964e-10 4.956319999999999383e-11 6.995489999999999952e-11 2.404910000000000099e-12
5.570859999999999517e-10 4.957159999999999609e-11 6.996679999999999304e-11 2.405099999999999920e-12
5.571310000000000275e-10 4.958049999999999619e-11 6.997929999999999687e-11 2.405289999999999740e-12
5.571780000000000171e-10 4.958960000000000187e-11 6.999219999999999897e-11 2.405489999999999679e-12
5.572270000000000239e-10 4.959919999999999893e-11 7.000569999999999846e-11 2.405709999999999854e-12
5.572780000000000478e-10 4.960910000000000113e-11 7.001970000000000223e-11 2.405930000000000028e-12
5.573319999999999940e-10 4.961940000000000161e-11 7.003419999999999738e-11 2.406159999999999917e-12
5.573880000000000609e-10 4.963009999999999388e-11 7.004939999999999594e-11 2.406399999999999924e-12
5.574470000000000500e-10 4.964129999999999690e-11 7.006509999999998586e-11 2.406660000000000168e-12
5.575079999999999529e-10 4.965289999999999818e-11 7.008139999999999903e-11 2.406920000000000007e-12
5.575719999999999849e-10 4.966489999999999773e-11 7.009839999999998977e-11 2.407200000000000083e-12
5.576390000000000427e-10 4.967739999999999510e-11 7.011609999999999686e-11 2.407490000000000276e-12
5.577090000000000228e-10 4.969039999999999676e-11 7.013440000000000133e-11 2.407789999999999780e-12
5.577820000000000287e-10 4.970389999999999625e-11 7.015339999999999630e-11 2.408100000000000210e-12
5.578579999999999569e-10 4.971790000000000002e-11 7.017319999999998780e-11 2.408430000000000068e-12
5.579380000000000228e-10 4.973239999999999517e-11 7.019369999999999564e-11 2.408780000000000163e-12
5.580210000000000110e-10 4.974750000000000063e-11 7.021499999999998707e-11 2.409139999999999971e-12
5.581080000000000336e-10 4.976309999999999745e-11 7.023699999999999486e-11 2.409509999999999898e-12
5.581990000000000904e-10 4.977929999999999166e-11 7.025989999999999226e-11 2.409900000000000061e-12
5.582939999999999748e-10 4.979599999999999017e-11 7.028349999999999309e-11 2.410310000000000056e-12
5.583929999999999969e-10 4.981339999999999856e-11 7.030809999999998957e-11 2.410739999999999884e-12
5.584970000000000619e-10 4.983149999999999744e-11 7.033349999999999550e-11 2.411189999999999947e-12
5.586050000000000578e-10 4.985009999999999415e-11 7.035989999999999709e-11 2.411659999999999843e-12
5.587179999999999932e-10 4.986950000000000031e-11 7.038719999999998830e-11 2.412139999999999858e-12
5.588359999999999715e-10 4.988949999999999740e-11 7.041550000000000101e-11 2.412650000000000226e-12
5.589600000000000012e-10 4.991029999999999747e-11 7.044479999999999645e-11 2.413190000000000141e-12
5.590880000000000653e-10 4.993179999999999450e-11 7.047519999999999358e-11 2.413740000000000174e-12
5.592229999999999827e-10 4.995409999999999451e-11 7.050659999999998636e-11 2.414320000000000157e-12
5.593630000000000463e-10 4.997719999999999752e-11 7.053919999999998684e-11 2.414930000000000091e-12
5.595100000000000666e-10 5.000109999999999704e-11 7.057299999999999504e-11 2.415560000000000261e-12
5.596630000000000349e-10 5.002589999999999265e-11 7.060799999999999802e-11 2.416219999999999978e-12
5.598230000000000633e-10 5.005159999999999728e-11 7.064419999999999579e-11 2.416910000000000048e-12
5.599900000000000484e-10 5.007819999999999153e-11 7.068169999999999436e-11 2.417639999999999784e-12
5.601649999999999986e-10 5.010570000000000126e-11 7.072059999999998686e-11 2.418390000000000159e-12
5.603470000000000090e-10 5.013419999999999372e-11 7.076079999999999309e-11 2.419169999999999677e-12
5.605369999999999845e-10 5.016370000000000121e-11 7.080239999999999323e-11 2.419999999999999786e-12
5.607350000000000287e-10 5.019419999999999790e-11 7.084559999999999935e-11 2.420850000000000130e-12
5.609420000000000467e-10 5.022589999999999584e-11 7.089019999999998646e-11 2.421749999999999854e-12
5.611580000000000385e-10 5.025859999999999589e-11 7.093639999999999246e-11 2.422679999999999932e-12
5.613840000000000127e-10 5.029239999999999116e-11 7.098419999999999151e-11 2.423649999999999674e-12
5.616200000000000727e-10 5.032750000000000017e-11 7.103359999999999653e-11 2.424670000000000007e-12
5.618660000000000117e-10 5.036369999999999794e-11 7.108469999999998770e-11 2.425730000000000005e-12
5.621220000000000364e-10 5.040119999999999652e-11 7.113759999999999690e-11 2.426839999999999785e-12
5.623900000000000607e-10 5.043989999999999634e-11 7.119229999999999827e-11 2.427999999999999752e-12
5.626699999999999812e-10 5.047990000000000344e-11 7.124879999999999182e-11 2.429199999999999787e-12
5.629609999999999960e-10 5.052129999999999799e-11 7.130719999999999650e-11 2.430460000000000127e-12
5.632660000000000275e-10 5.056409999999999293e-11 7.136759999999999248e-11 2.431779999999999964e-12
5.635830000000000586e-10 5.060830000000000116e-11 7.142989999999999960e-11 2.433149999999999987e-12
5.639150000000000115e-10 5.065389999999999684e-11 7.149429999999999112e-11 2.434579999999999911e-12
5.642599999999999726e-10 5.070099999999999894e-11 7.156079999999999291e-11 2.436069999999999736e-12
5.646209999999999675e-10 5.074959999999999451e-11 7.162939999999999203e-11 2.437629999999999984e-12
5.649969999999999877e-10 5.079970000000000295e-11 7.170019999999999452e-11 2.439249999999999729e-12
5.653889999999999384e-10 5.085139999999999797e-11 7.177309999999999434e-11 2.440939999999999896e-12
5.657980000000000349e-10 5.090469999999999250e-11 7.184839999999999665e-11 2.442709999999999797e-12
5.662250000000000790e-10 5.095969999999999903e-11 7.192590000000000233e-11 2.444550000000000120e-12
5.666690000000000622e-10 5.101619999999999258e-11 7.200569999999999155e-11 2.446470000000000177e-12
5.671330000000000101e-10 5.107439999999999813e-11 7.208789999999999619e-11 2.448469999999999966e-12
5.676170000000000263e-10 5.113439999999999586e-11 7.217249999999999040e-11 2.450559999999999607e-12
5.681210000000000071e-10 5.119599999999999955e-11 7.225939999999999399e-11 2.452739999999999907e-12
5.686469999999999700e-10 5.125930000000000232e-11 7.234880000000000611e-11 2.455010000000000058e-12
5.691940000000000095e-10 5.132429999999999770e-11 7.244059999999999488e-11 2.457370000000000060e-12
5.697650000000000482e-10 5.139119999999999775e-11 7.253499999999999819e-11 2.459839999999999745e-12
5.703610000000000945e-10 5.145999999999999600e-11 7.263209999999999623e-11 2.462410000000000208e-12
5.709810000000000366e-10 5.153059999999999936e-11 7.273179999999999590e-11 2.465089999999999950e-12
5.716280000000000034e-10 5.160330000000000005e-11 7.283429999999999632e-11 2.467880000000000184e-12
5.723019999999999951e-10 5.167789999999999894e-11 7.293959999999999750e-11 2.470789999999999815e-12
5.730050000000000287e-10 5.175460000000000164e-11 7.304789999999999856e-11 2.473820000000000055e-12
5.737370000000000010e-10 5.183340000000000166e-11 7.315919999999999951e-11 2.476989999999999930e-12
5.745010000000000409e-10 5.191439999999999859e-11 7.327350000000000035e-11 2.480280000000000010e-12
5.752970000000000452e-10 5.199769999999999845e-11 7.339100000000000020e-11 2.483719999999999841e-12
5.761260000000000224e-10 5.208330000000000123e-11 7.351179999999999217e-11 2.487299999999999711e-12
5.769910000000001016e-10 5.217120000000000049e-11 7.363590000000000211e-11 2.491029999999999737e-12
5.778920000000000761e-10 5.226149999999999577e-11 7.376330000000000418e-11 2.494920000000000036e-12
5.788310000000000663e-10 5.235429999999999957e-11 7.389429999999999059e-11 2.498979999999999920e-12
5.798090000000000809e-10 5.244959999999999251e-11 7.402890000000000014e-11 2.503200000000000077e-12
5.808290000000000423e-10 5.254759999999999957e-11 7.416709999999999403e-11 2.507599999999999938e-12
5.818920000000000623e-10 5.264809999999999576e-11 7.430909999999999727e-11 2.512190000000000022e-12
5.830000000000000547e-10 5.275139999999999917e-11 7.445489999999999691e-11 2.516980000000000045e-12
5.841540000000000282e-10 5.285749999999999687e-11 7.460459999999999898e-11 2.521959999999999888e-12
5.853570000000000084e-10 5.296639999999999532e-11 7.475829999999999660e-11 2.527149999999999789e-12
5.866100000000000040e-10 5.307820000000000056e-11 7.491609999999999579e-11 2.532560000000000267e-12
5.879160000000000406e-10 5.319289999999999319e-11 7.507799999999999654e-11 2.538199999999999827e-12
5.892760000000000235e-10 5.331069999999999821e-11 7.524419999999999800e-11 2.544070000000000084e-12
5.906939999999999870e-10 5.343139999999999708e-11 7.541459999999999412e-11 2.550190000000000062e-12
5.921700000000000344e-10 5.355529999999999496e-11 7.558950000000000300e-11 2.556560000000000165e-12
5.937079999999999933e-10 5.368239999999999833e-11 7.576879999999999275e-11 2.563200000000000226e-12
5.953090000000000791e-10 5.381260000000000115e-11 7.595259999999999526e-11 2.570119999999999958e-12
5.969770000000000159e-10 5.394599999999999006e-11 7.614089999999999760e-11 2.577319999999999766e-12
5.987140000000000275e-10 5.408269999999999694e-11 7.633389999999999890e-11 2.584819999999999885e-12
6.005230000000000365e-10 5.422279999999999550e-11 7.653149999999999313e-11 2.592630000000000031e-12
6.024060000000000599e-10 5.436609999999999308e-11 7.673390000000000527e-11 2.600760000000000320e-12
6.043680000000000372e-10 5.451299999999999441e-11 7.694119999999998965e-11 2.609230000000000182e-12
6.064110000000000890e-10 5.466339999999999344e-11 7.715349999999999108e-11 2.618050000000000138e-12
6.085380000000000341e-10 5.481749999999999578e-11 7.737099999999999576e-11 2.627229999999999903e-12
6.107550000000000276e-10 5.497530000000000143e-11 7.759369999999999076e-11 2.636799999999999831e-12
6.130629999999999746e-10 5.513699999999999659e-11 7.782189999999999417e-11 2.646770000000000040e-12
6.154680000000000299e-10 5.530260000000000065e-11 7.805569999999999909e-11 2.657150000000000244e-12
6.179740000000000210e-10 5.547229999999999336e-11 7.829519999999998570e-11 2.667969999999999990e-12
6.205840000000000771e-10 5.564619999999999366e-11 7.854069999999999793e-11 2.679240000000000204e-12
6.233030000000000343e-10 5.582439999999999465e-11 7.879219999999999701e-11 2.690979999999999909e-12
6.261370000000000475e-10 5.600699999999999592e-11 7.904989999999999500e-11 2.703209999999999747e-12
6.290890000000000390e-10 5.619419999999999657e-11 7.931409999999999704e-11 2.715949999999999953e-12
6.321650000000000602e-10 5.638599999999999662e-11 7.958479999999999022e-11 2.729229999999999671e-12
6.353700000000000507e-10 5.658269999999999477e-11 7.986239999999998573e-11 2.743069999999999943e-12
6.387089999999999499e-10 5.678429999999999100e-11 8.014689999999999648e-11 2.757490000000000199e-12
6.421890000000000248e-10 5.699099999999999091e-11 8.043869999999999490e-11 2.772509999999999866e-12
6.458139999999999993e-10 5.720299999999999365e-11 8.073789999999999992e-11 2.788160000000000107e-12
6.495920000000000456e-10 5.742039999999999876e-11 8.104480000000000379e-11 2.804469999999999661e-12
6.535290000000000083e-10 5.764349999999999848e-11 8.135960000000000564e-11 2.821470000000000094e-12
6.576329999999999561e-10 5.787229999999999929e-11 8.168250000000000460e-11 2.839189999999999739e-12
6.619110000000000524e-10 5.810699999999999383e-11 8.201389999999999893e-11 2.857660000000000164e-12
6.663719999999999608e-10 5.834790000000000021e-11 8.235390000000000758e-11 2.876920000000000226e-12
6.710239999999999567e-10 5.859509999999999859e-11 8.270279999999999693e-11 2.896999999999999874e-12
6.758760000000000140e-10 5.884889999999999414e-11 8.306100000000000403e-11 2.917949999999999699e-12
6.809359999999999945e-10 5.910939999999999287e-11 8.342869999999998922e-11 2.939789999999999937e-12
6.862149999999999925e-10 5.937689999999999996e-11 8.380629999999998955e-11 2.962589999999999799e-12
6.917239999999999990e-10 5.965169999999999471e-11 8.419399999999999122e-11 2.986369999999999926e-12
6.974709999999999792e-10 5.993389999999999608e-11 8.459239999999999163e-11 3.011180000000000100e-12
7.034690000000000447e-10 6.022389999999998939e-11 8.500170000000000282e-11 3.037069999999999700e-12
7.097279999999999711e-10 6.052189999999999963e-11 8.542229999999999721e-11 3.064099999999999838e-12
7.162620000000000853e-10 6.082829999999999921e-11 8.585470000000000494e-11 3.092309999999999776e-12
7.230850000000000936e-10 6.114319999999999416e-11 8.629929999999999842e-11 3.121760000000000221e-12
7.302120000000000216e-10 6.146719999999999480e-11 8.675649999999998884e-11 3.152530000000000099e-12
7.376569999999999891e-10 6.180030000000000113e-11 8.722670000000000030e-11 3.184670000000000000e-12
7.454379999999999440e-10 6.214319999999999071e-11 8.771059999999999746e-11 3.218259999999999658e-12
7.535710000000000233e-10 6.249599999999999543e-11 8.820859999999999150e-11 3.253380000000000017e-12
7.620739999999999680e-10 6.285919999999999372e-11 8.872119999999999964e-11 3.290090000000000171e-12
7.709670000000000530e-10 6.323319999999999677e-11 8.924909999999999944e-11 3.328479999999999970e-12
7.802700000000000363e-10 6.361849999999999595e-11 8.979290000000000122e-11 3.368640000000000073e-12
7.900030000000000894e-10 6.401550000000000243e-11 9.035320000000000238e-11 3.410670000000000047e-12
8.001910000000001167e-10 6.442469999999999467e-11 9.093079999999999943e-11 3.454650000000000027e-12
8.108599999999999275e-10 6.484649999999999677e-11 9.152619999999999667e-11 3.500710000000000338e-12
8.220359999999999518e-10 6.528149999999999320e-11 9.214019999999999063e-11 3.548959999999999854e-12
8.337490000000001367e-10 6.573029999999999428e-11 9.277359999999999073e-11 3.599530000000000112e-12
8.460300000000000243e-10 6.619329999999999826e-11 9.342710000000000042e-11 3.652550000000000224e-12
8.589100000000000873e-10 6.667119999999999565e-11 9.410170000000000241e-11 3.708160000000000226e-12
8.724250000000000143e-10 6.716470000000000279e-11 9.479819999999999323e-11 3.766509999999999467e-12
8.866120000000001226e-10 6.767439999999999121e-11 9.551750000000000129e-11 3.827749999999999719e-12
9.015120000000000401e-10 6.820089999999999710e-11 9.626070000000000240e-11 3.892080000000000113e-12
9.171699999999999461e-10 6.874500000000000404e-11 9.702859999999999310e-11 3.959680000000000350e-12
9.336360000000000627e-10 6.930749999999999564e-11 9.782249999999998712e-11 4.030770000000000605e-12
9.509589999999998798e-10 6.988909999999998823e-11 9.864349999999999907e-11 4.105559999999999320e-12
9.691960000000000930e-10 7.049079999999999040e-11 9.949259999999999876e-11 4.184290000000000137e-12
9.884049999999999591e-10 7.111329999999999265e-11 1.003710000000000197e-10 4.267219999999999663e-12
1.008650000000000027e-09 7.175769999999999665e-11 1.012810000000000068e-10 4.354639999999999709e-12
1.030010000000000251e-09 7.242489999999999203e-11 1.022229999999999969e-10 4.446850000000000585e-12
1.052559999999999930e-09 7.311589999999998736e-11 1.031979999999999987e-10 4.544190000000000653e-12
1.076379999999999958e-09 7.383179999999999727e-11 1.042079999999999906e-10 4.647030000000000243e-12
1.101569999999999950e-09 7.457389999999999670e-11 1.052559999999999982e-10 4.755779999999999351e-12
1.128220000000000060e-09 7.534319999999999424e-11 1.063410000000000002e-10 4.870849999999999586e-12
1.156450000000000075e-09 7.614109999999999673e-11 1.074680000000000134e-10 4.992740000000000393e-12
1.186390000000000077e-09 7.696889999999999205e-11 1.086360000000000036e-10 5.121979999999999951e-12
1.218160000000000062e-09 7.782799999999999997e-11 1.098490000000000050e-10 5.259150000000000264e-12
1.251919999999999953e-09 7.871999999999998769e-11 1.111080000000000133e-10 5.404899999999999315e-12
1.287830000000000091e-09 7.964639999999999392e-11 1.124150000000000068e-10 5.559939999999999834e-12
1.326080000000000036e-09 8.060890000000000481e-11 1.137740000000000069e-10 5.725059999999999841e-12
1.366870000000000058e-09 8.160939999999999272e-11 1.151860000000000094e-10 5.901140000000000036e-12
1.410420000000000181e-09 8.264959999999999550e-11 1.166539999999999882e-10 6.089190000000000229e-12
1.457000000000000242e-09 8.373159999999999756e-11 1.181810000000000079e-10 6.290289999999999443e-12
1.506890000000000160e-09 8.485749999999998330e-11 1.197699999999999907e-10 6.505679999999999397e-12
1.560420000000000077e-09 8.602959999999998797e-11 1.214249999999999969e-10 6.736760000000000468e-12
1.617940000000000102e-09 8.725030000000000113e-11 1.231479999999999918e-10 6.985120000000000432e-12
1.679890000000000286e-09 8.852219999999999857e-11 1.249430000000000099e-10 7.252539999999999306e-12
1.746720000000000147e-09 8.984799999999998793e-11 1.268140000000000079e-10 7.541080000000000417e-12
1.818980000000000061e-09 9.123049999999998290e-11 1.287649999999999943e-10 7.853059999999999659e-12
1.897300000000000055e-09 9.267300000000000144e-11 1.308009999999999860e-10 8.191200000000000882e-12
1.982400000000000103e-09 9.417870000000000380e-11 1.329260000000000174e-10 8.558590000000000996e-12
2.075110000000000292e-09 9.575120000000000018e-11 1.351460000000000108e-10 8.958849999999999131e-12
2.176419999999999811e-09 9.739420000000000681e-11 1.374650000000000004e-10 9.396220000000000124e-12
2.287470000000000167e-09 9.911189999999999251e-11 1.398890000000000119e-10 9.875650000000000233e-12
2.409630000000000084e-09 1.009090000000000079e-10 1.424250000000000019e-10 1.040299999999999919e-11
2.544520000000000225e-09 1.027890000000000056e-10 1.450789999999999960e-10 1.098539999999999962e-11
2.694090000000000154e-09 1.047580000000000042e-10 1.478590000000000113e-10 1.163119999999999915e-11
2.860730000000000315e-09 1.068220000000000035e-10 1.507710000000000215e-10 1.235060000000000030e-11
3.047330000000000477e-09 1.089860000000000076e-10 1.538249999999999832e-10 1.315620000000000002e-11
3.257480000000000212e-09 1.112560000000000033e-10 1.570289999999999910e-10 1.406349999999999879e-11
3.495690000000000364e-09 1.136389999999999991e-10 1.603940000000000098e-10 1.509189999999999792e-11
3.767689999999999838e-09 1.161440000000000076e-10 1.639280000000000051e-10 1.626619999999999949e-11
4.080850000000000440e-09 1.187770000000000025e-10 1.676449999999999934e-10 1.761819999999999777e-11
4.444840000000000545e-09 1.215479999999999922e-10 1.715559999999999916e-10 1.918969999999999850e-11
4.872640000000000247e-09 1.244660000000000022e-10 1.756750000000000163e-10 2.103660000000000106e-11
5.381970000000000182e-09 1.275419999999999976e-10 1.800160000000000068e-10 2.323549999999999889e-11
5.997800000000000112e-09 1.307870000000000210e-10 1.845960000000000055e-10 2.589419999999999845e-11
6.756420000000000952e-09 1.342130000000000203e-10 1.894330000000000116e-10 2.916939999999999726e-11
7.712640000000000366e-09 1.378349999999999950e-10 1.945449999999999987e-10 3.329759999999999496e-11
8.953390000000001070e-09 1.416679999999999961e-10 1.999540000000000263e-10 3.865429999999999777e-11
1.062530000000000052e-08 1.457270000000000232e-10 2.056830000000000331e-10 4.587220000000000239e-11
1.299630000000000071e-08 1.500310000000000064e-10 2.117589999999999922e-10 5.610859999999999379e-11
1.661440000000000086e-08 1.546020000000000054e-10 2.182090000000000061e-10 7.172899999999999860e-11
2.280250000000000186e-08 1.594600000000000108e-10 2.250659999999999960e-10 9.844489999999999626e-11
3.577600000000000219e-08 1.646310000000000129e-10 2.323650000000000294e-10 1.544550000000000110e-10
8.008850000000000938e-08 1.701440000000000020e-10 2.401460000000000101e-10 3.457650000000000462e-10
3.944759999999999650e-07 1.760290000000000029e-10 2.484519999999999709e-10 1.703070000000000200e-09
5.845630000000000048e-08 1.823210000000000056e-10 2.573330000000000046e-10 2.523730000000000031e-10
3.202640000000000016e-08 1.890609999999999999e-10 2.668460000000000316e-10 1.382670000000000045e-10
2.227970000000000197e-08 1.962930000000000014e-10 2.770530000000000151e-10 9.618779999999998966e-11
1.721680000000000035e-08 2.040669999999999995e-10 2.880260000000000040e-10 7.432999999999999044e-11
1.412060000000000106e-08 2.124420000000000353e-10 2.998470000000000297e-10 6.096249999999999757e-11
1.203499999999999990e-08 2.214840000000000284e-10 3.126080000000000024e-10 5.195869999999999993e-11
1.053760000000000133e-08 2.312680000000000021e-10 3.264190000000000388e-10 4.549379999999999907e-11
9.412459999999999568e-09 2.418839999999999787e-10 3.414019999999999963e-10 4.063619999999999844e-11
8.538019999999999846e-09 2.534340000000000060e-10 3.577030000000000416e-10 3.686099999999999813e-11
7.840450000000000568e-09 2.660350000000000538e-10 3.754890000000000048e-10 3.384939999999999428e-11
7.272400000000000653e-09 2.798290000000000477e-10 3.949580000000000334e-10 3.139699999999999637e-11
6.802060000000000394e-09 2.949820000000000160e-10 4.163459999999999807e-10 2.936640000000000056e-11
6.407300000000000404e-09 3.116909999999999941e-10 4.399300000000000514e-10 2.766209999999999862e-11
6.072240000000000116e-09 3.301950000000000163e-10 4.660470000000000348e-10 2.621560000000000070e-11
5.785180000000000489e-09 3.507829999999999766e-10 4.951040000000000100e-10 2.497629999999999729e-11
5.537320000000000478e-09 3.738049999999999825e-10 5.275980000000000014e-10 2.390620000000000167e-11
5.321920000000000581e-09 3.996980000000000088e-10 5.641450000000000200e-10 2.297620000000000140e-11
5.133720000000000755e-09 4.290100000000000002e-10 6.055159999999999592e-10 2.216369999999999774e-11
4.968560000000000056e-09 4.624300000000000254e-10 6.526870000000000230e-10 2.145069999999999785e-11
4.823130000000000487e-09 5.008530000000000074e-10 7.069180000000000604e-10 2.082279999999999646e-11
4.694710000000000221e-09 5.454459999999999795e-10 7.698580000000000520e-10 2.026839999999999874e-11
4.581100000000000238e-09 5.977710000000000030e-10 8.437110000000000863e-10 1.977789999999999795e-11
4.480490000000000107e-09 6.599599999999999627e-10 9.314870000000001356e-10 1.934349999999999891e-11
4.391339999999999437e-09 7.350080000000000120e-10 1.037410000000000040e-09 1.895869999999999756e-11
4.312410000000000001e-09 8.272490000000000040e-10 1.167599999999999980e-09 1.861789999999999885e-11
4.242590000000000339e-09 9.432119999999999064e-10 1.331280000000000184e-09 1.831639999999999736e-11
4.180699999999999842e-09 1.093299999999999937e-09 1.543110000000000061e-09 1.804919999999999866e-11
4.126060000000000122e-09 1.294860000000000014e-09 1.827599999999999975e-09 1.781339999999999920e-11
4.078190000000000369e-09 1.579290000000000240e-09 2.229050000000000280e-09 1.760669999999999928e-11
4.036650000000000117e-09 2.010050000000000105e-09 2.837040000000000369e-09 1.742729999999999704e-11
4.001000000000000556e-09 2.737579999999999970e-09 3.863900000000000275e-09 1.727349999999999986e-11
3.970860000000000492e-09 4.226149999999999928e-09 5.964910000000000239e-09 1.714329999999999704e-11
3.945819999999999925e-09 8.964070000000000872e-09 1.265210000000000018e-08 1.703519999999999834e-11
3.925510000000000023e-09 1.011269999999999896e-07 1.427329999999999851e-07 1.694749999999999822e-11
3.909500000000000200e-09 7.829600000000001169e-09 1.105089999999999872e-08 1.687839999999999804e-11
3.897359999999999867e-09 4.132610000000000270e-09 5.832880000000000645e-09 1.682599999999999959e-11
3.888780000000000296e-09 2.835540000000000323e-09 4.002160000000000581e-09 1.678899999999999884e-11
3.883679999999999973e-09 2.175310000000000008e-09 3.070300000000000037e-09 1.676700000000000075e-11
3.882010000000000329e-09 1.776159999999999996e-09 2.506920000000000272e-09 1.675970000000000017e-11
3.883690000000000679e-09 1.509349999999999963e-09 2.130339999999999904e-09 1.676700000000000075e-11
3.888640000000000336e-09 1.318840000000000173e-09 1.861450000000000226e-09 1.678840000000000145e-11
3.896770000000000390e-09 1.176299999999999960e-09 1.660260000000000220e-09 1.682349999999999753e-11
3.907970000000000516e-09 1.065860000000000081e-09 1.504390000000000013e-09 1.687179999999999764e-11
3.922070000000000292e-09 9.779490000000000109e-10 1.380309999999999962e-09 1.693269999999999792e-11
3.939000000000000563e-09 9.064800000000000585e-10 1.279430000000000203e-09 1.700580000000000010e-11
3.958770000000000382e-09 8.474420000000000396e-10 1.196100000000000037e-09 1.709109999999999772e-11
3.981410000000000213e-09 7.980340000000000175e-10 1.126370000000000113e-09 1.718889999999999919e-11
4.006920000000000056e-09 7.562380000000000514e-10 1.067370000000000006e-09 1.729899999999999889e-11
4.035290000000000031e-09 7.205570000000000172e-10 1.017020000000000072e-09 1.742149999999999963e-11
4.066490000000000502e-09 6.898590000000000266e-10 9.736870000000000519e-10 1.755619999999999905e-11
4.100450000000000662e-09 6.632670000000000010e-10 9.361530000000000448e-10 1.770279999999999844e-11
4.137210000000000027e-09 6.401270000000000168e-10 9.034929999999999736e-10 1.786149999999999695e-11
4.176830000000000351e-09 6.199380000000000155e-10 8.749980000000000632e-10 1.803259999999999972e-11
4.219400000000000546e-09 6.022910000000001073e-10 8.500909999999999133e-10 1.821629999999999943e-11
4.264950000000000249e-09 5.868490000000000897e-10 8.282949999999999816e-10 1.841299999999999758e-11
4.313550000000000268e-09 5.733249999999999821e-10 8.092079999999999212e-10 1.862279999999999694e-11
4.365199999999999774e-09 5.614820000000000262e-10 7.924910000000000295e-10 1.884579999999999710e-11
4.420010000000000746e-09 5.511400000000000220e-10 7.778950000000000316e-10 1.908239999999999955e-11
4.478100000000000904e-09 5.421549999999999750e-10 7.652130000000000127e-10 1.933319999999999844e-11
4.539559999999999986e-09 5.343980000000000193e-10 7.542650000000000832e-10 1.959859999999999850e-11
4.604490000000000092e-09 5.277550000000000041e-10 7.448879999999999821e-10 1.987889999999999843e-11
4.672980000000000132e-09 5.221210000000000626e-10 7.369370000000000164e-10 2.017459999999999605e-11
4.745170000000000065e-09 5.174239999999999908e-10 7.303060000000001042e-10 2.048619999999999888e-11
4.821189999999999975e-09 5.136029999999999892e-10 7.249130000000000588e-10 2.081449999999999699e-11
4.901220000000000990e-09 5.106029999999999996e-10 7.206790000000000298e-10 2.116000000000000112e-11
4.985400000000000589e-09 5.083700000000000756e-10 7.175279999999999856e-10 2.152339999999999854e-11
5.073870000000000388e-09 5.068600000000000467e-10 7.153959999999999975e-10 2.190529999999999634e-11
5.166840000000000327e-09 5.060430000000000691e-10 7.142440000000000411e-10 2.230669999999999662e-11
5.264520000000000345e-09 5.058960000000000488e-10 7.140360000000000146e-10 2.272839999999999916e-11
5.367090000000000747e-09 5.063900000000000473e-10 7.147329999999999968e-10 2.317130000000000003e-11
5.474780000000000403e-09 5.075020000000000741e-10 7.163030000000000234e-10 2.363619999999999899e-11
5.587819999999999839e-09 5.092210000000000348e-10 7.187290000000000520e-10 2.412419999999999772e-11
5.706480000000000750e-09 5.115370000000000503e-10 7.219979999999999711e-10 2.463649999999999746e-11
5.831019999999999991e-09 5.144400000000000350e-10 7.260939999999999537e-10 2.517419999999999991e-11
5.961719999999999964e-09 5.179189999999999979e-10 7.310060000000000087e-10 2.573840000000000027e-11
6.098890000000000226e-09 5.219780000000000766e-10 7.367340000000000328e-10 2.633059999999999849e-11
6.242850000000000212e-09 5.266160000000000559e-10 7.432800000000000430e-10 2.695219999999999819e-11
6.393950000000000652e-09 5.318310000000000218e-10 7.506410000000000138e-10 2.760450000000000016e-11
6.552539999999999791e-09 5.376290000000000260e-10 7.588250000000001170e-10 2.828920000000000026e-11
6.719030000000000113e-09 5.440200000000000508e-10 7.678450000000000507e-10 2.900799999999999757e-11
6.893820000000000085e-09 5.510070000000000185e-10 7.777070000000000731e-10 2.976259999999999760e-11
7.077350000000000174e-09 5.586030000000000406e-10 7.884280000000000199e-10 3.055489999999999858e-11
7.270100000000000361e-09 5.668220000000000306e-10 8.000289999999999677e-10 3.138710000000000063e-11
7.472540000000000750e-09 5.756780000000000049e-10 8.125289999999999763e-10 3.226109999999999549e-11
7.685220000000001302e-09 5.851890000000000148e-10 8.259520000000000446e-10 3.317929999999999858e-11
7.908700000000000203e-09 5.953740000000000163e-10 8.403269999999999045e-10 3.414409999999999948e-11
8.143570000000000241e-09 6.062509999999999572e-10 8.556800000000000892e-10 3.515809999999999980e-11
8.390460000000000409e-09 6.178450000000000517e-10 8.720440000000000546e-10 3.622399999999999428e-11
8.650070000000000509e-09 6.301830000000000147e-10 8.894580000000000319e-10 3.734479999999999573e-11
8.923090000000000461e-09 6.432900000000000606e-10 9.079580000000000197e-10 3.852349999999999756e-11
9.210310000000000634e-09 6.571980000000000502e-10 9.275880000000000853e-10 3.976349999999999793e-11
9.512539999999999496e-09 6.719390000000000513e-10 9.483940000000001063e-10 4.106830000000000101e-11
9.830640000000001530e-09 6.875470000000000453e-10 9.704230000000001757e-10 4.244159999999999719e-11
1.016550000000000093e-08 7.040600000000000482e-10 9.937300000000000415e-10 4.388749999999999450e-11
1.051819999999999952e-08 7.215169999999999808e-10 1.018370000000000072e-09 4.541019999999999406e-11
1.088980000000000100e-08 7.399610000000000052e-10 1.044400000000000033e-09 4.701419999999999570e-11
1.128130000000000156e-08 7.594379999999999990e-10 1.071890000000000111e-09 4.870439999999999753e-11
1.169389999999999991e-08 7.799990000000000896e-10 1.100910000000000079e-09 5.048589999999999675e-11
1.212900000000000061e-08 8.016980000000000165e-10 1.131540000000000003e-09 5.236430000000000135e-11
1.258790000000000117e-08 8.245910000000000531e-10 1.163850000000000070e-09 5.434539999999999904e-11
1.307199999999999953e-08 8.487339999999999562e-10 1.197930000000000019e-09 5.643550000000000121e-11
1.358289999999999949e-08 8.741920000000000765e-10 1.233860000000000121e-09 5.864130000000000459e-11
1.412230000000000199e-08 9.010310000000000497e-10 1.271740000000000201e-09 6.096989999999999126e-11
1.469189999999999969e-08 9.293250000000000970e-10 1.311679999999999962e-09 6.342899999999999882e-11
1.529359999999999938e-08 9.591519999999999568e-10 1.353769999999999969e-09 6.602669999999999855e-11
1.592940000000000167e-08 9.905960000000000397e-10 1.398160000000000060e-09 6.877169999999999786e-11
1.660150000000000145e-08 1.023740000000000231e-09 1.444939999999999975e-09 7.167339999999999467e-11
1.731220000000000066e-08 1.058680000000000112e-09 1.494250000000000087e-09 7.474169999999999120e-11
1.806399999999999883e-08 1.095510000000000077e-09 1.546240000000000236e-09 7.798729999999999910e-11
1.885939999999999879e-08 1.134340000000000035e-09 1.601040000000000088e-09 8.142150000000000157e-11
1.970140000000000064e-08 1.175280000000000102e-09 1.658830000000000154e-09 8.505660000000000332e-11
2.059289999999999906e-08 1.218450000000000068e-09 1.719760000000000067e-09 8.890559999999999954e-11
2.153729999999999924e-08 1.263970000000000134e-09 1.784010000000000129e-09 9.298269999999999314e-11
2.253790000000000093e-08 1.311990000000000140e-09 1.851770000000000110e-09 9.730239999999999220e-11
2.359830000000000029e-08 1.362640000000000167e-09 1.923260000000000243e-09 1.018809999999999969e-10
2.472280000000000152e-08 1.416080000000000139e-09 1.998700000000000139e-09 1.067350000000000068e-10
2.591540000000000255e-08 1.472469999999999983e-09 2.078279999999999982e-09 1.118840000000000140e-10
2.718079999999999944e-08 1.531970000000000243e-09 2.162259999999999934e-09 1.173470000000000136e-10
2.852380000000000360e-08 1.594780000000000153e-09 2.250919999999999916e-09 1.231449999999999920e-10
2.994969999999999719e-08 1.661100000000000189e-09 2.344529999999999968e-09 1.293009999999999912e-10
3.146420000000000060e-08 1.731110000000000033e-09 2.443340000000000374e-09 1.358400000000000189e-10
3.307319999999999866e-08 1.805060000000000175e-09 2.547710000000000087e-09 1.427859999999999968e-10
3.478330000000000416e-08 1.883189999999999987e-09 2.657989999999999834e-09 1.501690000000000012e-10
3.660130000000000098e-08 1.965740000000000286e-09 2.774490000000000414e-09 1.580179999999999965e-10
3.853479999999999643e-08 2.052960000000000322e-09 2.897600000000000416e-09 1.663650000000000247e-10
4.059179999999999956e-08 2.145160000000000479e-09 3.027740000000000134e-09 1.752460000000000067e-10
4.278590000000000463e-08 2.242780000000000397e-09 3.165520000000000045e-09 1.847190000000000267e-10
4.512629999999999956e-08 2.346120000000000166e-09 3.311380000000000615e-09 1.948230000000000054e-10
4.762059999999999828e-08 2.455470000000000000e-09 3.465720000000000312e-09 2.055909999999999935e-10
5.027659999999999904e-08 2.571120000000000113e-09 3.628950000000000378e-09 2.170580000000000325e-10
5.310269999999999944e-08 2.693370000000000182e-09 3.801500000000000159e-09 2.292590000000000093e-10
5.610820000000000607e-08 2.822570000000000108e-09 3.983860000000000344e-09 2.422349999999999912e-10
5.930410000000000493e-08 2.959120000000000014e-09 4.176589999999999946e-09 2.560330000000000194e-10
6.270420000000000108e-08 3.103500000000000295e-09 4.380359999999999957e-09 2.707120000000000057e-10
6.632699999999999564e-08 3.256290000000000136e-09 4.596020000000000844e-09 2.863520000000000158e-10
7.019780000000000672e-08 3.418290000000000197e-09 4.824670000000000877e-09 3.030640000000000197e-10
7.434309999999999818e-08 3.590270000000000259e-09 5.067400000000000099e-09 3.209599999999999959e-10
7.877909999999999899e-08 3.772740000000000767e-09 5.324960000000000190e-09 3.401120000000000452e-10
8.352190000000000623e-08 3.966230000000000272e-09 5.598050000000000123e-09 3.605870000000000184e-10
8.858840000000000730e-08 4.171269999999999803e-09 5.887450000000000385e-09 3.824609999999999989e-10
9.399779999999999484e-08 4.388490000000000011e-09 6.194040000000000254e-09 4.058150000000000612e-10
9.977309999999999495e-08 4.618620000000000332e-09 6.518849999999999673e-09 4.307489999999999774e-10
1.059439999999999857e-07 4.862600000000000145e-09 6.863209999999999919e-09 4.573909999999999666e-10
1.125509999999999998e-07 5.121629999999999818e-09 7.228810000000000393e-09 4.859149999999999707e-10
1.196339999999999978e-07 5.396889999999999961e-09 7.617320000000000740e-09 5.164920000000000606e-10
1.272179999999999947e-07 5.689180000000000820e-09 8.029859999999999814e-09 5.492380000000000425e-10
1.353329999999999850e-07 5.999320000000000744e-09 8.467610000000001534e-09 5.842690000000000841e-10
1.440080000000000015e-07 6.328270000000000523e-09 8.931889999999999852e-09 6.217230000000000253e-10
1.532839999999999848e-07 6.677190000000001010e-09 9.424370000000001030e-09 6.617689999999999716e-10
1.632129999999999938e-07 7.047600000000000354e-09 9.947170000000000920e-09 7.046350000000000178e-10
1.738660000000000032e-07 7.441470000000000360e-09 1.050310000000000026e-08 7.506300000000000228e-10
1.853019999999999741e-07 7.860410000000000570e-09 1.109440000000000007e-08 8.000019999999999429e-10
1.975640000000000080e-07 8.305599999999999939e-09 1.172280000000000092e-08 8.529400000000001586e-10
2.107009999999999754e-07 8.778420000000000794e-09 1.239009999999999922e-08 9.096539999999999898e-10
2.247719999999999960e-07 9.280550000000001003e-09 1.309879999999999948e-08 9.704040000000001161e-10
2.398579999999999764e-07 9.814210000000000171e-09 1.385200000000000056e-08 1.035539999999999921e-09
2.560630000000000080e-07 1.038210000000000037e-08 1.465359999999999994e-08 1.105499999999999956e-09
2.734640000000000193e-07 1.098640000000000003e-08 1.550650000000000058e-08 1.180620000000000003e-09
2.921279999999999541e-07 1.162870000000000142e-08 1.641310000000000157e-08 1.261200000000000153e-09
3.121379999999999857e-07 1.231139999999999866e-08 1.737659999999999891e-08 1.347590000000000100e-09
3.336039999999999742e-07 1.303720000000000043e-08 1.840100000000000046e-08 1.440260000000000153e-09
3.566730000000000069e-07 1.380990000000000046e-08 1.949170000000000043e-08 1.539860000000000098e-09
3.814630000000000059e-07 1.463240000000000171e-08 2.065259999999999794e-08 1.646880000000000004e-09
4.080730000000000040e-07 1.550739999999999962e-08 2.188759999999999874e-08 1.761770000000000214e-09
4.366289999999999852e-07 1.643790000000000256e-08 2.320100000000000043e-08 1.885049999999999813e-09
4.672990000000000342e-07 1.742830000000000195e-08 2.459879999999999988e-08 2.017459999999999773e-09
5.002779999999999220e-07 1.848330000000000048e-08 2.608780000000000084e-08 2.159840000000000267e-09
5.357090000000000492e-07 1.960630000000000001e-08 2.767290000000000026e-08 2.312809999999999999e-09
5.737469999999999296e-07 2.080119999999999968e-08 2.935940000000000017e-08 2.477030000000000079e-09
6.146059999999999648e-07 2.207300000000000184e-08 3.115450000000000279e-08 2.653430000000000421e-09
6.585490000000000030e-07 2.342790000000000096e-08 3.306669999999999791e-08 2.843140000000000172e-09
7.057710000000000271e-07 2.487030000000000003e-08 3.510269999999999708e-08 3.047010000000000214e-09
7.564860000000000150e-07 2.640550000000000110e-08 3.726950000000000163e-08 3.265960000000000580e-09
8.109849999999999526e-07 2.804030000000000128e-08 3.957680000000000006e-08 3.501250000000000498e-09
8.695939999999999450e-07 2.978209999999999707e-08 4.203529999999999525e-08 3.754279999999999985e-09
9.325639999999999324e-07 3.163690000000000187e-08 4.465320000000000044e-08 4.026139999999999913e-09
1.000199999999999970e-06 3.361170000000000047e-08 4.744060000000000593e-08 4.318170000000000609e-09
1.072929999999999907e-06 3.571610000000000574e-08 5.041070000000000419e-08 4.632150000000000387e-09
1.151089999999999808e-06 3.795769999999999849e-08 5.357459999999999985e-08 4.969599999999999879e-09
1.235049999999999932e-06 4.034469999999999862e-08 5.694359999999999514e-08 5.332060000000000300e-09
1.325279999999999913e-06 4.288750000000000601e-08 6.053259999999999505e-08 5.721620000000000349e-09
1.422260000000000084e-06 4.559640000000000190e-08 6.435599999999999738e-08 6.140300000000000396e-09
1.526409999999999968e-06 4.848090000000000368e-08 6.842730000000001081e-08 6.589960000000000268e-09
1.638319999999999969e-06 5.155409999999999840e-08 7.276489999999999799e-08 7.073100000000000318e-09
1.758559999999999727e-06 5.482830000000000266e-08 7.738619999999999980e-08 7.592190000000000435e-09
1.887659999999999897e-06 5.831529999999999941e-08 8.230780000000000067e-08 8.149540000000000790e-09
2.026339999999999813e-06 6.203050000000000743e-08 8.755160000000000691e-08 8.748279999999999904e-09
2.175250000000000053e-06 6.598740000000000231e-08 9.313650000000000816e-08 9.391180000000000651e-09
2.335109999999999738e-06 7.019999999999999333e-08 9.908230000000000308e-08 1.008129999999999909e-08
2.506749999999999759e-06 7.468569999999999491e-08 1.054140000000000068e-07 1.082230000000000056e-08
2.690929999999999493e-06 7.946269999999999858e-08 1.121559999999999887e-07 1.161750000000000129e-08
2.888599999999999753e-06 8.455489999999999967e-08 1.193429999999999854e-07 1.247090000000000085e-08
3.100669999999999825e-06 8.998250000000000520e-08 1.270039999999999903e-07 1.338649999999999880e-08
3.328129999999999508e-06 9.576140000000000145e-08 1.351599999999999741e-07 1.436850000000000058e-08
3.572099999999999647e-06 1.019119999999999930e-07 1.438419999999999986e-07 1.542179999999999983e-08
3.833629999999999581e-06 1.084629999999999965e-07 1.530869999999999996e-07 1.655080000000000286e-08
4.113999999999999913e-06 1.154460000000000002e-07 1.629429999999999788e-07 1.776129999999999904e-08
4.414410000000000312e-06 1.228789999999999980e-07 1.734349999999999910e-07 1.905820000000000187e-08
4.736279999999999315e-06 1.307809999999999850e-07 1.845879999999999850e-07 2.044790000000000008e-08
5.080969999999999737e-06 1.391889999999999899e-07 1.964549999999999946e-07 2.193600000000000200e-08
5.450070000000000150e-06 1.481569999999999945e-07 2.091130000000000011e-07 2.352949999999999904e-08
5.845100000000000161e-06 1.577089999999999996e-07 2.225939999999999880e-07 2.523489999999999854e-08
6.267829999999999924e-06 1.678629999999999990e-07 2.369260000000000134e-07 2.705999999999999879e-08
6.719969999999999630e-06 1.786780000000000069e-07 2.521910000000000114e-07 2.901199999999999866e-08
7.203470000000000168e-06 1.902159999999999875e-07 2.684759999999999749e-07 3.109940000000000119e-08
7.720269999999999184e-06 2.024640000000000056e-07 2.857639999999999905e-07 3.333060000000000069e-08
8.272509999999999846e-06 2.154479999999999848e-07 3.040900000000000184e-07 3.571480000000000161e-08
8.862360000000000645e-06 2.293109999999999812e-07 3.236559999999999701e-07 3.826130000000000394e-08
9.492139999999997857e-06 2.441029999999999988e-07 3.445339999999999801e-07 4.098019999999999793e-08
1.016440000000000046e-05 2.597970000000000069e-07 3.666849999999999777e-07 4.388239999999999727e-08
1.088150000000000076e-05 2.764630000000000054e-07 3.902079999999999959e-07 4.697860000000000484e-08
1.164630000000000062e-05 2.941759999999999999e-07 4.152079999999999683e-07 5.028050000000000478e-08
1.246169999999999963e-05 3.129819999999999898e-07 4.417519999999999444e-07 5.380049999999999924e-08
1.333040000000000031e-05 3.330550000000000134e-07 4.700829999999999617e-07 5.755099999999999699e-08
1.425559999999999951e-05 3.544899999999999933e-07 5.003369999999999625e-07 6.154560000000000551e-08
1.534469999999999896e-05 3.786919999999999608e-07 5.344969999999999454e-07 6.624749999999999814e-08
1.633179999999999837e-05 4.019519999999999718e-07 5.673269999999999555e-07 7.050910000000000501e-08
1.739219999999999926e-05 4.268229999999999833e-07 6.024289999999998949e-07 7.508720000000000019e-08
1.853239999999999895e-05 4.534329999999999284e-07 6.399879999999998939e-07 8.000970000000001003e-08
1.975959999999999967e-05 4.819259999999999705e-07 6.802049999999999952e-07 8.530780000000000107e-08
2.108179999999999863e-05 5.124589999999999965e-07 7.232979999999999696e-07 9.101620000000001002e-08
2.250049999999999913e-05 5.451089999999999084e-07 7.693829999999999484e-07 9.714119999999999373e-08
2.400829999999999848e-05 5.798309999999999462e-07 8.183899999999999055e-07 1.036510000000000061e-07
2.560969999999999978e-05 6.167299999999999380e-07 8.704699999999999854e-07 1.105639999999999966e-07
2.730919999999999935e-05 6.559260000000000198e-07 9.257929999999999044e-07 1.179009999999999782e-07
2.911089999999999940e-05 6.975979999999999446e-07 9.846089999999998932e-07 1.256799999999999978e-07
3.101900000000000235e-05 7.418189999999999274e-07 1.047020000000000014e-06 1.339179999999999952e-07
3.303779999999999732e-05 7.886959999999999573e-07 1.113189999999999925e-06 1.426339999999999787e-07
3.517270000000000292e-05 8.383879999999998705e-07 1.183329999999999943e-06 1.518499999999999999e-07
3.743039999999999996e-05 8.910840000000000136e-07 1.257700000000000045e-06 1.615979999999999889e-07
3.981779999999999678e-05 9.470050000000000285e-07 1.336630000000000025e-06 1.719049999999999766e-07
4.233969999999999715e-05 1.006289999999999940e-06 1.420309999999999832e-06 1.827929999999999878e-07
4.500159999999999957e-05 1.069109999999999916e-06 1.508969999999999886e-06 1.942839999999999681e-07
4.780959999999999708e-05 1.135650000000000087e-06 1.602889999999999869e-06 2.064080000000000044e-07
5.077119999999999935e-05 1.206150000000000090e-06 1.702389999999999933e-06 2.191940000000000237e-07
5.389549999999999923e-05 1.280860000000000049e-06 1.807849999999999979e-06 2.326819999999999920e-07
5.719289999999999921e-05 1.360100000000000115e-06 1.919679999999999889e-06 2.469179999999999880e-07
6.067420000000000262e-05 1.444160000000000036e-06 2.038330000000000015e-06 2.619479999999999842e-07
6.435009999999999905e-05 1.533369999999999813e-06 2.164239999999999797e-06 2.778169999999999525e-07
6.822920000000000059e-05 1.627999999999999914e-06 2.297799999999999837e-06 2.945649999999999910e-07
7.231839999999999525e-05 1.728289999999999973e-06 2.439350000000000201e-06 3.122189999999999452e-07
7.662529999999999971e-05 1.834519999999999886e-06 2.589290000000000073e-06 3.308129999999999593e-07
8.115960000000000134e-05 1.947000000000000163e-06 2.748049999999999888e-06 3.503889999999999753e-07
8.593109999999999453e-05 2.066069999999999600e-06 2.916110000000000190e-06 3.709889999999999877e-07
9.095040000000000253e-05 2.192079999999999602e-06 3.093960000000000105e-06 3.926579999999999682e-07
9.622869999999999569e-05 2.325400000000000216e-06 3.282129999999999863e-06 4.154460000000000264e-07
1.017780000000000003e-04 2.466440000000000055e-06 3.481199999999999806e-06 4.394019999999999796e-07
1.076090000000000060e-04 2.615629999999999977e-06 3.691769999999999977e-06 4.645779999999999928e-07
1.137359999999999966e-04 2.773449999999999679e-06 3.914520000000000089e-06 4.910300000000000234e-07
1.201730000000000029e-04 2.940380000000000128e-06 4.150140000000000553e-06 5.188200000000000360e-07
1.269350000000000036e-04 3.116989999999999696e-06 4.399409999999999608e-06 5.480149999999999742e-07
1.340400000000000109e-04 3.303850000000000140e-06 4.663149999999999560e-06 5.786870000000000255e-07
1.415020000000000015e-04 3.501510000000000124e-06 4.942129999999999217e-06 6.109019999999999999e-07
1.493350000000000059e-04 3.710510000000000156e-06 5.237119999999999928e-06 6.447199999999999657e-07
1.575550000000000052e-04 3.931439999999999581e-06 5.548949999999999617e-06 6.802079999999999722e-07
1.665840000000000029e-04 4.175279999999999943e-06 5.893109999999999385e-06 7.191889999999999425e-07
1.753900000000000131e-04 4.416070000000000394e-06 6.232960000000000036e-06 7.572079999999999337e-07
1.846770000000000074e-04 4.671579999999999749e-06 6.593599999999999856e-06 7.973010000000000003e-07
1.944699999999999999e-04 4.942789999999999647e-06 6.976399999999999816e-06 8.395829999999999285e-07
2.047999999999999907e-04 5.230749999999999004e-06 7.382819999999999560e-06 8.841810000000000477e-07
2.156969999999999916e-04 5.536559999999999385e-06 7.814460000000000056e-06 9.312250000000000288e-07
2.271630000000000068e-04 5.860560000000000010e-06 8.271759999999999896e-06 9.807270000000000971e-07
2.391810000000000127e-04 6.202649999999999813e-06 8.754590000000000150e-06 1.032609999999999927e-06
2.517770000000000121e-04 6.563799999999999735e-06 9.264339999999999801e-06 1.086989999999999862e-06
2.649759999999999919e-04 6.945059999999999537e-06 9.802449999999999635e-06 1.143979999999999845e-06
2.789490000000000155e-04 7.352949999999999624e-06 1.037820000000000001e-05 1.204299999999999845e-06
2.935580000000000242e-04 7.782350000000000121e-06 1.098420000000000064e-05 1.267369999999999946e-06
3.088319999999999867e-04 8.234369999999999903e-06 1.162220000000000030e-05 1.333309999999999860e-06
3.248020000000000117e-04 8.710169999999999650e-06 1.229380000000000078e-05 1.402260000000000064e-06
3.415010000000000224e-04 9.211029999999999121e-06 1.300070000000000073e-05 1.474359999999999763e-06
3.589649999999999894e-04 9.738299999999999580e-06 1.374489999999999947e-05 1.549749999999999858e-06
3.772299999999999915e-04 1.029340000000000041e-05 1.452829999999999946e-05 1.628609999999999811e-06
3.963339999999999767e-04 1.087769999999999921e-05 1.535310000000000044e-05 1.711089999999999952e-06
4.163179999999999941e-04 1.149279999999999947e-05 1.622119999999999980e-05 1.797359999999999890e-06
4.372259999999999775e-04 1.214019999999999940e-05 1.713510000000000133e-05 1.887629999999999916e-06
4.590999999999999920e-04 1.282169999999999957e-05 1.809689999999999948e-05 1.982059999999999790e-06
4.817199999999999889e-04 1.352730000000000006e-05 1.909280000000000124e-05 2.079719999999999885e-06
5.054499999999999531e-04 1.427240000000000077e-05 2.014439999999999978e-05 2.182170000000000064e-06
5.303420000000000530e-04 1.505909999999999953e-05 2.125479999999999850e-05 2.289639999999999901e-06
5.564479999999999687e-04 1.588950000000000093e-05 2.242690000000000037e-05 2.402340000000000110e-06
5.838209999999999927e-04 1.676599999999999838e-05 2.366389999999999886e-05 2.520519999999999967e-06
6.125160000000000153e-04 1.769059999999999966e-05 2.496900000000000099e-05 2.644400000000000042e-06
6.425909999999999738e-04 1.866580000000000008e-05 2.634540000000000021e-05 2.774249999999999739e-06
6.741069999999999614e-04 1.969400000000000152e-05 2.779670000000000104e-05 2.910309999999999754e-06
7.071239999999999470e-04 2.077789999999999973e-05 2.932640000000000098e-05 3.052849999999999494e-06
7.417079999999999940e-04 2.191989999999999997e-05 3.093840000000000180e-05 3.202159999999999763e-06
7.779259999999999647e-04 2.312289999999999845e-05 3.263639999999999808e-05 3.358529999999999674e-06
8.158500000000000170e-04 2.438989999999999835e-05 3.442460000000000241e-05 3.522250000000000031e-06
8.555540000000000150e-04 2.572369999999999903e-05 3.630719999999999689e-05 3.693669999999999908e-06
8.971170000000000099e-04 2.712770000000000117e-05 3.828879999999999838e-05 3.873110000000000090e-06
9.406209999999999918e-04 2.860510000000000163e-05 4.037399999999999664e-05 4.060929999999999928e-06
9.861539999999999369e-04 3.015950000000000152e-05 4.256790000000000286e-05 4.257509999999999324e-06
1.033810000000000024e-03 3.179460000000000218e-05 4.487580000000000155e-05 4.463239999999999300e-06
1.083680000000000060e-03 3.351429999999999861e-05 4.730309999999999777e-05 4.678539999999999594e-06
1.135869999999999979e-03 3.532280000000000001e-05 4.985559999999999748e-05 4.903859999999999497e-06
1.190480000000000054e-03 3.722450000000000249e-05 5.253970000000000114e-05 5.139640000000000143e-06
1.247630000000000006e-03 3.922390000000000235e-05 5.536170000000000224e-05 5.386370000000000235e-06
1.307430000000000050e-03 4.132580000000000335e-05 5.832840000000000214e-05 5.644549999999999176e-06
1.370010000000000065e-03 4.353540000000000334e-05 6.144710000000000330e-05 5.914729999999999019e-06
1.435499999999999927e-03 4.585800000000000038e-05 6.472529999999999506e-05 6.197440000000000416e-06
1.504020000000000010e-03 4.829899999999999954e-05 6.817059999999999407e-05 6.493269999999999751e-06
1.575720000000000072e-03 5.086450000000000064e-05 7.179160000000000565e-05 6.802829999999999884e-06
1.650750000000000091e-03 5.356050000000000329e-05 7.559680000000000100e-05 7.126759999999999847e-06
1.729260000000000042e-03 5.639350000000000141e-05 7.959540000000000029e-05 7.465709999999999371e-06
1.811410000000000060e-03 5.937030000000000313e-05 8.379690000000000402e-05 7.820389999999999845e-06
1.897379999999999943e-03 6.249810000000000391e-05 8.821160000000000090e-05 8.191520000000000813e-06
1.987329999999999826e-03 6.578440000000000665e-05 9.284990000000000018e-05 8.579869999999998543e-06
2.081459999999999821e-03 6.923689999999999435e-05 9.772290000000000588e-05 8.986239999999999872e-06
2.179949999999999943e-03 7.286399999999999897e-05 1.028420000000000023e-04 9.411460000000000181e-06
2.283009999999999814e-03 7.667420000000000528e-05 1.082200000000000040e-04 9.856400000000001041e-06
2.390849999999999920e-03 8.067700000000000023e-05 1.138700000000000058e-04 1.032200000000000045e-05
2.503700000000000196e-03 8.488189999999999787e-05 1.198049999999999956e-04 1.080919999999999978e-05
2.621780000000000204e-03 8.929920000000000045e-05 1.260389999999999905e-04 1.131899999999999954e-05
2.745329999999999819e-03 9.393939999999999712e-05 1.325889999999999870e-04 1.185240000000000023e-05
2.874620000000000040e-03 9.881340000000000501e-05 1.394679999999999867e-04 1.241059999999999939e-05
3.009910000000000189e-03 1.039329999999999958e-04 1.466930000000000133e-04 1.299459999999999922e-05
3.151460000000000025e-03 1.093080000000000044e-04 1.542810000000000091e-04 1.360579999999999940e-05
3.299579999999999874e-03 1.149529999999999953e-04 1.622480000000000092e-04 1.424520000000000042e-05
3.454570000000000123e-03 1.208790000000000060e-04 1.706119999999999989e-04 1.491440000000000073e-05
3.616739999999999799e-03 1.270999999999999994e-04 1.793920000000000063e-04 1.561450000000000102e-05
3.786429999999999917e-03 1.336280000000000020e-04 1.886070000000000053e-04 1.634710000000000142e-05
3.963979999999999761e-03 1.404789999999999945e-04 1.982759999999999970e-04 1.711360000000000162e-05
4.149759999999999734e-03 1.476659999999999919e-04 2.084199999999999866e-04 1.791569999999999857e-05
4.344139999999999807e-03 1.552050000000000022e-04 2.190600000000000067e-04 1.875489999999999894e-05
4.547530000000000149e-03 1.631109999999999906e-04 2.302190000000000128e-04 1.963299999999999990e-05
4.760340000000000057e-03 1.714019999999999964e-04 2.419219999999999921e-04 2.055169999999999840e-05
4.982999999999999582e-03 1.800949999999999893e-04 2.541910000000000198e-04 2.151299999999999884e-05
5.215980000000000269e-03 1.892100000000000129e-04 2.670559999999999991e-04 2.251879999999999859e-05
5.459740000000000253e-03 1.987659999999999872e-04 2.805439999999999757e-04 2.357119999999999889e-05
5.714789999999999974e-03 2.087849999999999873e-04 2.946840000000000266e-04 2.467240000000000115e-05
5.981659999999999755e-03 2.192879999999999916e-04 3.095090000000000211e-04 2.582449999999999983e-05
6.260879999999999918e-03 2.302999999999999871e-04 3.250509999999999749e-04 2.703000000000000040e-05
6.553040000000000427e-03 2.418429999999999950e-04 3.413439999999999899e-04 2.829130000000000135e-05
6.858730000000000382e-03 2.539449999999999954e-04 3.584239999999999822e-04 2.961109999999999844e-05
7.178580000000000377e-03 2.666300000000000137e-04 3.763300000000000239e-04 3.099199999999999736e-05
7.513249999999999963e-03 2.799300000000000117e-04 3.951010000000000242e-04 3.243680000000000088e-05
7.863419999999999438e-03 2.938719999999999809e-04 4.147800000000000098e-04 3.394860000000000222e-05
8.229820000000000538e-03 3.084909999999999844e-04 4.354119999999999844e-04 3.553050000000000143e-05
8.613209999999999616e-03 3.238180000000000225e-04 4.570460000000000148e-04 3.718569999999999872e-05
9.014360000000000775e-03 3.398899999999999730e-04 4.797310000000000051e-04 3.891760000000000157e-05
9.434120000000000700e-03 3.567430000000000232e-04 5.035169999999999837e-04 4.072979999999999754e-05
9.873339999999999547e-03 3.744150000000000126e-04 5.284600000000000191e-04 4.262600000000000151e-05
1.033290000000000076e-02 3.929469999999999903e-04 5.546169999999999789e-04 4.461020000000000192e-05
1.081380000000000015e-02 4.123829999999999987e-04 5.820489999999999562e-04 4.668640000000000078e-05
1.131710000000000008e-02 4.327649999999999943e-04 6.108170000000000439e-04 4.885900000000000095e-05
1.184370000000000041e-02 4.541400000000000124e-04 6.409849999999999489e-04 5.113239999999999853e-05
1.239469999999999981e-02 4.765530000000000026e-04 6.726199999999999670e-04 5.351129999999999705e-05
1.297129999999999984e-02 5.000519999999999618e-04 7.057870000000000376e-04 5.600060000000000048e-05
1.357459999999999917e-02 5.246860000000000109e-04 7.405569999999999774e-04 5.860539999999999966e-05
1.420599999999999988e-02 5.505069999999999929e-04 7.770010000000000371e-04 6.133110000000000644e-05
1.486660000000000065e-02 5.775679999999999833e-04 8.151960000000000196e-04 6.418329999999999923e-05
1.555789999999999951e-02 6.059260000000000123e-04 8.552199999999999603e-04 6.716780000000000428e-05
1.628129999999999855e-02 6.356380000000000016e-04 8.971569999999999892e-04 7.029090000000000153e-05
1.703819999999999987e-02 6.667659999999999516e-04 9.410930000000000510e-04 7.355880000000000459e-05
1.783030000000000032e-02 6.993750000000000184e-04 9.871179999999999365e-04 7.697839999999999468e-05
1.865910000000000138e-02 7.335339999999999873e-04 1.035330000000000104e-03 8.055659999999999373e-05
1.952639999999999931e-02 7.693140000000000004e-04 1.085830000000000085e-03 8.430080000000000440e-05
2.043390000000000137e-02 8.067950000000000165e-04 1.138729999999999907e-03 8.821869999999999614e-05
2.138349999999999973e-02 8.460590000000000254e-04 1.194149999999999942e-03 9.231839999999999350e-05
2.237710000000000046e-02 8.871929999999999877e-04 1.252209999999999912e-03 9.660830000000000133e-05
2.341680000000000150e-02 9.302880000000000350e-04 1.313039999999999910e-03 1.010969999999999978e-04
2.450480000000000019e-02 9.754409999999999600e-04 1.376760000000000093e-03 1.057939999999999971e-04
2.564330000000000082e-02 1.022750000000000005e-03 1.443540000000000101e-03 1.107090000000000000e-04
2.683450000000000071e-02 1.072330000000000028e-03 1.513519999999999970e-03 1.158520000000000014e-04
2.808099999999999832e-02 1.124290000000000012e-03 1.586849999999999893e-03 1.212339999999999983e-04
2.938529999999999962e-02 1.178749999999999893e-03 1.663720000000000043e-03 1.268650000000000127e-04
3.075019999999999837e-02 1.235830000000000045e-03 1.744289999999999903e-03 1.327570000000000030e-04
3.217829999999999996e-02 1.295680000000000009e-03 1.828750000000000080e-03 1.389229999999999979e-04
3.367259999999999698e-02 1.358409999999999999e-03 1.917300000000000037e-03 1.453740000000000078e-04
3.523629999999999818e-02 1.424179999999999934e-03 2.010130000000000163e-03 1.521249999999999979e-04
3.687250000000000250e-02 1.493119999999999907e-03 2.107439999999999921e-03 1.591890000000000102e-04
3.858450000000000074e-02 1.565399999999999995e-03 2.209449999999999956e-03 1.665799999999999941e-04
4.037600000000000217e-02 1.641169999999999955e-03 2.316400000000000143e-03 1.743150000000000005e-04
4.225050000000000333e-02 1.720610000000000021e-03 2.428510000000000044e-03 1.824069999999999902e-04
4.421200000000000130e-02 1.803869999999999953e-03 2.546039999999999848e-03 1.908760000000000068e-04
4.626450000000000007e-02 1.891150000000000079e-03 2.669219999999999926e-03 1.997369999999999886e-04
4.841209999999999958e-02 1.982620000000000042e-03 2.798329999999999915e-03 2.090089999999999906e-04
5.065929999999999739e-02 2.078500000000000052e-03 2.933649999999999886e-03 2.187109999999999868e-04
5.301079999999999681e-02 2.178970000000000126e-03 3.075459999999999913e-03 2.288629999999999940e-04
5.547130000000000116e-02 2.284280000000000078e-03 3.224090000000000202e-03 2.394850000000000017e-04
5.804600000000000037e-02 2.394649999999999904e-03 3.379880000000000037e-03 2.506009999999999813e-04
6.074000000000000232e-02 2.510360000000000109e-03 3.543199999999999822e-03 2.622319999999999924e-04
6.355909999999999338e-02 2.631679999999999957e-03 3.714419999999999961e-03 2.744019999999999793e-04
6.650880000000000680e-02 2.758880000000000013e-03 3.893960000000000130e-03 2.871370000000000259e-04
6.959540000000000171e-02 2.892259999999999796e-03 4.082210000000000179e-03 3.004629999999999996e-04
7.282520000000000659e-02 3.032120000000000128e-03 4.279619999999999605e-03 3.144070000000000003e-04
7.620470000000000022e-02 3.178799999999999855e-03 4.486650000000000013e-03 3.289969999999999809e-04
7.974109999999999532e-02 3.332610000000000173e-03 4.703739999999999657e-03 3.442650000000000115e-04
8.344150000000000178e-02 3.493909999999999811e-03 4.931399999999999846e-03 3.602410000000000226e-04
8.731360000000000510e-02 3.663039999999999786e-03 5.170120000000000271e-03 3.769569999999999757e-04
9.136529999999999652e-02 3.840389999999999950e-03 5.420430000000000387e-03 3.944500000000000198e-04
9.560509999999999842e-02 4.026319999999999899e-03 5.682859999999999648e-03 4.127539999999999855e-04
1.000420000000000059e-01 4.221199999999999605e-03 5.957930000000000170e-03 4.319069999999999832e-04
1.046839999999999993e-01 4.425440000000000103e-03 6.246200000000000363e-03 4.519500000000000080e-04
1.095420000000000005e-01 4.639459999999999765e-03 6.548260000000000192e-03 4.729220000000000233e-04
1.146250000000000047e-01 4.863690000000000374e-03 6.864750000000000192e-03 4.948679999999999789e-04
1.199439999999999951e-01 5.098609999999999948e-03 7.196319999999999974e-03 5.178329999999999869e-04
1.255100000000000104e-01 5.344719999999999853e-03 7.543679999999999657e-03 5.418629999999999584e-04
1.313350000000000073e-01 5.602590000000000174e-03 7.907660000000000383e-03 5.670099999999999533e-04
1.374299999999999966e-01 5.872859999999999712e-03 8.289130000000000456e-03 5.933229999999999841e-04
1.438079999999999914e-01 6.156209999999999634e-03 8.689040000000000305e-03 6.208589999999999725e-04
1.504820000000000046e-01 6.453350000000000058e-03 9.108430000000000692e-03 6.496730000000000256e-04
1.574659999999999949e-01 6.765079999999999705e-03 9.548420000000000171e-03 6.798260000000000197e-04
1.647750000000000048e-01 7.092260000000000404e-03 1.001020000000000035e-02 7.113780000000000320e-04
1.724229999999999929e-01 7.435849999999999925e-03 1.049519999999999967e-02 7.443970000000000491e-04
1.804260000000000030e-01 7.796870000000000016e-03 1.100469999999999920e-02 7.789490000000000259e-04
1.888009999999999966e-01 8.176450000000000037e-03 1.154050000000000041e-02 8.151070000000000277e-04
1.975649999999999906e-01 8.575849999999999446e-03 1.210420000000000072e-02 8.529440000000000112e-04
2.067360000000000031e-01 8.996419999999999764e-03 1.269780000000000041e-02 8.925390000000000277e-04
2.163339999999999985e-01 9.439529999999999796e-03 1.332320000000000032e-02 9.339749999999999745e-04
2.263769999999999949e-01 9.906550000000000078e-03 1.398240000000000073e-02 9.773360000000000901e-04
2.368879999999999875e-01 1.039890000000000085e-02 1.467730000000000076e-02 1.022710000000000025e-03
2.478869999999999962e-01 1.091800000000000062e-02 1.541000000000000009e-02 1.070200000000000101e-03
2.593960000000000155e-01 1.146559999999999940e-02 1.618280000000000066e-02 1.119889999999999905e-03
2.714409999999999878e-01 1.204309999999999929e-02 1.699799999999999922e-02 1.171890000000000084e-03
2.840460000000000207e-01 1.265230000000000000e-02 1.785780000000000006e-02 1.226309999999999987e-03
2.972360000000000002e-01 1.329480000000000071e-02 1.876459999999999934e-02 1.283250000000000102e-03
3.110399999999999832e-01 1.397230000000000000e-02 1.972089999999999954e-02 1.342850000000000033e-03
3.254839999999999955e-01 1.468659999999999931e-02 2.072900000000000090e-02 1.405210000000000053e-03
3.406000000000000139e-01 1.543910000000000074e-02 2.179120000000000015e-02 1.470469999999999980e-03
3.564189999999999858e-01 1.623180000000000109e-02 2.291009999999999922e-02 1.538759999999999911e-03
3.729720000000000257e-01 1.706689999999999943e-02 2.408870000000000108e-02 1.610230000000000038e-03
3.902939999999999743e-01 1.794530000000000083e-02 2.532850000000000032e-02 1.685010000000000023e-03
4.084200000000000053e-01 1.886940000000000145e-02 2.663280000000000161e-02 1.763269999999999942e-03
4.273890000000000189e-01 1.984150000000000150e-02 2.800479999999999983e-02 1.845159999999999986e-03
4.472380000000000244e-01 2.086410000000000001e-02 2.944820000000000076e-02 1.930850000000000014e-03
