1.018659999999999975e-10 1.030340000000000135e-10 5.697759999999999099e-11
1.018659999999999975e-10 1.030340000000000135e-10 5.697759999999999099e-11
1.018659999999999975e-10 1.030340000000000135e-10 5.697759999999999099e-11
1.018659999999999975e-10 1.030340000000000135e-10 5.697759999999999099e-11
1.018659999999999975e-10 1.030340000000000135e-10 5.697759999999999099e-11
1.018659999999999975e-10 1.030340000000000135e-10 5.697759999999999099e-11
1.018659999999999975e-10 1.030340000000000135e-10 5.697759999999999099e-11
1.018659999999999975e-10 1.030340000000000135e-10 5.697759999999999099e-11
1.018659999999999975e-10 1.030340000000000135e-10 5.697759999999999099e-11
1.018659999999999975e-10 1.030340000000000135e-10 5.697759999999999099e-11
1.018659999999999975e-10 1.030340000000000135e-10 5.697759999999999099e-11
1.018659999999999975e-10 1.030340000000000135e-10 5.697759999999999099e-11
1.018659999999999975e-10 1.030350000000000092e-10 5.697759999999999099e-11
1.018659999999999975e-10 1.030350000000000092e-10 5.697759999999999099e-11
1.018659999999999975e-10 1.030350000000000092e-10 5.697759999999999099e-11
1.018659999999999975e-10 1.030350000000000092e-10 5.697759999999999099e-11
1.018659999999999975e-10 1.030350000000000092e-10 5.697759999999999099e-11
1.018659999999999975e-10 1.030350000000000092e-10 5.697769999999999702e-11
1.018659999999999975e-10 1.030350000000000092e-10 5.697769999999999702e-11
1.018659999999999975e-10 1.030350000000000092e-10 5.697769999999999702e-11
1.018659999999999975e-10 1.030350000000000092e-10 5.697769999999999702e-11
1.018659999999999975e-10 1.030350000000000092e-10 5.697769999999999702e-11
1.018659999999999975e-10 1.030350000000000092e-10 5.697769999999999702e-11
1.018659999999999975e-10 1.030350000000000092e-10 5.697769999999999702e-11
1.018659999999999975e-10 1.030350000000000092e-10 5.697769999999999702e-11
1.018659999999999975e-10 1.030350000000000092e-10 5.697769999999999702e-11
1.018659999999999975e-10 1.030350000000000092e-10 5.697769999999999702e-11
1.018659999999999975e-10 1.030350000000000092e-10 5.697769999999999702e-11
1.018670000000000061e-10 1.030350000000000092e-10 5.697779999999999659e-11
1.018670000000000061e-10 1.030350000000000092e-10 5.697779999999999659e-11
1.018670000000000061e-10 1.030350000000000092e-10 5.697779999999999659e-11
1.018670000000000061e-10 1.030350000000000092e-10 5.697779999999999659e-11
1.018670000000000061e-10 1.030350000000000092e-10 5.697779999999999659e-11
1.018670000000000061e-10 1.030350000000000092e-10 5.697779999999999659e-11
1.018670000000000061e-10 1.030350000000000092e-10 5.697779999999999659e-11
1.018670000000000061e-10 1.030350000000000092e-10 5.697790000000000261e-11
1.018670000000000061e-10 1.030350000000000092e-10 5.697790000000000261e-11
1.018670000000000061e-10 1.030350000000000092e-10 5.697790000000000261e-11
1.018670000000000061e-10 1.030350000000000092e-10 5.697790000000000261e-11
1.018670000000000061e-10 1.030350000000000092e-10 5.697790000000000261e-11
1.018670000000000061e-10 1.030350000000000092e-10 5.697790000000000261e-11
1.018670000000000061e-10 1.030350000000000092e-10 5.697799999999999572e-11
1.018670000000000061e-10 1.030350000000000092e-10 5.697799999999999572e-11
1.018670000000000061e-10 1.030350000000000092e-10 5.697799999999999572e-11
1.018670000000000061e-10 1.030350000000000092e-10 5.697799999999999572e-11
1.018670000000000061e-10 1.030350000000000092e-10 5.697809999999999528e-11
1.018670000000000061e-10 1.030350000000000092e-10 5.697809999999999528e-11
1.018670000000000061e-10 1.030350000000000092e-10 5.697809999999999528e-11
1.018670000000000061e-10 1.030350000000000092e-10 5.697809999999999528e-11
1.018670000000000061e-10 1.030359999999999919e-10 5.697819999999999485e-11
1.018670000000000061e-10 1.030359999999999919e-10 5.697819999999999485e-11
1.018670000000000061e-10 1.030359999999999919e-10 5.697819999999999485e-11
1.018670000000000061e-10 1.030359999999999919e-10 5.697829999999999441e-11
1.018670000000000061e-10 1.030359999999999919e-10 5.697829999999999441e-11
1.018680000000000017e-10 1.030359999999999919e-10 5.697829999999999441e-11
1.018680000000000017e-10 1.030359999999999919e-10 5.697840000000000044e-11
1.018680000000000017e-10 1.030359999999999919e-10 5.697840000000000044e-11
1.018680000000000017e-10 1.030359999999999919e-10 5.697849999999999354e-11
1.018680000000000017e-10 1.030359999999999919e-10 5.697849999999999354e-11
1.018680000000000017e-10 1.030359999999999919e-10 5.697849999999999354e-11
1.018680000000000017e-10 1.030359999999999919e-10 5.697859999999999957e-11
1.018680000000000017e-10 1.030359999999999919e-10 5.697859999999999957e-11
1.018680000000000017e-10 1.030359999999999919e-10 5.697869999999999914e-11
1.018680000000000017e-10 1.030370000000000005e-10 5.697879999999999224e-11
1.018680000000000017e-10 1.030370000000000005e-10 5.697879999999999224e-11
1.018680000000000017e-10 1.030370000000000005e-10 5.697889999999999827e-11
1.018690000000000103e-10 1.030370000000000005e-10 5.697889999999999827e-11
1.018690000000000103e-10 1.030370000000000005e-10 5.697899999999999137e-11
1.018690000000000103e-10 1.030370000000000005e-10 5.697909999999999740e-11
1.018690000000000103e-10 1.030370000000000005e-10 5.697909999999999740e-11
1.018690000000000103e-10 1.030370000000000005e-10 5.697919999999999696e-11
1.018690000000000103e-10 1.030380000000000091e-10 5.697930000000000299e-11
1.018690000000000103e-10 1.030380000000000091e-10 5.697939999999999609e-11
1.018699999999999930e-10 1.030380000000000091e-10 5.697939999999999609e-11
1.018699999999999930e-10 1.030380000000000091e-10 5.697949999999999566e-11
1.018699999999999930e-10 1.030380000000000091e-10 5.697959999999999522e-11
1.018699999999999930e-10 1.030380000000000091e-10 5.697969999999999479e-11
1.018699999999999930e-10 1.030389999999999918e-10 5.697980000000000082e-11
1.018699999999999930e-10 1.030389999999999918e-10 5.697989999999999392e-11
1.018710000000000016e-10 1.030389999999999918e-10 5.697999999999999995e-11
1.018710000000000016e-10 1.030389999999999918e-10 5.698019999999999262e-11
1.018710000000000016e-10 1.030389999999999918e-10 5.698029999999999864e-11
1.018710000000000016e-10 1.030400000000000004e-10 5.698039999999999175e-11
1.018710000000000016e-10 1.030400000000000004e-10 5.698049999999999778e-11
1.018720000000000102e-10 1.030400000000000004e-10 5.698070000000000337e-11
1.018720000000000102e-10 1.030400000000000004e-10 5.698079999999999647e-11
1.018720000000000102e-10 1.030410000000000090e-10 5.698099999999999560e-11
1.018729999999999929e-10 1.030410000000000090e-10 5.698109999999999517e-11
1.018729999999999929e-10 1.030410000000000090e-10 5.698129999999999430e-11
1.018729999999999929e-10 1.030410000000000090e-10 5.698140000000000033e-11
1.018729999999999929e-10 1.030419999999999917e-10 5.698159999999999299e-11
1.018740000000000015e-10 1.030419999999999917e-10 5.698179999999999213e-11
1.018740000000000015e-10 1.030419999999999917e-10 5.698199999999999772e-11
1.018740000000000015e-10 1.030430000000000003e-10 5.698219999999999685e-11
1.018750000000000101e-10 1.030430000000000003e-10 5.698239999999999598e-11
1.018750000000000101e-10 1.030440000000000088e-10 5.698269999999999468e-11
1.018760000000000187e-10 1.030440000000000088e-10 5.698290000000000027e-11
1.018760000000000187e-10 1.030450000000000174e-10 5.698309999999999940e-11
1.018770000000000014e-10 1.030450000000000174e-10 5.698339999999999810e-11
1.018770000000000014e-10 1.030450000000000174e-10 5.698369999999999679e-11
1.018780000000000100e-10 1.030460000000000002e-10 5.698389999999999592e-11
1.018780000000000100e-10 1.030470000000000087e-10 5.698419999999999462e-11
1.018790000000000186e-10 1.030470000000000087e-10 5.698449999999999978e-11
1.018790000000000186e-10 1.030480000000000044e-10 5.698479999999999847e-11
1.018800000000000013e-10 1.030480000000000044e-10 5.698519999999999674e-11
1.018800000000000013e-10 1.030490000000000000e-10 5.698549999999999543e-11
1.018809999999999969e-10 1.030499999999999957e-10 5.698590000000000016e-11
1.018820000000000055e-10 1.030499999999999957e-10 5.698629999999999195e-11
1.018820000000000055e-10 1.030510000000000043e-10 5.698669999999999668e-11
1.018829999999999882e-10 1.030520000000000129e-10 5.698710000000000140e-11
1.018839999999999968e-10 1.030520000000000129e-10 5.698749999999999966e-11
1.018850000000000054e-10 1.030529999999999956e-10 5.698799999999999749e-11
1.018860000000000140e-10 1.030540000000000042e-10 5.698849999999999532e-11
1.018860000000000140e-10 1.030550000000000127e-10 5.698889999999999358e-11
1.018869999999999967e-10 1.030559999999999955e-10 5.698949999999999743e-11
1.018880000000000053e-10 1.030570000000000040e-10 5.698999999999999526e-11
1.018890000000000139e-10 1.030580000000000126e-10 5.699059999999999912e-11
1.018899999999999966e-10 1.030589999999999954e-10 5.699119999999999651e-11
1.018920000000000138e-10 1.030600000000000039e-10 5.699180000000000036e-11
1.018929999999999965e-10 1.030610000000000125e-10 5.699239999999999129e-11
1.018940000000000051e-10 1.030629999999999909e-10 5.699309999999999471e-11
1.018950000000000007e-10 1.030639999999999995e-10 5.699379999999999167e-11
1.018969999999999920e-10 1.030650000000000081e-10 5.699460000000000112e-11
1.018980000000000006e-10 1.030669999999999994e-10 5.699529999999999808e-11
1.018990000000000092e-10 1.030680000000000079e-10 5.699609999999999460e-11
1.019010000000000005e-10 1.030699999999999992e-10 5.699699999999999715e-11
1.019020000000000091e-10 1.030710000000000078e-10 5.699789999999999970e-11
1.019040000000000004e-10 1.030729999999999991e-10 5.699880000000000225e-11
1.019060000000000175e-10 1.030750000000000034e-10 5.699979999999999791e-11
1.019079999999999959e-10 1.030769999999999947e-10 5.700079999999999356e-11
1.019090000000000045e-10 1.030780000000000033e-10 5.700179999999998921e-11
1.019109999999999958e-10 1.030799999999999946e-10 5.700289999999999736e-11
1.019130000000000130e-10 1.030829999999999944e-10 5.700409999999999214e-11
1.019160000000000128e-10 1.030850000000000116e-10 5.700529999999999339e-11
1.019180000000000042e-10 1.030870000000000029e-10 5.700650000000000110e-11
1.019200000000000084e-10 1.030890000000000071e-10 5.700779999999999545e-11
1.019230000000000083e-10 1.030920000000000070e-10 5.700919999999999583e-11
1.019249999999999996e-10 1.030939999999999983e-10 5.701059999999999620e-11
1.019279999999999995e-10 1.030969999999999982e-10 5.701209999999999615e-11
1.019309999999999994e-10 1.030999999999999981e-10 5.701369999999999565e-11
1.019339999999999992e-10 1.031029999999999980e-10 5.701529999999999516e-11
1.019370000000000121e-10 1.031060000000000108e-10 5.701699999999999424e-11
1.019400000000000119e-10 1.031090000000000107e-10 5.701879999999999934e-11
1.019430000000000118e-10 1.031130000000000192e-10 5.702059999999999798e-11
1.019460000000000117e-10 1.031160000000000061e-10 5.702249999999999618e-11
1.019500000000000072e-10 1.031199999999999887e-10 5.702459999999999998e-11
1.019539999999999899e-10 1.031239999999999972e-10 5.702669999999999732e-11
1.019579999999999983e-10 1.031280000000000057e-10 5.702889999999999422e-11
1.019620000000000068e-10 1.031320000000000012e-10 5.703119999999999715e-11
1.019660000000000023e-10 1.031360000000000097e-10 5.703359999999999318e-11
1.019709999999999935e-10 1.031410000000000009e-10 5.703610000000000170e-11
1.019750000000000020e-10 1.031449999999999964e-10 5.703869999999999686e-11
1.019800000000000061e-10 1.031500000000000134e-10 5.704139999999999159e-11
1.019849999999999973e-10 1.031560000000000132e-10 5.704429999999999837e-11
1.019910000000000100e-10 1.031609999999999915e-10 5.704719999999999869e-11
1.019960000000000012e-10 1.031670000000000171e-10 5.705029999999999168e-11
1.020020000000000010e-10 1.031719999999999954e-10 5.705359999999999673e-11
1.020080000000000137e-10 1.031790000000000037e-10 5.705689999999999531e-11
1.020140000000000134e-10 1.031850000000000035e-10 5.706049999999999905e-11
1.020210000000000089e-10 1.031919999999999989e-10 5.706409999999999633e-11
1.020280000000000172e-10 1.031989999999999944e-10 5.706799999999999877e-11
1.020350000000000126e-10 1.032060000000000027e-10 5.707189999999999474e-11
1.020420000000000081e-10 1.032129999999999981e-10 5.707609999999999587e-11
1.020499999999999991e-10 1.032210000000000151e-10 5.708039999999999011e-11
1.020580000000000032e-10 1.032289999999999932e-10 5.708499999999999597e-11
1.020659999999999942e-10 1.032380000000000058e-10 5.708969999999999493e-11
1.020750000000000068e-10 1.032470000000000055e-10 5.709459999999999948e-11
1.020840000000000065e-10 1.032559999999999922e-10 5.709969999999999670e-11
1.020940000000000018e-10 1.032660000000000004e-10 5.710509999999999908e-11
1.021039999999999971e-10 1.032759999999999957e-10 5.711059999999999457e-11
1.021139999999999924e-10 1.032869999999999996e-10 5.711639999999999521e-11
1.021250000000000092e-10 1.032980000000000035e-10 5.712240000000000144e-11
1.021360000000000131e-10 1.033090000000000074e-10 5.712869999999999345e-11
1.021479999999999997e-10 1.033209999999999940e-10 5.713530000000000354e-11
1.021600000000000122e-10 1.033330000000000065e-10 5.714209999999999337e-11
1.021730000000000074e-10 1.033460000000000146e-10 5.714920000000000129e-11
1.021860000000000026e-10 1.033590000000000098e-10 5.715659999999999498e-11
1.022000000000000064e-10 1.033730000000000136e-10 5.716429999999999382e-11
1.022140000000000102e-10 1.033880000000000001e-10 5.717229999999999783e-11
1.022289999999999967e-10 1.034029999999999995e-10 5.718060000000000053e-11
1.022440000000000090e-10 1.034189999999999946e-10 5.718930000000000149e-11
1.022600000000000041e-10 1.034350000000000156e-10 5.719829999999999469e-11
1.022769999999999948e-10 1.034520000000000192e-10 5.720769999999999261e-11
1.022950000000000071e-10 1.034699999999999927e-10 5.721749999999999525e-11
1.023130000000000193e-10 1.034890000000000135e-10 5.722759999999999659e-11
1.023320000000000014e-10 1.035080000000000085e-10 5.723819999999999576e-11
1.023509999999999964e-10 1.035279999999999991e-10 5.724919999999999965e-11
1.023719999999999956e-10 1.035490000000000112e-10 5.726069999999999491e-11
1.023930000000000077e-10 1.035700000000000104e-10 5.727260000000000135e-11
1.024149999999999896e-10 1.035930000000000010e-10 5.728499999999999915e-11
1.024380000000000060e-10 1.036160000000000044e-10 5.729779999999999522e-11
1.024620000000000180e-10 1.036400000000000035e-10 5.731119999999999514e-11
1.024869999999999998e-10 1.036659999999999939e-10 5.732509999999999936e-11
1.025130000000000161e-10 1.036920000000000101e-10 5.733949999999999493e-11
1.025390000000000065e-10 1.037190000000000091e-10 5.735450000000000083e-11
1.025670000000000140e-10 1.037469999999999908e-10 5.737009999999999119e-11
1.025960000000000043e-10 1.037770000000000155e-10 5.738629999999999187e-11
1.026260000000000032e-10 1.038070000000000144e-10 5.740300000000000330e-11
1.026569999999999977e-10 1.038380000000000089e-10 5.742039999999999876e-11
1.026890000000000137e-10 1.038710000000000076e-10 5.743839999999999161e-11
1.027230000000000081e-10 1.039050000000000020e-10 5.745709999999999435e-11
1.027570000000000154e-10 1.039400000000000180e-10 5.747650000000000051e-11
1.027930000000000011e-10 1.039770000000000122e-10 5.749660000000000362e-11
1.028300000000000083e-10 1.040140000000000065e-10 5.751739999999999723e-11
1.028690000000000198e-10 1.040540000000000007e-10 5.753890000000000073e-11
1.029090000000000140e-10 1.040940000000000078e-10 5.756120000000000074e-11
1.029500000000000167e-10 1.041360000000000062e-10 5.758439999999999685e-11
1.029930000000000108e-10 1.041800000000000089e-10 5.760839999999999594e-11
1.030370000000000005e-10 1.042249999999999942e-10 5.763319999999999801e-11
1.030829999999999944e-10 1.042710000000000011e-10 5.765889999999999618e-11
1.031309999999999926e-10 1.043199999999999949e-10 5.768559999999999646e-11
1.031800000000000123e-10 1.043700000000000103e-10 5.771319999999999929e-11
1.032310000000000104e-10 1.044219999999999911e-10 5.774179999999999777e-11
1.032839999999999997e-10 1.044759999999999890e-10 5.777139999999999837e-11
1.033390000000000063e-10 1.045309999999999955e-10 5.780210000000000066e-11
1.033960000000000041e-10 1.045890000000000020e-10 5.783389999999999170e-11
1.034540000000000105e-10 1.046489999999999997e-10 5.786679999999999088e-11
1.035150000000000039e-10 1.047099999999999931e-10 5.790079999999999174e-11
1.035780000000000015e-10 1.047739999999999993e-10 5.793609999999999988e-11
1.036430000000000034e-10 1.048410000000000053e-10 5.797259999999998988e-11
1.037110000000000051e-10 1.049090000000000071e-10 5.801040000000000008e-11
1.037809999999999981e-10 1.049800000000000087e-10 5.804939999999999860e-11
1.038529999999999954e-10 1.050530000000000016e-10 5.808989999999999060e-11
1.039269999999999969e-10 1.051290000000000073e-10 5.813170000000000281e-11
1.040049999999999939e-10 1.052080000000000000e-10 5.817489999999999600e-11
1.040850000000000081e-10 1.052890000000000099e-10 5.821959999999999560e-11
1.041670000000000137e-10 1.053730000000000067e-10 5.826589999999999470e-11
1.042530000000000018e-10 1.054589999999999948e-10 5.831360000000000065e-11
1.043409999999999941e-10 1.055490000000000043e-10 5.836299999999999274e-11
1.044319999999999993e-10 1.056410000000000052e-10 5.841400000000000373e-11
1.045260000000000173e-10 1.057370000000000015e-10 5.846669999999998795e-11
1.046230000000000093e-10 1.058349999999999892e-10 5.852099999999999106e-11
1.047230000000000141e-10 1.059369999999999982e-10 5.857709999999999927e-11
1.048270000000000016e-10 1.060419999999999943e-10 5.863499999999999966e-11
1.049330000000000191e-10 1.061500000000000160e-10 5.869469999999999223e-11
1.050430000000000063e-10 1.062619999999999945e-10 5.875619999999998990e-11
1.051560000000000063e-10 1.063770000000000117e-10 5.881959999999999869e-11
1.052730000000000019e-10 1.064950000000000159e-10 5.888489999999999277e-11
1.053930000000000102e-10 1.066170000000000155e-10 5.895209999999999798e-11
1.055170000000000012e-10 1.067430000000000108e-10 5.902120000000000139e-11
1.056440000000000050e-10 1.068710000000000102e-10 5.909229999999999611e-11
1.057739999999999958e-10 1.070040000000000138e-10 5.916539999999999506e-11
1.059080000000000080e-10 1.071399999999999914e-10 5.924049999999999824e-11
1.060460000000000027e-10 1.072800000000000033e-10 5.931769999999999876e-11
1.061879999999999930e-10 1.074240000000000108e-10 5.939709999999998972e-11
1.063340000000000047e-10 1.075720000000000009e-10 5.947860000000000386e-11
1.064839999999999990e-10 1.077239999999999994e-10 5.956240000000000155e-11
1.066380000000000147e-10 1.078800000000000064e-10 5.964859999999998880e-11
1.067960000000000001e-10 1.080400000000000090e-10 5.973709999999999837e-11
1.069580000000000069e-10 1.082050000000000027e-10 5.982809999999999061e-11
1.071250000000000049e-10 1.083739999999999920e-10 5.992160000000000430e-11
1.072970000000000070e-10 1.085490000000000069e-10 6.001769999999999376e-11
1.074740000000000132e-10 1.087269999999999958e-10 6.011650000000000380e-11
1.076549999999999891e-10 1.089110000000000104e-10 6.021790000000000254e-11
1.078410000000000079e-10 1.091000000000000032e-10 6.032219999999999514e-11
1.080330000000000006e-10 1.092940000000000002e-10 6.042930000000000142e-11
1.082290000000000018e-10 1.094930000000000013e-10 6.053939999999999466e-11
1.084310000000000157e-10 1.096980000000000150e-10 6.065239999999999468e-11
1.086390000000000035e-10 1.099080000000000071e-10 6.076850000000000062e-11
1.088519999999999954e-10 1.101239999999999989e-10 6.088769999999999954e-11
1.090710000000000130e-10 1.103460000000000163e-10 6.101009999999999749e-11
1.092950000000000088e-10 1.105730000000000120e-10 6.113580000000000048e-11
1.095260000000000000e-10 1.108070000000000161e-10 6.126490000000000161e-11
1.097630000000000169e-10 1.110459999999999984e-10 6.139729999999999487e-11
1.100060000000000077e-10 1.112919999999999891e-10 6.153319999999999230e-11
1.102549999999999982e-10 1.115450000000000139e-10 6.167259999999999391e-11
1.105110000000000100e-10 1.118030000000000171e-10 6.181559999999999279e-11
1.107730000000000087e-10 1.120689999999999984e-10 6.196220000000000188e-11
1.110409999999999943e-10 1.123399999999999967e-10 6.211249999999998843e-11
1.113170000000000096e-10 1.126190000000000120e-10 6.226659999999999723e-11
1.115990000000000119e-10 1.129040000000000141e-10 6.242439999999999642e-11
1.118880000000000095e-10 1.131969999999999944e-10 6.258600000000000494e-11
1.121840000000000026e-10 1.134960000000000003e-10 6.275149999999999005e-11
1.124870000000000041e-10 1.138020000000000016e-10 6.292099999999999655e-11
1.127970000000000009e-10 1.141159999999999940e-10 6.309459999999999169e-11
1.131150000000000147e-10 1.144370000000000206e-10 6.327239999999999442e-11
1.134409999999999937e-10 1.147669999999999951e-10 6.345459999999999096e-11
1.137750000000000026e-10 1.151040000000000168e-10 6.364119999999999422e-11
1.141170000000000026e-10 1.154490000000000038e-10 6.383239999999999042e-11
1.144670000000000065e-10 1.158029999999999903e-10 6.402829999999999850e-11
1.148260000000000101e-10 1.161650000000000068e-10 6.422899999999999865e-11
1.151940000000000005e-10 1.165370000000000185e-10 6.443469999999998998e-11
1.155710000000000034e-10 1.169170000000000213e-10 6.464539999999999837e-11
1.159570000000000060e-10 1.173070000000000065e-10 6.486149999999999620e-11
1.163530000000000039e-10 1.177070000000000000e-10 6.508289999999999039e-11
1.167589999999999842e-10 1.181170000000000017e-10 6.530989999999999902e-11
1.171750000000000115e-10 1.185370000000000116e-10 6.554260000000000226e-11
1.176020000000000040e-10 1.189670000000000039e-10 6.578119999999999924e-11
1.180399999999999874e-10 1.194080000000000130e-10 6.602590000000000203e-11
1.184890000000000134e-10 1.198609999999999959e-10 6.627689999999999682e-11
1.189500000000000132e-10 1.203249999999999955e-10 6.653430000000000257e-11
1.194220000000000039e-10 1.208009999999999947e-10 6.679839999999999858e-11
1.199070000000000027e-10 1.212900000000000020e-10 6.706929999999999090e-11
1.204040000000000011e-10 1.217910000000000088e-10 6.734740000000000361e-11
1.209149999999999904e-10 1.223049999999999980e-10 6.763269999999999797e-11
1.214390000000000136e-10 1.228330000000000038e-10 6.792559999999999806e-11
1.219770000000000018e-10 1.233750000000000005e-10 6.822630000000000303e-11
1.225300000000000153e-10 1.239309999999999880e-10 6.853509999999999218e-11
1.230969999999999938e-10 1.245020000000000008e-10 6.885220000000000342e-11
1.236809999999999889e-10 1.250890000000000216e-10 6.917799999999999624e-11
1.242799999999999834e-10 1.256909999999999902e-10 6.951269999999999561e-11
1.248950000000000118e-10 1.263110000000000098e-10 6.985669999999999980e-11
1.255279999999999878e-10 1.269470000000000115e-10 7.021029999999998811e-11
1.261789999999999889e-10 1.276010000000000126e-10 7.057389999999999759e-11
1.268480000000000153e-10 1.282739999999999957e-10 7.094769999999998859e-11
1.275370000000000064e-10 1.289660000000000125e-10 7.133229999999999727e-11
1.282450000000000054e-10 1.296780000000000200e-10 7.172799999999999002e-11
1.289740000000000036e-10 1.304100000000000181e-10 7.213519999999999095e-11
1.297250000000000096e-10 1.311639999999999981e-10 7.255439999999999142e-11
1.304979999999999975e-10 1.319409999999999945e-10 7.298609999999999573e-11
1.312940000000000018e-10 1.327399999999999986e-10 7.343079999999999524e-11
1.321150000000000137e-10 1.335640000000000105e-10 7.388910000000000027e-11
1.329610000000000075e-10 1.344130000000000041e-10 7.436139999999999614e-11
1.338330000000000175e-10 1.352880000000000140e-10 7.484829999999999319e-11
1.347320000000000006e-10 1.361900000000000229e-10 7.535040000000000172e-11
1.356599999999999999e-10 1.371209999999999962e-10 7.586839999999998639e-11
1.366170000000000153e-10 1.380810000000000115e-10 7.640289999999999628e-11
1.376050000000000123e-10 1.390720000000000084e-10 7.695450000000000294e-11
1.386249999999999995e-10 1.400949999999999955e-10 7.752409999999999599e-11
1.396789999999999940e-10 1.411520000000000157e-10 7.811229999999999867e-11
1.407669999999999958e-10 1.422430000000000174e-10 7.872009999999999372e-11
1.418920000000000049e-10 1.433710000000000005e-10 7.934809999999999144e-11
1.430550000000000039e-10 1.445369999999999994e-10 7.999729999999998751e-11
1.442580000000000099e-10 1.457419999999999967e-10 8.066869999999999048e-11
1.455020000000000058e-10 1.469889999999999925e-10 8.136309999999999689e-11
1.467899999999999915e-10 1.482790000000000212e-10 8.208170000000000153e-11
1.481219999999999927e-10 1.496139999999999964e-10 8.282539999999998108e-11
1.495020000000000179e-10 1.509960000000000129e-10 8.359550000000000099e-11
1.509309999999999982e-10 1.524270000000000104e-10 8.439309999999999832e-11
1.524119999999999851e-10 1.539099999999999886e-10 8.521949999999999973e-11
1.539460000000000131e-10 1.554470000000000165e-10 8.607599999999999310e-11
1.555379999999999958e-10 1.570410000000000164e-10 8.696399999999999820e-11
1.571880000000000108e-10 1.586929999999999968e-10 8.788489999999998310e-11
1.589000000000000148e-10 1.604070000000000180e-10 8.884039999999999857e-11
1.606770000000000077e-10 1.621860000000000022e-10 8.983199999999999285e-11
1.625229999999999980e-10 1.640330000000000011e-10 9.086159999999998999e-11
1.644390000000000202e-10 1.659520000000000231e-10 9.193089999999998908e-11
1.664299999999999878e-10 1.679439999999999993e-10 9.304189999999999435e-11
1.685000000000000127e-10 1.700159999999999896e-10 9.419659999999999709e-11
1.706520000000000172e-10 1.721690000000000028e-10 9.539729999999999378e-11
1.728909999999999926e-10 1.744089999999999868e-10 9.664619999999998778e-11
1.752200000000000163e-10 1.767400000000000018e-10 9.794579999999998762e-11
1.776450000000000106e-10 1.791670000000000132e-10 9.929869999999998198e-11
1.801709999999999923e-10 1.816940000000000035e-10 1.007080000000000026e-10
1.828030000000000045e-10 1.843259999999999899e-10 1.021760000000000073e-10
1.855460000000000125e-10 1.870700000000000064e-10 1.037060000000000139e-10
1.884069999999999988e-10 1.899320000000000013e-10 1.053020000000000051e-10
1.913929999999999976e-10 1.929180000000000001e-10 1.069669999999999936e-10
1.945090000000000001e-10 1.960340000000000026e-10 1.087050000000000139e-10
1.977629999999999973e-10 1.992890000000000084e-10 1.105199999999999968e-10
2.011639999999999890e-10 2.026900000000000001e-10 1.124160000000000154e-10
2.047190000000000093e-10 2.062450000000000204e-10 1.143990000000000048e-10
2.084379999999999889e-10 2.099640000000000000e-10 1.164730000000000123e-10
2.123300000000000050e-10 2.138560000000000161e-10 1.186430000000000162e-10
2.164070000000000314e-10 2.179310000000000253e-10 1.209159999999999989e-10
2.206780000000000159e-10 2.222020000000000098e-10 1.232980000000000120e-10
2.251580000000000097e-10 2.266800000000000123e-10 1.257950000000000035e-10
2.298580000000000039e-10 2.313780000000000151e-10 1.284159999999999989e-10
2.347929999999999977e-10 2.363120000000000004e-10 1.311669999999999980e-10
2.399779999999999648e-10 2.414950000000000020e-10 1.340570000000000004e-10
2.454310000000000079e-10 2.469450000000000194e-10 1.370969999999999971e-10
2.511690000000000143e-10 2.526800000000000001e-10 1.402950000000000051e-10
2.572120000000000006e-10 2.587200000000000123e-10 1.436630000000000239e-10
2.635820000000000003e-10 2.650860000000000294e-10 1.472130000000000013e-10
2.703030000000000126e-10 2.718030000000000074e-10 1.509590000000000057e-10
2.774010000000000019e-10 2.788960000000000055e-10 1.549139999999999936e-10
2.849040000000000017e-10 2.863930000000000056e-10 1.590950000000000074e-10
2.928430000000000195e-10 2.943270000000000322e-10 1.635180000000000034e-10
3.012529999999999936e-10 3.027299999999999979e-10 1.682040000000000067e-10
3.101719999999999914e-10 3.116420000000000391e-10 1.731719999999999992e-10
3.196420000000000114e-10 3.211040000000000422e-10 1.784470000000000146e-10
3.297099999999999916e-10 3.311640000000000054e-10 1.840549999999999915e-10
3.404290000000000246e-10 3.418740000000000128e-10 1.900239999999999892e-10
3.518550000000000221e-10 3.532910000000000366e-10 1.963870000000000064e-10
3.640550000000000420e-10 3.654810000000000224e-10 2.031790000000000074e-10
3.771010000000000299e-10 3.785170000000000279e-10 2.104420000000000163e-10
3.910769999999999824e-10 3.924819999999999895e-10 2.182210000000000057e-10
4.060740000000000083e-10 4.074699999999999898e-10 2.265680000000000338e-10
4.222000000000000516e-10 4.235870000000000594e-10 2.355420000000000124e-10
4.395730000000000391e-10 4.409539999999999954e-10 2.452090000000000163e-10
4.583339999999999912e-10 4.597100000000000596e-10 2.556449999999999997e-10
4.786390000000000053e-10 4.800150000000000221e-10 2.669390000000000023e-10
5.006750000000000314e-10 5.020559999999999876e-10 2.791920000000000115e-10
5.246520000000000614e-10 5.260470000000000344e-10 2.925230000000000144e-10
5.508200000000000686e-10 5.522409999999999544e-10 3.070669999999999799e-10
5.794719999999999817e-10 5.809370000000000382e-10 3.229890000000000310e-10
6.109559999999999942e-10 6.124900000000000222e-10 3.404790000000000399e-10
6.456840000000000215e-10 6.473210000000000025e-10 3.597660000000000065e-10
6.841560000000000102e-10 6.859460000000000630e-10 3.811240000000000066e-10
7.269750000000000668e-10 7.289889999999999732e-10 4.048870000000000102e-10
7.748790000000000081e-10 7.772160000000001004e-10 4.314590000000000194e-10
8.287830000000000320e-10 8.315910000000001323e-10 4.613470000000000406e-10
8.898339999999999487e-10 8.933249999999999111e-10 4.951790000000000330e-10
9.594870000000000389e-10 9.639760000000001875e-10 5.337550000000000867e-10
1.039619999999999973e-09 1.045580000000000023e-09 5.781040000000000336e-10
1.132700000000000028e-09 1.140850000000000046e-09 6.295749999999999688e-10
1.242010000000000140e-09 1.253500000000000066e-09 6.899700000000000482e-10
1.372080000000000084e-09 1.388720000000000143e-09 7.617510000000000923e-10
1.529250000000000070e-09 1.554070000000000197e-09 8.483750000000000818e-10
1.722739999999999988e-09 1.760969999999999969e-09 9.548430000000001116e-10
1.966480000000000017e-09 2.027559999999999976e-09 1.088690000000000094e-09
2.282750000000000208e-09 2.384840000000000214e-09 1.261930000000000005e-09
2.708920000000000195e-09 2.889520000000000171e-09 1.494570000000000144e-09
3.313149999999999876e-09 3.657500000000000243e-09 1.822870000000000138e-09
4.234569999999999781e-09 4.963750000000000359e-09 2.320069999999999827e-09
5.808360000000000403e-09 7.617880000000000581e-09 3.159819999999999951e-09
9.098650000000000215e-09 1.502800000000000063e-08 4.877980000000000148e-09
2.023790000000000019e-08 5.881619999999999962e-08 1.034670000000000026e-08
1.011740000000000032e-07 2.290319999999999613e-06 1.167240000000000068e-07
1.504380000000000134e-08 3.987929999999999897e-08 9.037229999999998994e-09
8.214560000000001461e-09 1.417859999999999899e-08 4.770010000000000571e-09
5.705100000000000079e-09 8.135960000000001340e-09 3.272879999999999972e-09
4.404070000000000075e-09 5.668350000000000594e-09 2.510830000000000107e-09
3.609620000000000197e-09 4.369270000000000154e-09 2.050110000000000068e-09
3.075220000000000057e-09 3.577830000000000248e-09 1.742150000000000234e-09
2.691990000000000337e-09 3.048270000000000269e-09 1.522260000000000077e-09
2.404350000000000284e-09 2.670319999999999936e-09 1.357730000000000232e-09
2.180970000000000173e-09 2.387640000000000246e-09 1.230260000000000051e-09
2.002810000000000449e-09 2.168620000000000314e-09 1.128789999999999987e-09
1.857760000000000210e-09 1.994290000000000152e-09 1.046289999999999910e-09
1.737790000000000055e-09 1.852680000000000265e-09 9.781499999999999775e-10
1.637290000000000040e-09 1.735760000000000011e-09 9.211210000000000289e-10
1.552200000000000079e-09 1.637940000000000033e-09 8.728780000000000746e-10
1.479520000000000077e-09 1.555190000000000086e-09 8.316950000000000939e-10
1.416940000000000279e-09 1.484520000000000163e-09 7.962620000000000158e-10
1.362710000000000147e-09 1.423690000000000075e-09 7.655680000000000595e-10
1.315500000000000058e-09 1.371029999999999969e-09 7.388589999999999608e-10
1.274300000000000035e-09 1.325279999999999998e-09 7.155560000000000259e-10
1.238280000000000195e-09 1.285430000000000182e-09 6.951880000000000399e-10
1.206749999999999995e-09 1.250660000000000105e-09 6.773630000000000524e-10
1.179130000000000042e-09 1.220269999999999964e-09 6.617540000000000497e-10
1.154950000000000029e-09 1.193700000000000128e-09 6.480840000000000339e-10
1.133830000000000002e-09 1.170530000000000093e-09 6.361469999999999954e-10
1.115480000000000164e-09 1.150400000000000081e-09 6.257760000000000526e-10
1.099650000000000023e-09 1.133010000000000206e-09 6.168230000000000733e-10
1.086090000000000124e-09 1.118100000000000099e-09 6.091549999999999504e-10
1.074599999999999991e-09 1.105429999999999976e-09 6.026519999999999988e-10
1.065029999999999992e-09 1.094819999999999948e-09 5.972300000000000149e-10
1.057250000000000046e-09 1.086140000000000139e-09 5.928200000000000270e-10
1.051150000000000036e-09 1.079260000000000262e-09 5.893570000000000980e-10
1.046629999999999931e-09 1.074060000000000115e-09 5.867800000000000148e-10
1.043580000000000030e-09 1.070419999999999908e-09 5.850370000000000550e-10
1.041959999999999988e-09 1.068300000000000126e-09 5.840940000000000305e-10
1.041709999999999911e-09 1.067620000000000083e-09 5.839240000000000197e-10
1.042780000000000198e-09 1.068329999999999970e-09 5.844950000000000583e-10
1.045120000000000213e-09 1.070370000000000099e-09 5.857780000000000011e-10
1.048700000000000111e-09 1.073720000000000093e-09 5.877620000000000637e-10
1.053510000000000015e-09 1.078349999999999900e-09 5.904359999999999451e-10
1.059530000000000166e-09 1.084240000000000177e-09 5.937860000000000421e-10
1.066720000000000014e-09 1.091360000000000251e-09 5.978020000000000621e-10
1.075110000000000023e-09 1.099730000000000089e-09 6.024860000000000224e-10
1.084689999999999901e-09 1.109329999999999932e-09 6.078400000000000434e-10
1.095460000000000268e-09 1.120160000000000193e-09 6.138589999999999789e-10
1.107429999999999969e-09 1.132240000000000011e-09 6.205520000000000094e-10
1.120610000000000125e-09 1.145580000000000091e-09 6.279280000000000054e-10
1.135020000000000078e-09 1.160190000000000106e-09 6.359940000000000270e-10
1.150680000000000001e-09 1.176099999999999899e-09 6.447610000000000651e-10
1.167620000000000151e-09 1.193330000000000055e-09 6.542480000000000759e-10
1.185880000000000045e-09 1.211920000000000091e-09 6.644700000000000846e-10
1.205470000000000181e-09 1.231900000000000058e-09 6.754470000000000561e-10
1.226460000000000126e-09 1.253319999999999969e-09 6.872029999999999895e-10
1.248870000000000052e-09 1.276210000000000084e-09 6.997580000000000562e-10
1.272750000000000180e-09 1.300620000000000209e-09 7.131400000000000830e-10
1.298159999999999992e-09 1.326619999999999913e-09 7.273810000000000341e-10
1.325150000000000123e-09 1.354260000000000036e-09 7.425099999999999516e-10
1.353790000000000140e-09 1.383600000000000061e-09 7.585630000000000408e-10
1.384139999999999937e-09 1.414720000000000053e-09 7.755780000000000074e-10
1.416279999999999994e-09 1.447680000000000113e-09 7.935929999999999705e-10
1.450269999999999997e-09 1.482580000000000065e-09 8.126530000000001094e-10
1.486210000000000186e-09 1.519490000000000095e-09 8.328020000000000778e-10
1.524170000000000125e-09 1.558500000000000150e-09 8.540920000000000115e-10
1.564260000000000138e-09 1.599720000000000138e-09 8.765720000000000207e-10
1.606570000000000171e-09 1.643270000000000055e-09 9.003040000000001204e-10
1.651220000000000012e-09 1.689240000000000259e-09 9.253500000000001184e-10
1.698330000000000069e-09 1.737780000000000176e-09 9.517739999999999436e-10
1.748000000000000168e-09 1.788990000000000250e-09 9.796410000000000502e-10
1.800370000000000060e-09 1.843020000000000115e-09 1.009030000000000185e-09
1.855580000000000121e-09 1.900020000000000228e-09 1.040000000000000131e-09
1.913779999999999982e-09 1.960150000000000102e-09 1.072660000000000099e-09
1.975120000000000103e-09 2.023580000000000161e-09 1.107089999999999948e-09
2.039780000000000167e-09 2.090500000000000174e-09 1.143380000000000037e-09
2.107940000000000478e-09 2.161090000000000444e-09 1.181640000000000068e-09
2.179770000000000218e-09 2.235550000000000206e-09 1.221970000000000072e-09
2.255490000000000035e-09 2.314100000000000105e-09 1.264480000000000166e-09
2.335310000000000283e-09 2.396990000000000426e-09 1.309300000000000018e-09
2.419449999999999953e-09 2.484459999999999918e-09 1.356560000000000121e-09
2.508160000000000156e-09 2.576769999999999985e-09 1.406380000000000059e-09
2.601700000000000228e-09 2.674210000000000012e-09 1.458930000000000048e-09
2.700350000000000089e-09 2.777080000000000506e-09 1.514340000000000170e-09
2.804399999999999952e-09 2.885720000000000246e-09 1.572810000000000073e-09
2.914170000000000081e-09 3.000480000000000375e-09 1.634490000000000008e-09
3.029970000000000446e-09 3.121700000000000501e-09 1.699580000000000246e-09
3.152150000000000122e-09 3.249770000000000039e-09 1.768260000000000054e-09
3.281110000000000057e-09 3.385150000000000041e-09 1.840760000000000166e-09
3.417240000000000082e-09 3.528280000000000145e-09 1.917310000000000279e-09
3.560930000000000027e-09 3.679590000000000525e-09 1.998120000000000127e-09
3.712680000000000460e-09 3.839659999999999953e-09 2.083470000000000458e-09
3.872970000000000534e-09 4.009050000000000750e-09 2.173649999999999830e-09
4.042290000000000524e-09 4.188310000000000398e-09 2.268930000000000353e-09
4.221169999999999807e-09 4.378070000000000371e-09 2.369600000000000172e-09
4.410239999999999858e-09 4.579040000000000351e-09 2.476030000000000186e-09
4.610360000000000197e-09 4.792230000000000521e-09 2.588699999999999963e-09
4.822180000000000402e-09 5.018399999999999958e-09 2.707980000000000403e-09
5.046249999999999609e-09 5.258240000000000239e-09 2.834200000000000408e-09
5.283180000000000361e-09 5.512480000000000800e-09 2.967680000000000241e-09
5.533580000000000241e-09 5.781900000000000475e-09 3.108789999999999974e-09
5.798149999999999876e-09 6.067370000000001145e-09 3.257920000000000264e-09
6.077690000000000340e-09 6.369880000000000755e-09 3.415530000000000095e-09
6.373179999999999699e-09 6.690629999999999673e-09 3.582170000000000256e-09
6.685819999999999976e-09 7.031100000000000670e-09 3.758540000000000547e-09
7.017190000000001077e-09 7.393200000000000484e-09 3.945520000000000247e-09
7.368870000000000425e-09 7.778900000000000921e-09 4.144020000000000337e-09
7.741920000000000083e-09 8.189579999999999341e-09 4.354640000000000174e-09
8.137340000000001184e-09 8.626630000000001259e-09 4.577970000000000064e-09
8.556250000000000930e-09 9.091570000000001517e-09 4.814639999999999827e-09
8.999879999999999324e-09 9.586100000000001049e-09 5.065360000000000797e-09
9.469739999999999602e-09 1.011220000000000071e-08 5.330990000000000013e-09
9.967680000000000883e-09 1.067250000000000011e-08 5.612590000000000364e-09
1.049619999999999938e-08 1.127010000000000144e-08 5.911580000000000383e-09
1.105749999999999992e-08 1.190830000000000116e-08 6.229290000000000520e-09
1.165340000000000031e-08 1.258950000000000000e-08 6.566660000000000152e-09
1.228540000000000061e-08 1.331620000000000081e-08 6.924640000000000192e-09
1.295539999999999933e-08 1.409129999999999993e-08 7.304319999999999857e-09
1.366589999999999931e-08 1.491819999999999921e-08 7.707060000000000060e-09
1.441969999999999974e-08 1.580140000000000212e-08 8.134600000000001254e-09
1.522100000000000110e-08 1.674659999999999922e-08 8.589230000000000541e-09
1.607280000000000017e-08 1.775870000000000072e-08 9.072780000000000593e-09
1.697750000000000098e-08 1.884180000000000001e-08 9.586639999999999478e-09
1.793800000000000154e-08 2.000039999999999889e-08 1.013239999999999946e-08
1.895740000000000073e-08 2.124010000000000237e-08 1.071200000000000023e-08
2.004030000000000244e-08 2.256800000000000065e-08 1.132790000000000014e-08
2.119209999999999757e-08 2.399270000000000215e-08 1.198350000000000106e-08
2.241680000000000059e-08 2.552150000000000126e-08 1.268089999999999909e-08
2.371800000000000102e-08 2.716089999999999872e-08 1.342230000000000069e-08
2.509999999999999976e-08 2.891900000000000240e-08 1.421020000000000041e-08
2.656850000000000064e-08 3.080589999999999926e-08 1.504800000000000015e-08
2.813090000000000012e-08 3.283430000000000437e-08 1.593990000000000035e-08
2.979299999999999752e-08 3.501540000000000132e-08 1.688929999999999957e-08
3.155980000000000180e-08 3.735949999999999781e-08 1.789920000000000122e-08
3.343749999999999749e-08 3.987910000000000139e-08 1.897330000000000023e-08
3.543460000000000417e-08 4.259019999999999712e-08 2.011639999999999807e-08
3.756040000000000194e-08 4.551120000000000058e-08 2.133409999999999977e-08
3.982160000000000236e-08 4.865689999999999811e-08 2.263030000000000115e-08
4.222570000000000071e-08 5.204379999999999517e-08 2.400950000000000069e-08
4.478250000000000412e-08 5.569280000000000356e-08 2.547750000000000099e-08
4.750399999999999974e-08 5.962910000000000288e-08 2.704130000000000339e-08
5.039920000000000438e-08 6.387390000000000129e-08 2.870629999999999878e-08
5.347779999999999993e-08 6.845070000000000558e-08 3.047829999999999969e-08
5.675330000000000170e-08 7.338960000000000225e-08 3.236520000000000317e-08
6.024009999999999425e-08 7.872430000000000038e-08 3.437569999999999990e-08
6.394960000000000507e-08 8.448410000000000938e-08 3.651650000000000144e-08
6.789550000000000072e-08 9.070370000000001301e-08 3.879590000000000000e-08
7.209609999999999136e-08 9.742710000000000822e-08 4.122480000000000265e-08
7.656640000000000724e-08 1.046949999999999988e-07 4.381230000000000514e-08
8.132160000000001001e-08 1.125479999999999964e-07 4.656740000000000444e-08
8.638210000000000427e-08 1.210410000000000050e-07 4.950240000000000392e-08
9.176729999999999350e-08 1.302269999999999921e-07 5.262909999999999975e-08
9.749560000000000648e-08 1.401599999999999792e-07 5.595850000000000441e-08
1.035919999999999922e-07 1.509089999999999916e-07 5.950570000000000059e-08
1.100789999999999893e-07 1.625420000000000006e-07 6.328490000000000839e-08
1.169799999999999927e-07 1.751300000000000071e-07 6.730970000000000880e-08
1.243239999999999954e-07 1.887580000000000019e-07 7.159800000000000360e-08
1.321369999999999874e-07 2.035089999999999729e-07 7.616520000000000495e-08
1.404439999999999836e-07 2.194679999999999903e-07 8.102750000000000211e-08
1.492779999999999951e-07 2.367409999999999889e-07 8.620510000000000209e-08
1.586740000000000085e-07 2.554389999999999886e-07 9.171880000000000467e-08
1.686769999999999956e-07 2.757069999999999951e-07 9.759650000000000972e-08
1.793239999999999982e-07 2.976749999999999706e-07 1.038609999999999928e-07
1.906449999999999975e-07 3.214580000000000188e-07 1.105309999999999989e-07
2.026769999999999824e-07 3.471939999999999788e-07 1.176309999999999897e-07
2.154739999999999878e-07 3.750669999999999531e-07 1.251919999999999738e-07
2.290960000000000021e-07 4.052909999999999728e-07 1.332519999999999812e-07
2.435740000000000078e-07 4.380080000000000401e-07 1.418319999999999958e-07
2.589420000000000167e-07 4.733609999999999200e-07 1.509519999999999874e-07
2.752720000000000048e-07 5.116119999999999096e-07 1.606570000000000072e-07
2.926599999999999750e-07 5.531209999999999936e-07 1.710079999999999918e-07
3.111510000000000047e-07 5.980870000000000007e-07 1.820329999999999995e-07
3.307779999999999990e-07 6.466829999999999416e-07 1.937540000000000024e-07
3.516480000000000000e-07 6.993239999999999429e-07 2.062369999999999958e-07
3.738740000000000033e-07 7.564699999999999969e-07 2.195549999999999831e-07
3.974299999999999794e-07 8.181079999999999563e-07 2.336919999999999991e-07
4.223629999999999552e-07 8.844680000000000290e-07 2.486789999999999996e-07
4.489339999999999885e-07 9.565659999999999908e-07 2.646789999999999840e-07
4.772349999999999717e-07 1.034849999999999926e-06 2.817530000000000216e-07
5.072109999999999749e-07 1.119210000000000081e-06 2.998679999999999426e-07
5.389879999999999292e-07 1.210219999999999994e-06 3.191050000000000242e-07
5.726989999999999059e-07 1.308489999999999774e-06 3.395490000000000185e-07
6.084299999999999497e-07 1.414469999999999774e-06 3.612559999999999891e-07
6.464909999999999357e-07 1.529529999999999906e-06 3.844249999999999764e-07
6.870509999999999759e-07 1.654549999999999897e-06 4.091659999999999993e-07
7.326010000000000099e-07 1.802039999999999902e-06 4.371009999999999910e-07
7.765419999999999929e-07 1.939579999999999902e-06 4.639489999999999942e-07
8.234239999999999491e-07 2.089259999999999797e-06 4.926549999999999867e-07
8.734730000000000818e-07 2.252329999999999999e-06 5.233699999999999544e-07
9.269349999999998759e-07 2.430200000000000043e-06 5.562579999999999773e-07
9.840799999999999022e-07 2.624449999999999919e-06 5.914990000000000478e-07
1.045039999999999993e-06 2.835910000000000094e-06 6.291859999999999802e-07
1.109739999999999983e-06 3.064249999999999927e-06 6.692630000000000287e-07
1.178349999999999907e-06 3.310559999999999861e-06 7.118529999999999885e-07
1.251079999999999845e-06 3.576079999999999819e-06 7.570949999999999909e-07
1.328230000000000029e-06 3.862619999999999789e-06 8.051939999999999771e-07
1.409929999999999814e-06 4.171059999999999499e-06 8.562359999999999917e-07
1.496369999999999998e-06 4.502549999999999776e-06 9.103429999999999084e-07
1.587800000000000070e-06 4.858759999999999708e-06 9.676999999999998574e-07
1.684559999999999885e-06 5.241650000000000035e-06 1.028520000000000107e-06
1.787009999999999853e-06 5.653559999999999281e-06 1.093069999999999980e-06
1.895399999999999886e-06 6.096020000000000293e-06 1.161500000000000018e-06
2.010009999999999666e-06 6.570890000000000204e-06 1.233999999999999959e-06
2.131159999999999768e-06 7.080369999999999602e-06 1.310810000000000076e-06
2.259240000000000158e-06 7.626979999999999438e-06 1.392179999999999857e-06
2.394690000000000276e-06 8.213639999999999849e-06 1.478420000000000026e-06
2.538019999999999800e-06 8.843690000000000703e-06 1.569879999999999867e-06
2.689740000000000102e-06 9.520680000000000467e-06 1.666909999999999724e-06
2.850369999999999867e-06 1.024819999999999956e-05 1.769870000000000005e-06
3.020369999999999933e-06 1.102960000000000024e-05 1.879089999999999868e-06
3.200149999999999761e-06 1.186780000000000011e-05 1.994850000000000052e-06
3.390150000000000059e-06 1.276619999999999985e-05 2.117470000000000074e-06
3.590889999999999936e-06 1.372840000000000056e-05 2.247300000000000066e-06
3.802919999999999751e-06 1.475839999999999917e-05 2.384739999999999634e-06
4.026819999999999843e-06 1.586040000000000149e-05 2.530179999999999804e-06
4.263189999999999412e-06 1.703900000000000068e-05 2.684060000000000014e-06
4.512719999999999714e-06 1.829909999999999900e-05 2.846849999999999687e-06
4.776099999999999046e-06 1.964600000000000130e-05 3.019059999999999772e-06
5.054099999999999603e-06 2.108549999999999997e-05 3.201220000000000074e-06
5.347519999999999752e-06 2.262379999999999844e-05 3.393899999999999811e-06
5.657269999999999623e-06 2.426780000000000167e-05 3.597749999999999986e-06
5.984259999999999351e-06 2.602479999999999857e-05 3.813429999999999757e-06
6.329399999999999065e-06 2.790170000000000088e-05 4.041579999999999851e-06
6.693549999999999636e-06 2.990550000000000022e-05 4.282809999999999742e-06
7.077659999999999758e-06 3.204379999999999973e-05 4.537819999999999694e-06
7.498359999999999813e-06 3.448290000000000150e-05 4.819270000000000193e-06
7.916489999999998806e-06 3.682399999999999844e-05 5.097190000000000236e-06
8.359069999999998895e-06 3.933589999999999721e-05 5.392109999999999438e-06
8.827590000000000976e-06 4.203220000000000052e-05 5.705159999999999770e-06
9.323679999999998796e-06 4.492749999999999972e-05 6.037529999999999774e-06
9.849059999999999177e-06 4.803790000000000300e-05 6.390509999999999908e-06
1.040429999999999964e-05 5.136649999999999685e-05 6.764479999999999650e-06
1.098929999999999997e-05 5.490950000000000003e-05 7.159329999999999774e-06
1.160569999999999969e-05 5.867969999999999995e-05 7.576189999999999710e-06
1.225500000000000040e-05 6.269109999999999342e-05 8.016249999999999694e-06
1.294699999999999988e-05 6.705009999999999692e-05 8.487059999999999342e-06
1.367410000000000008e-05 7.166760000000000480e-05 8.982689999999998864e-06
1.443830000000000032e-05 7.655790000000000099e-05 9.504419999999999712e-06
1.524139999999999946e-05 8.173640000000000571e-05 1.005359999999999976e-05
1.608529999999999997e-05 8.721950000000000070e-05 1.063170000000000021e-05
1.697240000000000033e-05 9.302530000000000532e-05 1.124029999999999977e-05
1.790460000000000134e-05 9.917200000000000527e-05 1.188100000000000026e-05
1.888449999999999851e-05 1.056790000000000024e-04 1.255540000000000010e-05
1.991419999999999985e-05 1.125669999999999948e-04 1.326540000000000008e-05
2.099650000000000133e-05 1.198570000000000012e-04 1.401270000000000053e-05
2.213380000000000143e-05 1.275709999999999887e-04 1.479930000000000076e-05
2.331289999999999833e-05 1.355189999999999878e-04 1.561369999999999926e-05
2.455539999999999871e-05 1.439730000000000122e-04 1.647370000000000119e-05
2.586459999999999966e-05 1.529609999999999878e-04 1.738180000000000017e-05
2.724389999999999847e-05 1.625130000000000075e-04 1.834030000000000125e-05
2.869659999999999898e-05 1.726610000000000059e-04 1.935190000000000017e-05
3.022619999999999870e-05 1.834360000000000103e-04 2.041909999999999903e-05
3.183639999999999897e-05 1.948709999999999982e-04 2.154480000000000080e-05
3.353100000000000134e-05 2.069999999999999900e-04 2.273160000000000103e-05
3.531400000000000104e-05 2.198579999999999946e-04 2.398259999999999972e-05
3.718950000000000028e-05 2.334829999999999870e-04 2.530080000000000008e-05
3.916170000000000149e-05 2.479110000000000189e-04 2.668939999999999895e-05
4.123520000000000120e-05 2.631840000000000199e-04 2.815170000000000018e-05
4.341470000000000295e-05 2.793440000000000007e-04 2.969130000000000150e-05
4.570519999999999737e-05 2.964330000000000263e-04 3.131180000000000063e-05
4.811190000000000263e-05 3.144980000000000236e-04 3.301709999999999937e-05
5.064019999999999671e-05 3.335880000000000052e-04 3.481120000000000308e-05
5.329589999999999908e-05 3.537559999999999923e-04 3.669850000000000109e-05
5.608520000000000302e-05 3.750550000000000064e-04 3.868350000000000326e-05
5.901440000000000201e-05 3.975440000000000007e-04 4.077099999999999979e-05
6.209019999999999719e-05 4.212840000000000139e-04 4.296590000000000142e-05
6.531989999999999780e-05 4.463390000000000239e-04 4.527369999999999989e-05
6.871079999999999950e-05 4.727789999999999944e-04 4.769980000000000026e-05
7.227070000000000586e-05 5.006739999999999975e-04 5.025030000000000235e-05
7.600790000000000118e-05 5.300990000000000216e-04 5.293099999999999856e-05
7.993089999999999733e-05 5.611330000000000094e-04 5.574859999999999679e-05
8.404859999999999350e-05 5.938599999999999825e-04 5.870969999999999797e-05
8.837070000000000417e-05 6.283680000000000255e-04 6.182149999999999755e-05
9.290710000000000364e-05 6.647480000000000533e-04 6.509149999999999843e-05
9.766800000000000069e-05 7.030989999999999983e-04 6.852749999999999738e-05
1.026649999999999937e-04 7.435229999999999487e-04 7.213769999999999883e-05
1.079079999999999975e-04 7.861279999999999787e-04 7.593080000000000153e-05
1.134110000000000023e-04 8.310280000000000401e-04 7.991590000000000510e-05
1.191850000000000049e-04 8.783410000000000393e-04 8.410240000000000305e-05
1.252439999999999955e-04 9.281930000000000085e-04 8.850030000000000375e-05
1.316009999999999890e-04 9.807209999999999366e-04 9.312040000000000378e-05
1.382730000000000092e-04 1.036070000000000046e-03 9.797390000000000059e-05
1.452729999999999896e-04 1.094380000000000049e-03 1.030729999999999938e-04
1.526180000000000082e-04 1.155819999999999894e-03 1.084279999999999993e-04
1.603250000000000074e-04 1.220539999999999993e-03 1.140540000000000027e-04
1.684099999999999952e-04 1.288709999999999986e-03 1.199630000000000032e-04
1.768919999999999998e-04 1.360490000000000007e-03 1.261679999999999887e-04
1.857890000000000062e-04 1.436049999999999913e-03 1.326830000000000034e-04
1.951199999999999885e-04 1.515580000000000096e-03 1.395230000000000125e-04
2.049060000000000063e-04 1.599249999999999977e-03 1.467030000000000081e-04
2.151669999999999950e-04 1.687270000000000046e-03 1.542389999999999983e-04
2.259259999999999914e-04 1.779820000000000100e-03 1.621460000000000024e-04
2.372030000000000124e-04 1.877109999999999976e-03 1.704420000000000056e-04
2.490239999999999793e-04 1.979349999999999946e-03 1.791429999999999889e-04
2.614129999999999991e-04 2.086750000000000063e-03 1.882689999999999960e-04
2.743959999999999932e-04 2.199560000000000144e-03 1.978390000000000010e-04
2.880000000000000073e-04 2.318020000000000063e-03 2.078729999999999933e-04
3.022550000000000258e-04 2.442399999999999953e-03 2.183929999999999942e-04
3.171919999999999948e-04 2.572979999999999885e-03 2.294230000000000021e-04
3.328429999999999844e-04 2.710080000000000128e-03 2.409869999999999883e-04
3.492419999999999878e-04 2.854010000000000141e-03 2.531109999999999827e-04
3.664249999999999756e-04 3.005090000000000192e-03 2.658210000000000152e-04
3.844289999999999882e-04 3.163659999999999996e-03 2.791450000000000116e-04
4.032940000000000049e-04 3.330099999999999900e-03 2.931119999999999949e-04
4.230589999999999893e-04 3.504789999999999815e-03 3.077549999999999969e-04
4.437700000000000151e-04 3.688149999999999849e-03 3.231050000000000176e-04
4.654719999999999778e-04 3.880619999999999990e-03 3.391989999999999892e-04
4.882129999999999825e-04 4.082660000000000108e-03 3.560719999999999749e-04
5.120450000000000348e-04 4.294789999999999719e-03 3.737629999999999924e-04
5.370200000000000320e-04 4.517509999999999755e-03 3.923139999999999982e-04
5.631930000000000269e-04 4.751359999999999612e-03 4.117659999999999875e-04
5.906239999999999884e-04 4.996910000000000240e-03 4.321640000000000182e-04
6.193719999999999781e-04 5.254779999999999694e-03 4.535550000000000172e-04
6.495029999999999510e-04 5.525600000000000303e-03 4.759879999999999970e-04
6.810829999999999705e-04 5.810029999999999882e-03 4.995139999999999476e-04
7.141800000000000231e-04 6.108729999999999716e-03 5.241850000000000372e-04
7.488650000000000341e-04 6.422370000000000162e-03 5.500550000000000318e-04
7.852100000000000529e-04 6.751639999999999725e-03 5.771790000000000384e-04
8.232909999999999751e-04 7.097240000000000319e-03 6.056129999999999630e-04
8.631869999999999604e-04 7.459880000000000330e-03 6.354159999999999756e-04
9.049810000000000146e-04 7.840329999999999522e-03 6.666509999999999840e-04
9.487589999999999739e-04 8.239379999999999274e-03 6.993820000000000201e-04
9.946110000000000628e-04 8.657859999999999862e-03 7.336769999999999620e-04
1.042629999999999902e-03 9.096639999999999587e-03 7.696069999999999517e-04
1.092920000000000046e-03 9.556620000000000045e-03 8.072459999999999618e-04
1.145579999999999992e-03 1.003880000000000050e-02 8.466720000000000279e-04
1.200729999999999896e-03 1.054420000000000010e-02 8.879720000000000018e-04
1.258479999999999972e-03 1.107400000000000051e-02 9.312339999999999680e-04
1.318960000000000098e-03 1.162930000000000040e-02 9.765540000000000288e-04
1.382299999999999935e-03 1.221159999999999954e-02 1.024029999999999992e-03
1.448639999999999954e-03 1.282200000000000006e-02 1.073769999999999933e-03
1.518119999999999973e-03 1.346209999999999941e-02 1.125890000000000050e-03
1.590889999999999969e-03 1.413329999999999968e-02 1.180499999999999909e-03
1.667129999999999957e-03 1.483729999999999945e-02 1.237720000000000096e-03
1.746989999999999914e-03 1.557580000000000076e-02 1.297699999999999939e-03
1.830660000000000013e-03 1.635059999999999986e-02 1.360560000000000025e-03
1.918329999999999992e-03 1.716360000000000108e-02 1.426449999999999897e-03
2.010189999999999807e-03 1.801670000000000008e-02 1.495519999999999966e-03
2.106439999999999788e-03 1.891210000000000113e-02 1.567929999999999931e-03
2.207290000000000207e-03 1.985169999999999990e-02 1.643839999999999928e-03
2.312970000000000130e-03 2.083780000000000007e-02 1.723420000000000030e-03
2.423699999999999986e-03 2.187259999999999899e-02 1.806850000000000036e-03
2.539730000000000026e-03 2.295869999999999855e-02 1.894300000000000020e-03
2.661310000000000064e-03 2.409839999999999899e-02 1.985989999999999978e-03
2.788699999999999860e-03 2.529429999999999873e-02 2.082099999999999923e-03
2.922169999999999976e-03 2.654909999999999909e-02 2.182840000000000127e-03
3.062000000000000052e-03 2.786550000000000138e-02 2.288420000000000211e-03
3.208480000000000099e-03 2.924639999999999879e-02 2.399080000000000049e-03
3.361949999999999834e-03 3.069480000000000125e-02 2.515050000000000011e-03
3.522720000000000018e-03 3.221430000000000127e-02 2.636599999999999795e-03
3.691160000000000187e-03 3.380840000000000234e-02 2.763999999999999964e-03
3.867660000000000195e-03 3.548140000000000321e-02 2.897559999999999979e-03
4.052609999999999893e-03 3.723719999999999808e-02 3.037579999999999794e-03
4.246439999999999763e-03 3.908040000000000125e-02 3.184399999999999991e-03
4.449579999999999855e-03 4.101529999999999759e-02 3.338349999999999911e-03
4.662470000000000156e-03 4.304689999999999905e-02 3.499790000000000019e-03
4.885610000000000300e-03 4.517990000000000200e-02 3.669089999999999852e-03
5.119480000000000038e-03 4.741950000000000331e-02 3.846630000000000188e-03
5.364579999999999869e-03 4.977079999999999699e-02 4.032799999999999579e-03
5.621459999999999999e-03 5.223930000000000240e-02 4.228019999999999869e-03
5.890669999999999761e-03 5.483060000000000017e-02 4.432720000000000236e-03
6.172770000000000166e-03 5.755009999999999987e-02 4.647329999999999864e-03
6.468330000000000433e-03 6.040340000000000292e-02 4.872269999999999726e-03
6.777949999999999600e-03 6.339619999999999977e-02 5.108019999999999575e-03
7.102269999999999937e-03 6.653449999999999642e-02 5.355040000000000147e-03
7.441970000000000009e-03 6.982499999999999818e-02 5.613860000000000031e-03
7.797740000000000053e-03 7.327459999999999529e-02 5.885010000000000414e-03
8.170349999999999835e-03 7.689079999999999526e-02 6.169080000000000397e-03
8.560639999999999569e-03 8.068259999999999321e-02 6.466730000000000395e-03
8.969529999999999864e-03 8.466020000000000489e-02 6.778679999999999602e-03
9.397980000000000222e-03 8.883430000000000493e-02 7.105730000000000206e-03
9.847049999999999553e-03 9.321699999999999431e-02 7.448699999999999939e-03
1.031780000000000024e-02 9.782150000000000567e-02 7.808510000000000277e-03
1.081159999999999934e-02 1.026620000000000033e-01 8.186149999999999677e-03
1.132960000000000043e-02 1.077560000000000046e-01 8.582740000000000161e-03
1.187329999999999983e-02 1.131199999999999983e-01 8.999439999999999176e-03
1.244430000000000015e-02 1.187750000000000056e-01 9.437559999999999352e-03
1.304409999999999945e-02 1.247430000000000067e-01 9.898570000000000632e-03
1.367480000000000084e-02 1.310499999999999998e-01 1.038399999999999913e-02
1.433800000000000005e-02 1.377200000000000091e-01 1.089550000000000067e-02
1.503559999999999966e-02 1.447769999999999890e-01 1.143450000000000022e-02
1.576960000000000167e-02 1.522469999999999934e-01 1.200279999999999923e-02
1.654200000000000115e-02 1.601559999999999928e-01 1.260200000000000035e-02
1.735480000000000009e-02 1.685329999999999884e-01 1.323399999999999924e-02
1.821029999999999871e-02 1.774080000000000101e-01 1.390060000000000080e-02
1.911080000000000070e-02 1.868080000000000018e-01 1.460370000000000071e-02
2.005840000000000053e-02 1.967659999999999965e-01 1.534529999999999922e-02
2.105560000000000070e-02 2.073109999999999953e-01 1.612740000000000007e-02
2.210459999999999856e-02 2.184689999999999965e-01 1.695179999999999951e-02
2.320770000000000124e-02 2.302710000000000035e-01 1.782040000000000013e-02
2.436750000000000027e-02 2.427459999999999896e-01 1.873539999999999928e-02
2.558679999999999982e-02 2.559339999999999948e-01 1.969929999999999945e-02
2.686749999999999902e-02 2.698479999999999768e-01 2.071320000000000106e-02
2.821260000000000087e-02 2.845249999999999724e-01 2.177969999999999906e-02
2.962539999999999965e-02 3.000099999999999989e-01 2.290179999999999993e-02
3.110920000000000005e-02 3.163480000000000181e-01 2.408209999999999865e-02
