1.	3.828153159969151e-10
1.02329299228069992	3.827780181049775e-10
1.04712854805080013	3.827417557188559e-10
1.07151930523759997	3.8270651999186424e-10
1.09647819614309983	3.8267230210082513e-10
1.12201845430189984	3.8263909324556226e-10
1.1481536214968	3.82606884648457e-10
1.17489755493949999	3.8257566755394626e-10
1.20226443461740007	3.82545433228077e-10
1.23026877081229991	3.825161729580438e-10
1.2589254117941	3.824878780517207e-10
1.28824955169310007	3.8246053983722385e-10
1.31825673855639991	3.8243414966246034e-10
1.34896288259160002	3.8240869889468893e-10
1.38038426460280017	3.823841789200801e-10
1.41253754462269998	3.823605811432847e-10
1.44543977074589991	3.823378969870126e-10
1.47910838816820012	3.823161178916119e-10
1.51356124843619999	3.822952353146399e-10
1.54881661891239997	3.822752407304607e-10
1.58489319246110005	3.8225612562983495e-10
1.62181009735890003	3.8223788151951205e-10
1.65958690743750004	3.822204999218416e-10
1.69824365246169995	3.8220397237436196e-10
1.73780082874929986	3.8218829042942444e-10
1.77827941003889989	3.8217344565380937e-10
1.81970085860989994	3.821594296283245e-10
1.86208713666279979	3.8214623394745206e-10
1.90546071796320016	3.821338502189572e-10
1.94984459975800006	3.8212227006353336e-10
1.99526231496880002	3.8211148511443484e-10
2.04173794466949987	3.821014870171046e-10
2.08929613085400012	3.8209226742883413e-10
2.13796208950220024	3.820838180184056e-10
2.18776162394950013	3.8207613046574447e-10
2.23872113856829991	3.820691964615707e-10
2.29086765276769988	3.8206300770707136e-10
2.3442288153198998	3.8205755591355754e-10
2.39883291901940021	3.8205283280212937e-10
2.45470891568499994	3.8204883010336314e-10
2.5118864315095002	3.8204553955696643e-10
2.57039578276879999	3.820429529114816e-10
2.63026799189530003	3.8204106192395745e-10
2.69153480392690003	3.8203985835963814e-10
2.7542287033381001	3.8203933399166134e-10
2.81838293126439998	3.820394806007527e-10
2.88403150312659973	3.8204028997491637e-10
2.95120922666629992	3.8204175390916437e-10
3.01995172040200011	3.820438642051969e-10
3.09029543251349992	3.82046612671127e-10
3.16227766016830003	3.8204999112119865e-10
3.2359365692962001	3.820539913755058e-10
3.31131121482590007	3.8205860525970567e-10
3.38844156139199981	3.8206382460475956e-10
3.46736850452530021	3.8206964124665456e-10
3.54813389233569998	3.820760470261431e-10
3.63078054770100023	3.8208303378847603e-10
3.71535229097170028	3.820905933831549e-10
3.80189396320559991	3.820987176636627e-10
3.89045144994280001	3.821073984872294e-10
3.98107170553489986	3.821166277145719e-10
4.07380277804109969	3.821263972096592e-10
4.16869383470329957	3.821366988394699e-10
4.26579518801589952	3.821475244737562e-10
4.36515832240160062	3.8215886598481447e-10
4.46683592150959985	3.8217071524725257e-10
4.57088189614870011	3.821830641377674e-10
4.67735141287190004	3.8219590453492136e-10
4.78630092322630052	3.822092283189339e-10
4.89778819368440033	3.8222302737145013e-10
5.01187233627270068	3.822372935753497e-10
5.12861383991360054	3.8225201881452425e-10
5.24807460249770052	3.822671949736827e-10
5.37031796370250003	3.822828139381563e-10
5.4954087385761996	3.822988675936848e-10
5.62341325190339969	3.823153478262436e-10
5.7543993733715002	3.823322465218444e-10
5.88843655355579987	3.823495555663474e-10
6.02559586074349962	3.823672668452942e-10
6.16595001861479997	3.82385372243712e-10
6.30957344480189963	3.8240386364594586e-10
6.4565422903465004	3.824227329354948e-10
6.60693448007589978	3.824419719948325e-10
6.76082975391980057	3.824615727052528e-10
6.91830970918929999	3.8248152694669924e-10
7.07945784384129961	3.8250182659761884e-10
7.24435960074980034	3.825224635348069e-10
7.41310241300910011	3.825434296332496e-10
7.58577575029180018	3.825647167659882e-10
7.76247116628690037	3.825863168039635e-10
7.9432823472427998	3.8260822161589186e-10
8.128305161640899	3.826304230681209e-10
8.31763771102670013	3.826529130244957e-10
8.51138038202370062	3.826756833462369e-10
8.70963589956079964	3.826987258918144e-10
8.91250938133740078	3.827220325168166e-10
9.12010839355899883	3.8274559507385096e-10
9.33254300796989966	3.827694054124136e-10
9.54992586021429979	3.827934553787863e-10
9.7723722095580996	3.828177368159263e-10
10.	3.8284224156336494e-10
10.2329299228075001	3.8286696145711065e-10
10.4712854805089002	3.8289188832954613e-10
10.7151930523760015	3.8291701400933913e-10
10.9647819614318003	3.829423303213533e-10
11.2201845430195988	3.8296782908656334e-10
11.4815362149688003	3.829935021219722e-10
11.7489755493951993	3.8301934124053486e-10
12.0226443461741006	3.8304533825107477e-10
12.3026877081238002	3.8307148495823296e-10
12.5892541179416	3.830977731623692e-10
12.8824955169313	3.831241946595302e-10
13.1825673855640009	3.8315074124137487e-10
13.4896288259164994	3.8317740469510716e-10
13.8038426460287997	3.832041768034465e-10
14.1253754462274994	3.832310493445596e-10
14.4543977074591989	3.832580140920217e-10
14.7910838816820007	3.8328506281477263e-10
15.1356124843619995	3.833121872770858e-10
15.4881661891248008	3.8333937923851937e-10
15.8489319246110991	3.8336663045389967e-10
16.2181009735892978	3.83393932673283e-10
16.5958690743755994	3.8342127764193846e-10
16.9824365246174018	3.834486571003203e-10
17.3780082874936994	3.8347606278406705e-10
17.7827941003892	3.835034864239672e-10
18.1970085860998019	3.835309197459697e-10
18.6208713666285988	3.8355835447116387e-10
19.0546071796324021	3.835857823157889e-10
19.4984459975804008	3.836131949912293e-10
19.9526231496887974	3.8364058420402416e-10
20.4173794466952003	3.836679416558715e-10
20.8929613085403005	3.8369525904365085e-10
21.3796208950223026	3.8372252805943045e-10
21.8776162394954987	3.837497403904928e-10
22.3872113856834005	3.8377688771936234e-10
22.9086765276776987	3.838039617238232e-10
23.4422881531991969	3.838309540769633e-10
23.9883291901949001	3.8385785644720544e-10
24.5470891568503014	3.838846604983417e-10
25.1188643150958022	3.839113578895852e-10
25.7039578276886012	3.8393794027560784e-10
26.3026799189537996	3.839643993066073e-10
26.9153480392691016	3.839907266283392e-10
27.5422870333816014	3.8401691388219495e-10
28.1838293126445016	3.840429527052535e-10
28.8403150312659982	3.840688347303517e-10
29.5120922666637995	3.8409455158614857e-10
30.1995172040201005	3.841200948972103e-10
30.9029543251359016	3.8414545628407794e-10
31.6227766016837002	3.841706273633482e-10
32.3593656929627969	3.841955997477694e-10
33.1131121482590984	3.842203650463141e-10
33.8844156139201971	3.8424491486428663e-10
34.6736850452531016	3.8426924080341606e-10
35.4813389233575052	3.8429333446194775e-10
36.3078054770100991	3.843171874347606e-10
37.1535229097171964	3.8434079131346783e-10
38.018939632056096	3.8436413768652957e-10
38.9045144994280037	3.8438721813937e-10
39.8107170553496985	3.844100242545007e-10
40.7380277804111941	3.8443254761163134e-10
41.6869383470334966	3.844547797878187e-10
42.657951880159203	3.8447671235757293e-10
43.6515832240165977	3.8449833689301513e-10
44.6683592150963022	3.8451964496400513e-10
45.708818961487502	3.845406281382819e-10
46.7735141287198033	3.8456127798161993e-10
47.8630092322638063	3.8458158605796965e-10
48.9778819368446037	3.846015439296169e-10
50.1187233627272022	3.8462114315735096e-10
51.2861383991363979	3.846403753006043e-10
52.4807460249772006	3.846592319176375e-10
53.703179637025201	3.846777045657049e-10
54.9540873857623993	3.846957848012241e-10
56.2341325190349011	3.8471346417995923e-10
57.5439937337155953	3.847307342571964e-10
58.8843655355588993	3.847475865879331e-10
60.2559586074356943	3.8476401272707324e-10
61.6595001861482004	3.8478000422960545e-10
63.0957344480193001	3.8479555265081286e-10
64.565422903465489	3.8481064954647175e-10
66.0693448007595947	3.848252864730454e-10
67.6082975391981051	3.8483945994354716e-10
69.1830970918936004	3.8485332955892064e-10
70.7945784384138079	3.848672511555132e-10
72.4435960074989964	3.8488159231917183e-10
74.1310241300917028	3.8489672074697207e-10
75.8577575029184032	3.8491300425873793e-10
77.6247116628691032	3.8493081081566334e-10
79.4328234724280975	3.84950508546027e-10
81.2830516164099066	3.849724657780281e-10
83.1763771102669978	3.849970510797453e-10
85.1138038202376066	3.850246333062297e-10
87.096358995608	3.8505558165376387e-10
89.125093813374491	3.850902657212926e-10
91.2010839355909013	3.8512905557906207e-10
93.325430079699089	3.8517232184450546e-10
95.4992586021434988	3.8522043576539427e-10
97.723722095580996	3.852737693103242e-10
100.	3.8533269526656677e-10
102.329299228075399	3.8539758734535826e-10
104.712854805089904	3.8546882029468953e-10
107.151930523760697	3.855467700196851e-10
109.647819614318507	3.8563181371063264e-10
112.2018454301963	3.857243299787993e-10
114.815362149688298	3.858246990000953e-10
117.489755493952899	3.859333026667675e-10
120.226443461741297	3.8605052474717585e-10
123.026877081238112	3.8617675105388745e-10
125.892541179416696	3.8631236962018575e-10
128.824955169313313	3.864577708851929e-10
131.825673855640702	3.8661334788779617e-10
134.896288259165317	3.867794964695967e-10
138.038426460288491	3.869566154870851e-10
141.253754462275396	3.8714510703332995e-10
144.543977074592789	3.8734537666937945e-10
147.9108388168207	3.8755783366573485e-10
151.35612484362079	3.877828912541731e-10
154.881661891248115	3.880209668902296e-10
158.489319246111393	3.8827248252674026e-10
162.1810097358929	3.885378648988089e-10
165.958690743756108	3.888175458206013e-10
169.824365246174381	3.8911196249443764e-10
173.780082874937591	3.894215578326146e-10
177.827941003892306	3.8974678079251497e-10
181.970085860998381	3.9008808672549477e-10
186.208713666286684	3.904459377401754e-10
190.546071796324782	3.9082080308070567e-10
194.984459975804498	3.9121315952072127e-10
199.526231496887988	3.9162349177362994e-10
204.173794466952899	3.920522929200529e-10
208.929613085403815	3.9250006485315866e-10
213.796208950223189	3.9296731874278007e-10
218.776162394955094	3.9345457551923206e-10
223.872113856834005	3.939623663777802e-10
229.086765276777214	3.944912333048217e-10
234.422881531992204	3.950417296268674e-10
239.883291901948979	3.956144205835326e-10
245.470891568503106	3.9620988392575587e-10
251.188643150957915	3.9682871054064236e-10
257.039578276886402	3.9747150510431146e-10
263.02679918953811	3.9813888676433306e-10
269.15348039269162	3.9883148985334313e-10
275.422870333816604	3.995499646356076e-10
281.838293126445478	4.002949780883847e-10
288.4031503126605	4.010672147200973e-10
295.120922666638705	4.018673774274076e-10
301.995172040201624	4.026961883935116e-10
309.0295432513592	4.035543900300449e-10
316.227766016837904	4.044428247400643e-10
323.593656929628366	4.0536301907255537e-10
331.131121482591084	4.0631686678851626e-10
338.84415613920271	4.073063101179224e-10
346.736850452531598	4.0833334066379896e-10
354.81338923357572	4.094000029213548e-10
363.078054770101403	4.1050839806375854e-10
371.535229097172419	4.116606880129852e-10
380.18939632056123	4.128590998161477e-10
389.04514499428052	4.1410593034969174e-10
398.107170553497326	4.1540355137624235e-10
407.380277804112609	4.1675441498138756e-10
416.869383470335492	4.181610594205491e-10
426.579518801592485	4.1962611540927645e-10
436.515832240166105	4.211523128937407e-10
446.683592150962966	4.2274248834225174e-10
457.088189614875205	4.243995926028298e-10
467.735141287198132	4.2612669937691115e-10
478.630092322638461	4.2792701436460817e-10
489.778819368446079	4.2980388514311914e-10
501.187233627272462	4.3176081184677063e-10
512.861383991364846	4.338014587248409e-10
524.807460249772816	4.3592966666204855e-10
537.031796370252664	4.381494667563933e-10
549.540873857624888	4.404650950600648e-10
562.341325190349039	4.428810086017004e-10
575.439937337157289	4.4540190282246383e-10
588.843655355589021	4.4803273057450776e-10
602.559586074358094	4.5077872284876314e-10
616.59500186148216	4.536454114198882e-10
630.957344480193569	4.566386536200918e-10
645.6542290346556	4.5976465948087225e-10
660.693448007595748	4.6303002151305405e-10
676.082975391981904	4.664417474315724e-10
691.830970918936259	4.700072961728881e-10
707.945784384138051	4.737346176009153e-10
724.435960074989907	4.776321963527204e-10
741.31024130091771	4.817091003396628e-10
758.577575029183549	4.859750344944308e-10
776.24711662869197	4.904404004417057e-10
794.328234724281401	4.951163628722211e-10
812.830516164099549	5.000149235196013e-10
831.76377110267083	5.051490037800621e-10
851.13803820237672	5.105324706563743e-10
870.963589956080455	5.161775765371118e-10
891.250938133745876	5.220938765742159e-10
912.010839355909638	5.282913803435659e-10
933.254300796991515	5.347808307284664e-10
954.992586021435954	5.415737531883795e-10
977.237220955811267	5.486825099655169e-10
1000.	5.561203597286885e-10
1023.29299228075479	5.63901523218687e-10
1047.12854805089955	5.720412555334003e-10
1071.51930523760711	5.805559257751591e-10
1096.47819614318519	5.894631048793657e-10
1122.01845430196431	5.987816625540023e-10
1148.15362149688281	6.085318743869974e-10
1174.89755493953044	6.187355403251075e-10
1202.26443461741314	6.294161158976037e-10
1230.26877081238126	6.405988577547146e-10
1258.92541179416753	6.523109853191595e-10
1288.24955169313353	6.645818606154915e-10
1318.25673855640775	6.774431886530619e-10
1348.96288259165317	6.909292411031638e-10
1380.3842646028852	7.050771064396521e-10
1412.53754462275401	7.199269702178955e-10
1445.43977074592817	7.355224297652258e-10
1479.10838816820728	7.519108482659513e-10
1513.56124843620887	7.691437540700781e-10
1548.81661891248132	7.87277292066174e-10
1584.89319246111404	8.063727351729052e-10
1621.81009735892985	8.264970654666393e-10
1659.58690743756119	8.477236362332147e-10
1698.24365246174443	8.701329283843057e-10
1737.80082874937625	8.938134173077883e-10
1778.27941003892283	9.188625694484644e-10
1819.70085860998438	9.453879918974544e-10
1862.08713666286758	9.735087632097492e-10
1905.46071796324827	1.0033569798373256e-9
1949.84459975804566	1.0350795603138466e-9
1995.2623149688809	1.0688403591273488e-9
2041.73794466952972	1.1048212088185817e-9
2089.29613085404117	1.1432174475945552e-9
2137.96208950223263	1.1842441985521518e-9
2187.7616239495519	1.2281418536872738e-9
2238.72113856833994	1.2751797494164756e-9
2290.86765276777214	1.3256604903321855e-9
2344.22881531992289	1.3799250612976348e-9
2398.83291901948996	1.4383589009657946e-9
2454.70891568503112	1.501399155456456e-9
2511.88643150958023	1.5695433910535123e-9
2570.39578276886505	1.643360124918491e-9
2630.26799189538133	1.7235016410115682e-9
2691.53480392691699	1.8107197066213397e-9
2754.22870333816627	1.9058850112110568e-9
2818.38293126445524	2.010011441618819e-9
2884.031503126605	2.1242867300891854e-9
2951.20922666638717	2.2501116354078105e-9
3019.95172040201624	2.3891507605202203e-9
3090.295432513592	2.543399572770914e-9
3162.2776601683795	2.7152745244843084e-9
3235.93656929628469	2.9077369969678016e-9
3311.31121482591106	3.1244682584923647e-9
3388.44156139202778	3.3701239012406034e-9
3467.36850452531644	3.650716483142161e-9
3548.13389233575663	3.974212583446086e-9
3630.7805477010138	4.3515016481016244e-9
3715.3522909717276	4.798031900575214e-9
3801.89396320561264	5.336678805151769e-9
3890.45144994280508	6.002940000379029e-9
3981.07170553497326	6.854568048298411e-9
4073.8027780411262	7.989927932586204e-9
4168.6938347033547	9.585471536067e-9
4265.7951880159253	1.197106324254659e-8
4365.15832240166128	1.580250364623701e-8
4466.83592150962977	2.2526560923050074e-8
4570.88189614875137	3.589628167089579e-8
4677.35141287198076	6.844363483815364e-8
4786.30092322638484	1.860448871829402e-7
4897.78819368446148	1.6124940803919765e-6
5011.87233627272508	2.008049142042158e-6
5128.61383991364892	2.7230675641423195e-7
5248.07460249772794	1.1926847366045637e-7
5370.31796370252687	7.27606549154738e-8
5495.40873857624865	5.1859975436080227e-8
5623.41325190349107	4.041949283942821e-8
5754.39937337157244	3.3371825575259637e-8
5888.43655355588999	2.86805713981226e-8
6025.5958607435814	2.5386740341144112e-8
6165.95001861482251	2.2985755867349694e-8
6309.57344480193569	2.1189506255573783e-8
6456.542290346556	1.982289770616451e-8
6606.93448007596453	1.8774253610250245e-8
6760.82975391981927	1.7969635734901344e-8
6918.30970918936328	1.735866978781992e-8
7079.45784384138005	1.690556671016244e-8
7244.35960074989907	1.6584341678660206e-8
7413.10241300917733	1.637650958752662e-8
7585.77575029183572	1.626900270529536e-8
7762.47116628691947	1.625278545218538e-8
7943.28234724281356	1.6321939367675167e-8
8128.30516164099481	1.6473057567729497e-8
8317.63771102670944	1.6704850640804547e-8
8511.38038202376811	1.7017903121132222e-8
8709.63589956080432	1.7414542511617224e-8
8912.50938133745876	1.789879732923339e-8
9120.10839355909593	1.8476430176251272e-8
9332.54300796991447	1.9155038316401876e-8
9549.92586021435818	1.99442187438716e-8
9772.37220955811244	2.0855797851779617e-8
10000.	2.1904127751667122e-8
10232.9299228075361	2.3106451968144143e-8
10471.2854805090083	2.4483342187850704e-8
10715.1930523760711	2.60592040791036e-8
10964.7819614318523	2.786284236938114e-8
11220.1845430196263	2.992806087826239e-8
11481.536214968839	3.229424820246577e-8
11748.9755493953016	3.500687974036238e-8
12022.644346174131	3.812323307640765e-8
12302.6877081238108	4.172488346629363e-8
12589.2541179416621	4.591690226325287e-8
12882.4955169313489	5.083404941237687e-8
13182.5673855640744	5.665129746684576e-8
13489.6288259165322	6.359892883508873e-8
13803.842646028841	7.198460571134188e-8
14125.3754462275538	8.222631685488582e-8
14454.3977074592804	9.490273053182439e-8
14791.0838816820724	1.1083221536062074e-7
15135.6124843620728	1.3120064395159889e-7
15488.1661891248277	1.5777537048597694e-7
15848.9319246111409	1.9327816679405208e-7
16218.1009735892985	2.4206664004093163e-7
16595.8690743755942	3.114515704648597e-7
16982.4365246174602	4.1442474554579265e-7
17378.0082874937616	5.758128517373123e-7
17782.7941003892302	8.477784828572307e-7
18197.0085860998261	1.3550950751018532e-6
18620.8713666286894	2.4585494303448942e-6
19054.6071796324832	5.579741591772029e-6
19498.4459975804493	0.000021242299564913336
19952.6231496887849	0.0025221839912497866
20417.3794466953223	0.00003696780186651016
20892.9613085404053	9.01495750420689e-6
21379.6208950223227	4.2253098189161185e-6
21877.6162394955209	2.556739232336876e-6
22387.2113856834258	1.7758766479080785e-6
22908.6765276777478	1.345578321650196e-6
23442.2881531992243	1.0828642972095524e-6
23988.3291901949015	9.111285580995816e-7
24547.0891568502884	7.935620922585828e-7
25118.8643150958196	7.106498472680428e-7
25703.9578276886459	6.512652456796032e-7
26302.6799189538106	6.087131567660092e-7
26915.3480392691417	5.788090844659327e-7
27542.28703338169	5.588806194164098e-7
28183.8293126445496	5.472207219379512e-7
28840.3150312660582	5.42777995503345e-7
29512.0922666638398	5.449797098391433e-7
30199.5172040201978	5.536349245729846e-7
30902.954325135921	5.688910137662132e-7
31622.7766016837959	5.912312654447424e-7
32359.3656929628123	6.215105361994255e-7
33113.1121482591479	6.61033680882546e-7
33884.4156139202751	7.11690178924479e-7
34673.6850452531653	7.761708340062453e-7
35481.3389233575363	8.583130082650317e-7
36307.8054770101808	9.636577994250129e-7
37153.5229097172851	1.1003728750586103e-6
38018.9396320561282	1.2808357983676057e-6
38904.514499428049	1.5244725743452597e-6
39810.7170553497781	1.8631265770881026e-6
40738.0277804112993	2.3520095089445496e-6
41686.9383470335524	3.0948055988222185e-6
42657.9518801592494	4.30483187930916e-6
43651.5832240165619	6.479962204898686e-6
44668.359215096345	0.000011020782723006538
45708.8189614875228	0.00002326320066229303
46773.514128719813	0.00008065454292423697
47863.0092322638084	0.005503626230939519
48977.8819368446639	0.00013685491130540614
50118.7233627272508	0.000029431652166101816
51286.1383991364855	0.000012502491110339387
52480.7460249772266	6.8992547987257165e-6
53703.1796370253287	4.380137345245198e-6
54954.0873857624829	3.0362069656590475e-6
56234.1325190349089	2.2358462922032316e-6
57543.9937337156734	1.7211131277035631e-6
58884.3655355589654	1.3707304638559326e-6
60255.9586074358085	1.1215804933566714e-6
61659.5001861482233	9.3818557096465e-7
63095.7344480192987	7.993614796554214e-7
64565.422903465631	6.91826431143316e-7
66069.3448007596307	6.069115474372375e-7
67608.297539198189	5.387648124317669e-7
69183.0970918936218	4.833187647118343e-7
70794.5784384138824	4.376324083862233e-7
72443.596007499058	3.9953887705464865e-7
74131.0241300917696	3.674475736280167e-7
75857.7575029183645	3.4017041298292935e-7
77624.7116628691147	3.1680518044998374e-7
79432.8234724282083	2.9665663847194023e-7
81283.0516164099536	2.791820193246226e-7
83176.3771102670871	2.6395264338101494e-7
85113.8038202375901	2.506264265770725e-7
87096.3589956081414	2.3892788206998274e-7
89125.0938133745949	2.2863336960450629e-7
91201.0839355909557	2.1956007835188735e-7
93325.4300796990428	2.1155770525769814e-7
95499.2586021436873	2.0450210644741517e-7
97723.7220955811208	1.982904118275503e-7
100000.	1.9283723854586984e-7
102329.299228075353	1.880717400946359e-7
104712.854805090057	1.8393529912986978e-7
107151.930523760704	1.8037972307010358e-7
109647.81961431852	1.7736583856638308e-7
112201.845430196307	1.748624082854603e-7
114815.362149688401	1.7284531406786138e-7
117489.755493953038	1.7129693723753738e-7
120226.443461741321	1.70199324044096e-7
123026.877081238126	1.6952601089338078e-7
125892.541179416876	1.692542678239891e-7
128824.955169313485	1.693663276591283e-7
131825.673855640722	1.6984873895366971e-7
134896.288259165303	1.7069185178568208e-7
138038.426460288378	1.7188940908021358e-7
141253.754462275538	1.734382222590834e-7
144543.977074592782	1.7533791451515327e-7
147910.838816820731	1.7759071832242497e-7
151356.124843620695	1.8020131620004408e-7
154881.661891248281	1.8317671544900507e-7
158489.319246111409	1.8652614871205583e-7
162181.009735893022	1.9026099286229773e-7
165958.690743755957	1.943946989616368e-7
169824.365246174595	1.989427258784425e-7
173780.082874937623	2.0392246962566356e-7
177827.94100389228	2.0935317957166862e-7
181970.085860998253	2.152558513697982e-7
186208.713666286902	2.2165308472500207e-7
190546.071796324832	2.2856889194048304e-7
194984.459975804522	2.360284405424569e-7
199526.231496887864	2.4405771015982123e-7
204173.794466953142	2.5268575779606987e-7
208929.613085404068	2.619579059101398e-7
213796.208950223256	2.7192930498865536e-7
218776.162394955201	2.8266110116980516e-7
223872.113856834243	2.942211495249219e-7
229086.765276777471	3.0668482514112085e-7
234422.881531992229	3.2013594031892733e-7
239883.291901948949	3.34667781393857e-7
245470.891568502848	3.503842800149643e-7
251188.643150958233	3.6740133496102975e-7
257039.578276886459	3.8584830162782056e-7
263026.799189538171	4.0586966699923235e-7
269153.480392691388	4.2762692796116666e-7
275422.870333816914	4.513006898537887e-7
281838.293126445496	4.770929996515001e-7
288403.150312660553	5.052299233580807e-7
295120.922666638449	5.359643690614587e-7
301995.172040201898	5.6957914416314e-7
309029.543251359195	6.063902156142594e-7
316227.766016838024	6.467501128962254e-7
323593.656929628109	6.910513714443609e-7
331131.121482591436	7.397298545991117e-7
338844.156139202823	7.932677090390104e-7
346736.850452531653	8.521955945834489e-7
354813.389233575319	9.170936753247357e-7
363078.054770101735	9.885906551151497e-7
371535.229097172792	1.0673598760146925e-6
380189.396320561296	1.1541111645122975e-6
389045.144994280476	1.2495767035131192e-6
398107.170553497737	1.354488736133826e-6
407380.277804112993	1.469579979269911e-6
416869.38347033551	1.5958118138328075e-6
426579.518801592465	1.734346964813825e-6
436515.832240165735	1.8864741367539235e-6
446683.592150963494	2.0536210352216476e-6
457088.189614875184	2.2373693922733433e-6
467735.141287198057	2.439471693187021e-6
478630.092322638026	2.6618698680275487e-6
489778.819368446653	2.9067162842458973e-6
501187.233627272479	3.176397475582807e-6
512861.383991364855	3.4735611774857494e-6
524807.460249772295	3.801147422749258e-6
537031.7963702532	4.162424700037681e-6
549540.873857624829	4.5610325149451e-6
562341.325190349016	5.001032148597115e-6
575439.937337156618	5.48696802336842e-6
588843.655355589581	6.023942914792935e-6
602559.586074358085	6.61771136987251e-6
616595.00186148216	7.274797211885818e-6
630957.344480192987	8.002643082552281e-6
645654.22903465631	8.809802813515324e-6
660693.448007596424	9.706191353195232e-6
676082.97539198189	0.000010703412484730963
691830.970918936306	0.000011815145762361135
707945.784384138766	0.000013056447658384383
724435.960074990638	0.000014443344490335938
741310.241300917696	0.00001599376986515218
758577.575029183528	0.00001772781863260128
776247.116628691205	0.000019667974879505386
794328.234724282171	0.0000218393566162978
812830.516164099565	0.000024269978118821663
831763.771102670813	0.000026991031898506294
851138.038202375872	0.000030037194101309702
870963.589956081472	0.00003344696018781283
891250.93813374592	0.000037263022578353465
912010.839355909615	0.00004153270929824358
933254.300796990399	0.00004630851351085984
954992.586021436728	0.00005164875946827328
977237.220955811208	0.00005761847255021752
1.e6	0.00006429055200216809
1.02329299228075368e6	0.00007131453908534684
1.04712854805090069e6	0.00007917520877777767
1.0715193052376071e6	0.00008797948056719866
1.09647819614318525e6	0.00009784873058381267
1.12201845430196286e6	0.00010892082959083168
1.14815362149688415e6	0.00012135247514084733
1.17489755493953032e6	0.0001353218602675177
1.20226443461741321e6	0.00015103172690671284
1.23026877081238106e6	0.000168712858758899
1.25892541179416888e6	0.00018862807556366788
1.28824955169313494e6	0.00021107679878326673
1.31825673855640762e6	0.00023640026752468695
1.34896288259165315e6	0.00026498749315359544
1.38038426460288651e6	0.00029728205144888124
1.41253754462275538e6	0.00033378982224820586
1.44543977074592793e6	0.0003750877981874834
1.47910838816820737e6	0.0004218340962205696
1.51356124843620718e6	0.00047477931771680603
1.54881661891248287e6	0.0005347794148335677
1.58489319246111414e6	0.0006028102319074289
1.62181009735893016e6	0.0006799839001687913
1.65958690743755968e6	0.0007675672713507908
1.69824365246174601e6	0.0008670025796587682
1.73780082874937658e6	0.000979930520788314
1.77827941003892291e6	0.00110821593004123
1.8197008586099823e6	0.0012539762270428307
1.86208713666286925e6	0.0014196127709904072
1.90546071796324849e6	0.0016078452354567861
1.94984459975804528e6	0.0018217490644868283
1.99526231496887887e6	0.0020647960105977326
2.04173794466953189e6	0.002340897679977995
2.08929613085404062e6	0.002654451921702495
2.13796208950223262e6	0.0030103917980080566
2.18776162394955196e6	0.0034142367672346232
2.2387211385683422e6	0.0038721456070712076
2.29086765276777465e6	0.004390970515908698
2.34422881531992275e6	0.004978311769846016
2.39883291901949002e6	0.005642572306195328
2.45470891568503343e6	0.006393011675689338
2.51188643150958186e6	0.007239798992433194
2.57039578276886465e6	0.00819406484838339
2.63026799189538136e6	0.00926795269433866
2.691534803926914e6	0.010474670964529743
2.75422870333816903e6	0.011828548285732076
2.81838293126445496e6	0.013345095508264824
2.88403150312660588e6	0.01504108006193827
2.95120922666638391e6	0.01693462031635631
3.0199517204020191e6	0.01904531024168975
3.09029543251359183e6	0.02139438776092846
3.16227766016837954e6	0.024004963823181447
3.23593656929628085e6	0.026902333496322595
3.31131121482591424e6	0.030114395456553228
3.38844156139202788e6	0.033672212429776
3.46736850452531688e6	0.037610752882930455
3.54813389233575296e6	0.04196986433384476
3.63078054770101746e6	0.046795542152492965
3.71535229097172804e6	0.05214157641261465
3.80189396320561273e6	0.058071685696157484
3.89045144994280441e6	0.06466228460785782
3.98107170553497784e6	0.07200608669824407
4.07380277804112947e6	0.08021413006225832
4.16869383470335463e6	0.08939954926757863
4.2657951880159257e6	0.0996815001696676
4.36515832240166608e6	0.11119355204092933
4.46683592150963564e6	0.12408539961583305
4.57088189614875149e6	0.1385247023836696
4.67735141287198104e6	0.15469910249255703
4.78630092322638072e6	0.17281843094869978
4.89778819368446618e6	0.19311711055073816
5.0118723362727249e6	0.21585676199654785
5.12861383991364762e6	0.24132901715026478
5.24807460249772295e6	0.2698585401802073
5.37031796370253246e6	0.3018062531380941
5.49540873857624829e6	0.33757275780777596
5.6234132519034911e6	0.3776019396230724
5.75439937337156571e6	0.4223847329228472
5.88843655355589651e6	0.4724630193865903
6.02559586074358039e6	0.5284336230305007
6.165950018614823e6	0.5909523571266402
6.30957344480193034e6	0.6607380691959234
6.45654229034656193e6	0.7385766227913694
6.6069344800759647e6	0.8253247470493431
6.76082975391981844e6	0.9219136806408589
6.91830970918936282e6	1.0293526341988468
7.07945784384138789e6	1.1487344697455493
7.24435960074990615e6	1.2812403679380575
7.41310241300917696e6	1.428141414894523
7.58577575029183552e6	1.5908015555636097
7.76247116628692765e6	1.7706804899103852
7.94328234724282194e6	1.9693365239674294
8.12830516164099518e6	2.188429537014247
8.31763771102670953e6	2.4297242993102683
8.51138038202375919e6	2.6950944538620636
8.70963589956081286e6	2.98652757252297
8.91250938133745827e6	3.306131798496069
9.12010839355909638e6	3.656144706917472
9.33254300796990283e6	4.038945138504838
9.54992586021436937e6	4.45706890106565
9.77237220955811255e6	4.913229382511605
1.e7	5.410344288690545
1.02329299228075352e7	5.951569902956875
1.04712854805090074e7	6.54034449270139
1.0715193052376071e7	7.180442746341439
1.09647819614318498e7	7.876043468804122
1.122018454301963e7	8.631813181629155
1.14815362149688415e7	9.453008844332924
1.17489755493953042e7	10.345601347429618
1.20226443461741321e7	11.315852591254233
1.23026877081238106e7	12.369339088630106
1.25892541179416869e7	13.511636300430805
1.28824955169313494e7	14.748421483361179
1.31825673855640739e7	16.085427120721643
1.34896288259165324e7	17.528386503746642
1.38038426460288688e7	19.082971363648976
1.41253754462275542e7	20.75472169399005
1.44543977074592803e7	22.548968175631767
1.47910838816820718e7	24.470747895887424
1.51356124843620732e7	26.52471441400348
1.54881661891248282e7	28.71504355839927
1.584893192461114e7	31.045336713528897
1.62181009735893011e7	33.518523707053795
1.65958690743755978e7	36.13676772282716
1.69824365246174596e7	38.901374937210306
1.73780082874937616e7	41.812711767078824
1.77827941003892273e7	44.87013274192435
1.81970085860998221e7	48.07192195168118
1.86208713666286916e7	51.415250922983404
1.90546071796324849e7	54.89615546367958
1.94984459975804575e7	58.50953358153086
1.99526231496887878e7	62.24916605849114
2.04173794466953166e7	66.10907532465566
2.08929613085404076e7	70.09032418783225
2.13796208950223215e7	74.19829863771076
2.18776162394955196e7	78.44091647241812
2.23872113856834248e7	82.82894575572533
2.29086765276777484e7	87.37633534854825
2.34422881531992294e7	92.10056645514157
2.39883291901948936e7	97.02303939151211
2.45470891568503343e7	102.16951322281008
2.51188643150958233e7	107.57061998165875
2.57039578276886493e7	113.26247986178758
2.63026799189538099e7	119.28744953899292
2.69153480392691344e7	125.69504322977198
2.75422870333816893e7	132.54307577601645
2.81838293126445487e7	139.89909011953986
2.88403150312660597e7	147.84214905771915
2.95120922666638382e7	156.46509527109038
3.0199517204020191e7	165.87741664916368
3.09029543251359202e7	176.20889995221629
3.16227766016837917e7	187.614320241101
3.23593656929628104e7	200.27950463210365
3.3113112148259148e7	214.42923971819306
3.38844156139202714e7	230.33768137313317
3.46736850452531651e7	248.34220467954856
3.54813389233575314e7	268.86204833545173
3.63078054770101756e7	292.4237415787772
3.71535229097172767e7	319.69628240010496
3.80189396320561245e7	351.5405858678873
3.89045144994280487e7	389.0802266243874
3.98107170553497672e7	433.8046490875623
4.0738027780411303e7	487.6858296271343
4.16869383470335528e7	553.0912472110239
4.26579518801592588e7	633.0158766474499
4.3651583224016659e7	731.4493048384142
4.4668359215096347e7	853.7736006450339
4.57088189614875242e7	1007.3518760575366
4.67735141287198141e7	1202.417191470876
4.78630092322638035e7	1453.4444441993703
4.89778819368446544e7	1781.31972197044
5.01187233627272472e7	2216.8660318967827
5.12861383991364762e7	2806.755019307588
5.24807460249772295e7	3623.7809028948036
5.37031796370253265e7	4785.474182085794
5.49540873857624829e7	6489.518592037412
5.62341325190349072e7	9085.211580859628
5.75439937337156758e7	13228.360827529903
5.88843655355589613e7	20248.582814433088
6.02559586074358076e7	33127.76169754871
6.16595001861482263e7	59552.693480870585
6.30957344480192959e7	123899.01689498167
6.45654229034656137e7	335737.63131098106
6.60693448007596433e7	1.759041800337923e6
6.760829753919819e7	1.850869177040326e8
6.91830970918936282e7	1.749712206806176e6
7.07945784384138882e7	597884.4600193461
7.24435960074990541e7	351972.5881771459
7.41310241300917715e7	267509.3152277014
7.58577575029183626e7	240803.9352578477
7.76247116628692746e7	249999.94185134576
7.94328234724282026e7	301396.00008141506
8.12830516164099574e7	441966.1054752606
8.31763771102670878e7	906726.1159918618
8.51138038202377707e7	4.689588553640797e6
8.70963589956081361e7	1.4972659546479361e7
8.91250938133745938e7	815006.2722525398
9.12010839355909526e7	230462.64995095483
9.33254300796990544e7	98802.03213057757
9.54992586021436751e7	51665.761539073836
9.77237220955811143e7	30416.5381349708
1.e8	19392.240186498122