1.	1.758906246297688e-9
1.02329299228069992	1.7592185491417573e-9
1.04712854805080013	1.7595203024058333e-9
1.07151930523759997	1.7598116315685693e-9
1.09647819614309983	1.7600926625725143e-9
1.12201845430189984	1.7603635218101318e-9
1.1481536214968	1.760624336112061e-9
1.17489755493949999	1.7608752327337505e-9
1.20226443461740007	1.761116339343393e-9
1.23026877081229991	1.7613477840094536e-9
1.2589254117941	1.761569695188683e-9
1.28824955169310007	1.7617822017135518e-9
1.31825673855639991	1.761985432780809e-9
1.34896288259160002	1.7621795179395069e-9
1.38038426460280017	1.7623645870794143e-9
1.41253754462269998	1.7625407704192717e-9
1.44543977074589991	1.7627081984959576e-9
1.47910838816820012	1.7628670021527198e-9
1.51356124843619999	1.763017312528614e-9
1.54881661891239997	1.7631592610471721e-9
1.58489319246110005	1.763292979406139e-9
1.62181009735890003	1.7634185995662634e-9
1.65958690743750004	1.7635362537416267e-9
1.69824365246169995	1.7636460743886997e-9
1.73780082874929986	1.7637481941965427e-9
1.77827941003889989	1.7638427460769496e-9
1.81970085860989994	1.7639298631543945e-9
1.86208713666279979	1.7640096787565422e-9
1.90546071796320016	1.7640823264047807e-9
1.94984459975800006	1.764147939804885e-9
1.99526231496880002	1.76420665283805e-9
2.04173794466949987	1.7642585995516117e-9
2.08929613085400012	1.764303914150468e-9
2.13796208950220024	1.7643427309885012e-9
2.18776162394950013	1.764375184559828e-9
2.23872113856829991	1.7644014094907826e-9
2.29086765276769988	1.7644215405318042e-9
2.3442288153198998	1.7644357125493718e-9
2.39883291901940021	1.7644440605180147e-9
2.45470891568499994	1.7644467195133708e-9
2.5118864315095002	1.7644438247039568e-9
2.57039578276879999	1.764435511344414e-9
2.63026799189530003	1.7644219147684493e-9
2.69153480392690003	1.7644031703817166e-9
2.7542287033381001	1.7643794136550358e-9
2.81838293126439998	1.7643507801181958e-9
2.88403150312659973	1.7643174053530236e-9
2.95120922666629992	1.7642794249879375e-9
3.01995172040200011	1.764236974691256e-9
3.09029543251349992	1.7641901901655876e-9
3.16227766016830003	1.764139207142222e-9
3.2359365692962001	1.7640841613757741e-9
3.31131121482590007	1.7640251886384111e-9
3.38844156139199981	1.7639624247152258e-9
3.46736850452530021	1.7638960053990335e-9
3.54813389233569998	1.7638260664856266e-9
3.63078054770100023	1.7637527437691794e-9
3.71535229097170028	1.7636761730379395e-9
3.80189396320559991	1.763596490069766e-9
3.89045144994280001	1.7635138306283596e-9
3.98107170553489986	1.7634283304592004e-9
4.07380277804109969	1.7633401252858222e-9
4.16869383470329957	1.7632493508065128e-9
4.26579518801589952	1.7631561426906313e-9
4.36515832240160062	1.7630606365757922e-9
4.46683592150959985	1.7629629680647304e-9
4.57088189614870011	1.7628632727225216e-9
4.67735141287190004	1.7627616860737863e-9
4.78630092322630052	1.7626583436006873e-9
4.89778819368440033	1.7625533807402088e-9
5.01187233627270068	1.7624469328822331e-9
5.12861383991360054	1.7623391353678304e-9
5.24807460249770052	1.762230123487088e-9
5.37031796370250003	1.7621200324781827e-9
5.4954087385761996	1.762008997525264e-9
5.62341325190339969	1.761897153757953e-9
5.7543993733715002	1.7617846362499826e-9
5.88843655355579987	1.761671580018259e-9
6.02559586074349962	1.761558120022497e-9
6.16595001861479997	1.7614443911645733e-9
6.30957344480189963	1.7613305282881481e-9
6.4565422903465004	1.761216666178788e-9
6.60693448007589978	1.7611029395636255e-9
6.76082975391980057	1.7609894831121573e-9
6.91830970918929999	1.7608764314358923e-9
7.07945784384129961	1.7607639190897205e-9
7.24435960074980034	1.76065208057209e-9
7.41310241300910011	1.760541050326176e-9
7.58577575029180018	1.7604309627409414e-9
7.76247116628690037	1.7603219521524809e-9
7.9432823472427998	1.7602141528453933e-9
8.128305161640899	1.760107699054491e-9
8.31763771102670013	1.7600027249665147e-9
8.51138038202370062	1.7598993647221712e-9
8.70963589956079964	1.7597977524184418e-9
8.91250938133740078	1.7596980221104549e-9
9.12010839355899883	1.759600307814605e-9
9.33254300796989966	1.759504743510894e-9
9.54992586021429979	1.7594114631456985e-9
9.7723722095580996	1.7593206006350475e-9
10.	1.7592322898677098e-9
10.2329299228075001	1.7591466647085297e-9
10.4712854805089002	1.75906385900216e-9
10.7151930523760015	1.758984006576678e-9
10.9647819614318003	1.7589072412472754e-9
11.2201845430195988	1.7588336968207929e-9
11.4815362149688003	1.7587635070996644e-9
11.7489755493951993	1.758696805886431e-9
12.0226443461741006	1.7586337269881879e-9
12.3026877081238002	1.7585744042219094e-9
12.5892541179416	1.7585189714185676e-9
12.8824955169313	1.7584675624289264e-9
13.1825673855640009	1.7584203111286662e-9
13.4896288259164994	1.7583773514236815e-9
13.8038426460287997	1.758338817256122e-9
14.1253754462274994	1.7583048426097049e-9
14.4543977074591989	1.7582755615161872e-9
14.7910838816820007	1.7582511080614677e-9
15.1356124843619995	1.758231616391788e-9
15.4881661891248008	1.7582172207201517e-9
15.8489319246110991	1.7582080553336855e-9
16.2181009735892978	1.7582042545998299e-9
16.5958690743755994	1.7582059529737815e-9
16.9824365246174018	1.7582132850055673e-9
17.3780082874936994	1.7582263853479491e-9
17.7827941003892	1.7582453887632965e-9
18.1970085860998019	1.7582704301320631e-9
18.6208713666285988	1.7583016444604125e-9
19.0546071796324021	1.7583391668884706e-9
19.4984459975804008	1.7583831326986564e-9
19.9526231496887974	1.758433677324467e-9
20.4173794466952003	1.758490936358793e-9
20.8929613085403005	1.7585550455630978e-9
21.3796208950223026	1.7586261408766178e-9
21.8776162394954987	1.758704358425186e-9
22.3872113856834005	1.7587898345312947e-9
22.9086765276776987	1.7588827057233194e-9
23.4422881531991969	1.7589831087456741e-9
23.9883291901949001	1.759091180568746e-9
24.5470891568503014	1.7592070583990154e-9
25.1188643150958022	1.759330879689723e-9
25.7039578276886012	1.759462782151433e-9
26.3026799189537996	1.7596029037628526e-9
26.9153480392691016	1.7597513827818971e-9
27.5422870333816014	1.7599083577567934e-9
28.1838293126445016	1.7600739675378152e-9
28.8403150312659982	1.7602483512887229e-9
29.5120922666637995	1.7604316484986471e-9
30.1995172040201005	1.7606239989940885e-9
30.9029543251359016	1.760825542951464e-9
31.6227766016837002	1.7610364209092482e-9
32.3593656929627969	1.7612567737810009e-9
33.1131121482590984	1.7614867428679467e-9
33.8844156139201971	1.7617264698723363e-9
34.6736850452531016	1.761976096910858e-9
35.4813389233575052	1.7622357665280118e-9
36.3078054770100991	1.7625056217099427e-9
37.1535229097171964	1.7627858058987256e-9
38.018939632056096	1.7630764630062637e-9
38.9045144994280037	1.7633777374291233e-9
39.8107170553496985	1.7636897740629436e-9
40.7380277804111941	1.7640127183175966e-9
41.6869383470334966	1.7643467161324419e-9
42.657951880159203	1.764691913991565e-9
43.6515832240165977	1.765048458939596e-9
44.6683592150963022	1.7654164985978515e-9
45.708818961487502	1.7657961811800947e-9
46.7735141287198033	1.7661876555093332e-9
47.8630092322638063	1.7665910710343705e-9
48.9778819368446037	1.7670065778468953e-9
50.1187233627272022	1.767434326698702e-9
51.2861383991363979	1.7678744690191155e-9
52.4807460249772006	1.768327156932725e-9
53.703179637025201	1.768792543277662e-9
54.9540873857623993	1.7692707816238521e-9
56.2341325190349011	1.7697620262915866e-9
57.5439937337155953	1.7702664323703751e-9
58.8843655355588993	1.7707841557383389e-9
60.2559586074356943	1.7713153530817302e-9
61.6595001861482004	1.7718601819144534e-9
63.0957344480193001	1.7724188005985311e-9
64.565422903465489	1.7729913683643448e-9
66.0693448007595947	1.7735780453313566e-9
67.6082975391981051	1.7741790416313925e-9
69.1830970918936004	1.7747961852661048e-9
70.7945784384138079	1.7754332556455492e-9
72.4435960074989964	1.776094158652691e-9
74.1310241300917028	1.776782812226303e-9
75.8577575029184032	1.7775031474019335e-9
77.6247116628691032	1.7782591095160633e-9
79.4328234724280975	1.77905465957499e-9
81.2830516164099066	1.7798937757899233e-9
83.1763771102669978	1.7807804552809438e-9
85.1138038202376066	1.7817187159514406e-9
87.096358995608	1.782712598536759e-9
89.125093813374491	1.7837661688290068e-9
91.2010839355909013	1.784883520081596e-9
93.325430079699089	1.7860687755982135e-9
95.4992586021434988	1.7873260915085853e-9
97.723722095580996	1.7886596597377557e-9
100.	1.7900737111722328e-9
102.329299228075399	1.7915725190294052e-9
104.712854805089904	1.7931604024371553e-9
107.151930523760697	1.7948417302291572e-9
109.647819614318507	1.796620924964537e-9
112.2018454301963	1.7985024671796462e-9
114.815362149688298	1.8004908998812641e-9
117.489755493952899	1.8025908332911662e-9
120.226443461741297	1.8048069498520492e-9
123.026877081238112	1.8071440095081885e-9
125.892541179416696	1.8096068552721251e-9
128.824955169313313	1.8122004190917795e-9
131.825673855640702	1.8149297280336845e-9
134.896288259165317	1.817799910797761e-9
138.038426460288491	1.8208162045818634e-9
141.253754462275396	1.8239839623161008e-9
144.543977074592789	1.8273086602861931e-9
147.9108388168207	1.8307959061699814e-9
151.35612484362079	1.8344514475111464e-9
154.881661891248115	1.8382811806562246e-9
158.489319246111393	1.8422911601839555e-9
162.1810097358929	1.8464876088582858e-9
165.958690743756108	1.8508769281385135e-9
169.824365246174381	1.8554657092827311e-9
173.780082874937591	1.8602607450843307e-9
177.827941003892306	1.8652690422844036e-9
181.970085860998381	1.8704978347061123e-9
186.208713666286684	1.8759545971615146e-9
190.546071796324782	1.8816470601845652e-9
194.984459975804498	1.8875832256509142e-9
199.526231496887988	1.8937713833464635e-9
204.173794466952899	1.9002201285564195e-9
208.929613085403815	1.9069383807488684e-9
213.796208950223189	1.9139354034359096e-9
218.776162394955094	1.9212208253016454e-9
223.872113856834005	1.9288046626943935e-9
229.086765276777214	1.936697343589008e-9
234.422881531992204	1.9449097331353283e-9
239.883291901948979	1.9534531609186285e-9
245.470891568503106	1.9623394500697325e-9
251.188643150957915	1.9715809483760156e-9
257.039578276886402	1.981190561556648e-9
263.02679918953811	1.991181788884156e-9
269.15348039269162	2.001568761347748e-9
275.422870333816604	2.0123662825764097e-9
281.838293126445478	2.023589872759266e-9
288.4031503126605	2.0352558158238855e-9
295.120922666638705	2.047381210160522e-9
301.995172040201624	2.0599840232084883e-9
309.0295432513592	2.073083150253307e-9
316.227766016837904	2.0866998240706466e-9
323.593656929628366	2.100867784864339e-9
331.131121482591084	2.115628313610683e-9
338.84415613920271	2.131025011797855e-9
346.736850452531598	2.1471039758255513e-9
354.81338923357572	2.1639140357267105e-9
363.078054770101403	2.1815070210331612e-9
371.535229097172419	2.199938057143156e-9
380.18939632056123	2.2192658960571624e-9
389.04514499428052	2.2395532859405476e-9
398.107170553497326	2.260867384668072e-9
407.380277804112609	2.2832802233210244e-9
416.869383470335492	2.306869226574983e-9
426.579518801592485	2.3317177980517337e-9
436.515832240166105	2.357915980063715e-9
446.683592150962966	2.3855611987859087e-9
457.088189614875205	2.414759107807068e-9
467.735141287198132	2.4456245453115257e-9
478.630092322638461	2.4782826229016474e-9
489.778819368446079	2.512869967399013e-9
501.187233627272462	2.549536140992813e-9
512.861383991364846	2.5884452699994887e-9
524.807460249772816	2.6297779184717663e-9
537.031796370252664	2.6737332502186654e-9
549.540873857624888	2.7205315318079673e-9
562.341325190349039	2.7704170402695447e-9
575.439937337157289	2.8236614530636567e-9
588.843655355589021	2.8805678151767507e-9
602.559586074358094	2.9414751999195606e-9
616.59500186148216	3.006764207421759e-9
630.957344480193569	3.0768634796338715e-9
645.6542290346556	3.152257455132502e-9
660.693448007595748	3.2334956442380513e-9
676.082975391981904	3.321203779022519e-9
691.830970918936259	3.416097289380375e-9
707.945784384138051	3.518997683248413e-9
724.435960074989907	3.6308525771633463e-9
741.31024130091771	3.7527603478857705e-9
758.577575029183549	3.886000678468398e-9
776.24711662869197	4.032072683999935e-9
794.328234724281401	4.192742868460267e-9
812.830516164099549	4.370105951075982e-9
831.76377110267083	4.56666270715661e-9
851.13803820237672	4.785416622193264e-9
870.963589956080455	5.0298365132315614e-9
891.250938133745876	5.303888107184099e-9
912.010839355909638	5.61236464443484e-9
933.254300796991515	5.96112428928894e-9
954.992586021435954	6.357388587556351e-9
977.237220955811267	6.810144409777858e-9
1000.	7.3306927223488254e-9
1023.29299228075479	7.933409162318898e-9
1047.12854805089955	8.63681575974023e-9
1071.51930523760711	9.46511903236693e-9
1096.47819614318519	1.045046290172003e-8
1122.01845430196431	1.1636304914312354e-8
1148.15362149688281	1.3082607924318542e-8
1174.89755493953044	1.4874060743904648e-8
1202.26443461741314	1.713353971122017e-8
1230.26877081238126	2.0045027940361503e-8
1258.92541179416753	2.3894462342716357e-8
1288.24955169313353	2.9146607173539736e-8
1318.25673855640775	3.6599614025378556e-8
1348.96288259165317	4.772234651950328e-8
1380.3842646028852	6.547200508178172e-8
1412.53754462275401	9.657278597050776e-8
1445.43977074592817	1.5924764511523212e-7
1479.10838816820728	3.1879446984690973e-7
1513.56124843620887	9.75735034079067e-7
1548.81661891248132	0.000019177276340562557
1584.89319246111404	3.0175997071129764e-6
1621.81009735892985	5.237425326847858e-7
1659.58690743756119	2.0879598069805162e-7
1698.24365246174443	1.114700681360037e-7
1737.80082874937625	6.920217268569185e-8
1778.27941003892283	4.7124980974227756e-8
1819.70085860998438	3.4165480333377546e-8
1862.08713666286758	2.5918040895283174e-8
1905.46071796324827	2.0348687448317402e-8
1949.84459975804566	1.6413094286593544e-8
1995.2623149688809	1.3530391920992842e-8
2041.73794466952972	1.1356753365687004e-8
2089.29613085404117	9.67855323068534e-9
2137.96208950223263	8.357063944045206e-9
2187.7616239495519	7.298904866551447e-9
2238.72113856833994	6.43936678146068e-9
2290.86765276777214	5.732472949673602e-9
2344.22881531992289	5.1448375615101846e-9
2398.83291901948996	4.651750003473751e-9
2454.70891568503112	4.234608811297107e-9
2511.88643150958023	3.879198813943017e-9
2570.39578276886505	3.574509144216774e-9
2630.26799189538133	3.3119064653651633e-9
2691.53480392691699	3.084546482429833e-9
2754.22870333816627	2.8869483929614405e-9
2818.38293126445524	2.7146827192299438e-9
2884.031503126605	2.5641393123566907e-9
2951.20922666638717	2.4323528932216088e-9
3019.95172040201624	2.3168704608934503e-9
3090.295432513592	2.2156495649318146e-9
3162.2776601683795	2.1269796101739567e-9
3235.93656929628469	2.0494205490537326e-9
3311.31121482591106	1.981754842242867e-9
3388.44156139202778	1.9229496455360948e-9
3467.36850452531644	1.872126950184943e-9
3548.13389233575663	1.8285399602725724e-9
3630.7805477010138	1.7915543991438433e-9
3715.3522909717276	1.7606337421749013e-9
3801.89396320561264	1.735327606337487e-9
3890.45144994280508	1.7152627095867716e-9
3981.07170553497326	1.7001359599619297e-9
4073.8027780411262	1.6896959646650586e-9
4168.6938347033547	1.6836548976141402e-9
4265.7951880159253	1.681745329424745e-9
4365.15832240166128	1.6837589850043294e-9
4466.83592150962977	1.6895394860086068e-9
4570.88189614875137	1.6989765520814412e-9
4677.35141287198076	1.712001586691805e-9
4786.30092322638484	1.7285844145457548e-9
4897.78819368446148	1.7487309992313816e-9
5011.87233627272508	1.772482017864097e-9
5128.61383991364892	1.7999122080713465e-9
5248.07460249772794	1.8311304346713765e-9
5370.31796370252687	1.8662804511314503e-9
5495.40873857624865	1.905542356145013e-9
5623.41325190349107	1.9491347699660354e-9
5754.39937337157244	1.9973177798611494e-9
5888.43655355588999	2.0503967305357032e-9
6025.5958607435814	2.1087269650944603e-9
6165.95001861482251	2.1727196566424264e-9
6309.57344480193569	2.242848911979782e-9
6456.542290346556	2.319660379448942e-9
6606.93448007596453	2.4037816560119775e-9
6760.82975391981927	2.4959348682223252e-9
6918.30970918936328	2.596952689976438e-9
7079.45784384138005	2.707816813342122e-9
7244.35960074989907	2.8296914085532407e-9
7413.10241300917733	2.963940737477735e-9
7585.77575029183572	3.112168063754824e-9
7762.47116628691947	3.2762651891271104e-9
7943.28234724281356	3.4584746701547236e-9
8128.30516164099481	3.661468461084063e-9
8317.63771102670944	3.888448017184456e-9
8511.38038202376811	4.14327268547436e-9
8709.63589956080432	4.430625730132633e-9
8912.50938133745876	4.756230923368016e-9
9120.10839355909593	5.127137788496872e-9
9332.54300796991447	5.552101095251288e-9
9549.92586021435818	6.042091305349986e-9
9772.37220955811244	6.610989300197025e-9
10000.	7.276544047925726e-9
10232.9299228075361	8.061711084565009e-9
10471.2854805090083	8.996551540382498e-9
10715.1930523760711	1.012097097500451e-8
10964.7819614318523	1.14887409756842e-8
11220.1845430196263	1.3173522201215738e-8
11481.536214968839	1.5278084426744235e-8
11748.9755493953016	1.794877885776515e-8
12022.644346174131	2.1402030620007165e-8
12302.6877081238108	2.597497939958972e-8
12589.2541179416621	3.2208768967552494e-8
12882.4955169313489	4.1014630391513294e-8
13182.5673855640744	5.4024223054399906e-8
13489.6288259165322	7.439741254253741e-8
13803.842646028841	1.0892231580014896e-7
14125.3754462275538	1.744470517544007e-7
14454.3977074592804	3.229297370100603e-7
14791.0838816820724	7.869061186990336e-7
15135.6124843620728	4.033740935764838e-6
15488.1661891248277	0.00006232228886313073
15848.9319246111409	1.908898144832809e-6
16218.1009735892985	6.065017005950962e-7
16595.8690743755942	3.056185322176187e-7
16982.4365246174602	1.891074593149605e-7
17378.0082874937616	1.3152950657767546e-7
17782.7941003892302	9.868268682708294e-8
18197.0085860998261	7.808637478078807e-8
18620.8713666286894	6.428211851968965e-8
19054.6071796324832	5.4565599617719385e-8
19498.4459975804493	4.746869043127621e-8
19952.6231496887849	4.213660120224348e-8
20417.3794466953223	3.804240933298801e-8
20892.9613085404053	3.484246544014834e-8
21379.6208950223227	3.2306699138423527e-8
21877.6162394955209	3.0277310803975655e-8
22387.2113856834258	2.864314678516159e-8
22908.6765276777478	2.732414614193009e-8
23442.2881531992243	2.6261568333984266e-8
23988.3291901949015	2.5411666632552392e-8
24547.0891568502884	2.4741484503930958e-8
25118.8643150958196	2.4225998844138405e-8
25703.9578276886459	2.3846140328712055e-8
26302.6799189538106	2.358739864961779e-8
26915.3480392691417	2.3438826331302266e-8
27542.28703338169	2.3392319714946005e-8
28183.8293126445496	2.3442096420826022e-8
28840.3150312660582	2.3584314704559688e-8
29512.0922666638398	2.381679718451677e-8
30199.5172040201978	2.4138832757692585e-8
30902.954325135921	2.455103816314782e-8
31622.7766016837959	2.5055265849222078e-8
32359.3656929628123	2.5654548339244393e-8
33113.1121482591479	2.6353071665498517e-8
33884.4156139202751	2.7156171961230412e-8
34673.6850452531653	2.8070350149402654e-8
35481.3389233575363	2.910329994146882e-8
36307.8054770101808	3.0263944090802965e-8
37153.5229097172851	3.1562473011883035e-8
38018.9396320561282	3.3010378410287696e-8
38904.514499428049	3.4620472361036656e-8
39810.7170553497781	3.640687917898977e-8
40738.0277804112993	3.838560917729225e-8
41686.9383470335524	4.0579206589965107e-8
42657.9518801592494	4.3016062490869635e-8
43651.5832240165619	4.5729396551477787e-8
44668.359215096345	4.8758215475079344e-8
45708.8189614875228	5.214851125638905e-8
46773.514128719813	5.595475205381002e-8
47863.0092322638084	6.02417481153749e-8
48977.8819368446639	6.50870017466503e-8
50118.7233627272508	7.058368652907727e-8
51286.1383991364855	7.684445085177774e-8
52480.7460249772266	8.400631008247051e-8
53703.1796370253287	9.223698888370011e-8
54954.0873857624829	1.017432129665357e-7
56234.1325190349089	1.1278164712150259e-7
57543.9937337156734	1.2567346297946414e-7
58884.3655355589654	1.4082394110198162e-7
60255.9586074358085	1.5874913930173737e-7
61659.5001861482233	1.8011260720941965e-7
63095.7344480192987	2.057765828232145e-7
64565.422903465631	2.36874380174393e-7
66069.3448007596307	2.7491429362287216e-7
67608.297539198189	3.2193121350154354e-7
69183.0970918936218	3.8071441309095455e-7
70794.5784384138824	4.5522785094826087e-7
72443.596007499058	5.512763187485501e-7
74131.0241300917696	6.775279388945263e-7
75857.7575029183645	8.473546664275791e-7
77624.7116628691147	1.0822072409222694e-6
79432.8234724282083	1.4181610671689462e-6
81283.0516164099536	1.9195307696931835e-6
83176.3771102670871	2.7097708810956775e-6
85113.8038202375901	4.049980042141708e-6
87096.3589956081414	6.57109250654856e-6
89125.0938133745949	0.00001212858645143575
91201.0839355909557	0.00002827138407672637
93325.4300796990428	0.00011571806720278329
95499.2586021436873	0.2880600698718103
97723.7220955811208	0.00013901522049849193
100000.	0.00003598296274365704
102329.299228075353	0.00001681650878802315
104712.854805090057	9.995500163079592e-6
107151.930523760704	6.7792504177875124e-6
109647.81961431852	5.000501879532359e-6
112201.845430196307	3.9105548638054925e-6
114815.362149688401	3.1937079434157082e-6
117489.755493953038	2.6976609588153807e-6
120226.443461741321	2.3410409553044856e-6
123026.877081238126	2.076635015360089e-6
125892.541179416876	1.8759208888627861e-6
128824.955169313485	1.7208738315291338e-6
131825.673855640722	1.599637363880049e-6
134896.288259165303	1.5041507374162647e-6
138038.426460288378	1.4287819755675082e-6
141253.754462275538	1.369506270628584e-6
144543.977074592782	1.3233939526899795e-6
147910.838816820731	1.2882812021139446e-6
151356.124843620695	1.2625523508221892e-6
154881.661891248281	1.2449923510090898e-6
158489.319246111409	1.2346844916868054e-6
162181.009735893022	1.2309379142287195e-6
165958.690743755957	1.2332350742728304e-6
169824.365246174595	1.2411926872671638e-6
173780.082874937623	1.2545317904043688e-6
177827.94100389228	1.2730538683921132e-6
181970.085860998253	1.2966208222432445e-6
186208.713666286902	1.325137086899966e-6
190546.071796324832	1.3585325352415596e-6
194984.459975804522	1.3967450151990875e-6
199526.231496887864	1.439701505458592e-6
204173.794466953142	1.4873622130687746e-6
208929.613085404068	1.5400242452442075e-6
213796.208950223256	1.5981525132843494e-6
218776.162394955201	1.6622794553449506e-6
223872.113856834243	1.7330147022875422e-6
229086.765276777471	1.811056611050819e-6
234422.881531992229	1.897205900600449e-6
239883.291901948949	1.9923817867040783e-6
245470.891568502848	2.0976410929583212e-6
251188.643150958233	2.214200912440593e-6
257039.578276886459	2.3434655096572576e-6
263026.799189538171	2.487058288507462e-6
269153.480392691388	2.64685981079557e-6
275422.870333816914	2.8250530322501286e-6
281838.293126445496	3.0241771275324503e-6
288403.150312660553	3.2471914966348983e-6
295120.922666638449	3.497551769106034e-6
301995.172040201898	3.7792998238912267e-6
309029.543251359195	4.097169974779719e-6
316227.766016838024	4.456713454604562e-6
323593.656929628109	4.864443032986695e-6
331131.121482591436	5.327998807839097e-6
338844.156139202823	5.8563345802415135e-6
346736.850452531653	6.459921228662967e-6
354813.389233575319	7.15095834358903e-6
363078.054770101735	7.943576891864547e-6
371535.229097172792	8.85400218322174e-6
380189.396320561296	9.900625667042262e-6
389045.144994280476	0.000011103903333943202
398107.170553497737	0.000012485954867199473
407380.277804112993	0.000014070464262313409
416869.38347033551	0.000015888096307510362
426579.518801592465	0.00001797709162143514
436515.832240165735	0.00002038250650642432
446683.592150963494	0.000023157487898060598
457088.189614875184	0.000026364817120611544
467735.141287198057	0.000030078767643711183
478630.092322638026	0.000034387348514664205
489778.819368446653	0.000039395025796814796
501187.233627272479	0.0000452260431696553
512861.383991364855	0.000052028503919065754
524807.460249772295	0.000059979436208228856
537031.7963702532	0.00006929115167173538
549540.873857624829	0.00008021933959556102
562341.325190349016	0.00009307353995503936
575439.937337156618	0.00010823094806337626
588843.655355589581	0.00012615498620452265
602559.586074358085	0.00014742084079565117
616595.00186148216	0.00017275138996277243
630957.344480192987	0.00020306895499370268
645654.22903465631	0.00023957167523485975
660693.448007596424	0.00028384910352059067
676082.97539198189	0.0003380619315309871
691830.970918936306	0.0004052208067245028
707945.784384138766	0.0004893753578249548
724435.960074990638	0.0005959031554522461
741310.241300917696	0.0007322645216793264
758577.575029183528	0.0009090046378378918
776247.116628691205	0.0011413252539629794
794328.234724282171	0.001451639298063903
812830.516164099565	0.0018738612025489603
831763.771102670813	0.0024608915139311947
851138.038202375872	0.0032982711843564908
870963.589956081472	0.004530456794762981
891250.93813374592	0.006414768917710611
912010.839355909615	0.009441446401544968
933254.300796990399	0.014629767922547087
954992.586021436728	0.024365483076426688
977237.220955811208	0.04527091487380555
1.e6	0.10142348426387805
1.02329299228075368e6	0.22047875638194944
1.04712854805090069e6	0.7282048857617207
1.0715193052376071e6	14.147147366310639
1.09647819614318525e6	2.8829582461538426
1.12201845430196286e6	0.5151021522325688
1.14815362149688415e6	0.21670292047011416
1.17489755493953032e6	0.12273082061347537
1.20226443461741321e6	0.0810178018375521
1.23026877081238106e6	0.05874994821908047
1.25892541179416888e6	0.04540601568467134
1.28824955169313494e6	0.03675313802045652
1.31825673855640762e6	0.030813995432401153
1.34896288259165315e6	0.026561115770474344
1.38038426460288651e6	0.023416137777504037
1.41253754462275538e6	0.02103257490134525
1.44543977074592793e6	0.019192246949559916
1.47910838816820737e6	0.017752071574359467
1.51356124843620718e6	0.016615015218684834
1.54881661891248287e6	0.015713413409327786
1.58489319246111414e6	0.014998977327109553
1.62181009735893016e6	0.014436585024580933
1.65958690743755968e6	0.014000301457347673
1.69824365246174601e6	0.013670757174328465
1.73780082874937658e6	0.013433380792789738
1.77827941003892291e6	0.013277182719383463
1.8197008586099823e6	0.013193903580636211
1.86208713666286925e6	0.013177409384846336
1.90546071796324849e6	0.013223257096648077
1.94984459975804528e6	0.013328380238464076
1.99526231496887887e6	0.013490860650637286
2.04173794466953189e6	0.01370976327774109
2.08929613085404062e6	0.013985017953286376
2.13796208950223262e6	0.01431733694543624
2.18776162394955196e6	0.014708160296494773
2.2387211385683422e6	0.015159623259415412
2.29086765276777465e6	0.015674541721102775
2.34422881531992275e6	0.01625641262017908
2.39883291901949002e6	0.01690942715019863
2.45470891568503343e6	0.01763849508081449
2.51188643150958186e6	0.018449278882631058
2.57039578276886465e6	0.019348236542087338
2.63026799189538136e6	0.020342672022966437
2.691534803926914e6	0.021440792273018636
2.75422870333816903e6	0.02265176948858391
2.81838293126445496e6	0.02398580702211325
2.88403150312660588e6	0.0254542068318329
2.95120922666638391e6	0.027069435702137608
3.0199517204020191e6	0.02884518657204386
3.09029543251359183e6	0.03079643017568372
3.16227766016837954e6	0.032939450761502724
3.23593656929628085e6	0.0352918579095545
3.31131121482591424e6	0.03787256435736995
3.38844156139202788e6	0.040701717275931526
3.46736850452531688e6	0.04380056764306344
3.54813389233575296e6	0.04719125928226163
3.63078054770101746e6	0.050896515975024474
3.71535229097172804e6	0.05493920201531901
3.80189396320561273e6	0.05934172912884085
3.89045144994280441e6	0.06412528134662444
3.98107170553497784e6	0.06930883011459857
4.07380277804112947e6	0.07490964763505034
4.16869383470335463e6	0.08095524522367294
4.2657951880159257e6	0.0874806561479128
4.36515832240166608e6	0.09452386071686569
4.46683592150963564e6	0.10212604938141286
4.57088189614875149e6	0.11033195021709563
4.67735141287198104e6	0.11919019901053435
4.78630092322638072e6	0.12875375846372017
4.89778819368446618e6	0.1390803941153274
5.0118723362727249e6	0.1502332158859704
5.12861383991364762e6	0.16228129568441368
5.24807460249772295e6	0.1753003733601576
5.37031796370253246e6	0.189373665491999
5.49540873857624829e6	0.20459279415442488
5.6234132519034911e6	0.2210588560363517
5.75439937337156571e6	0.23888365614323528
5.88843655355589651e6	0.25819113508843206
6.02559586074358039e6	0.27911902478188544
6.165950018614823e6	0.3018207744034781
6.30957344480193034e6	0.3264677974134294
6.45654229034656193e6	0.353252101156403
6.6069344800759647e6	0.38238937424577807
6.76082975391981844e6	0.4141226238239757
6.91830970918936282e6	0.44872589621676906
7.07945784384138789e6	0.4864945660029676
7.24435960074990615e6	0.527742815717442
7.41310241300917696e6	0.5728174603826292
7.58577575029183552e6	0.6221021940746079
7.76247116628692765e6	0.6760217023441684
7.94328234724282194e6	0.7350462439603358
8.12830516164099518e6	0.7996967547979521
8.31763771102670953e6	0.8705505316042627
8.51138038202375919e6	0.9482475594253729
8.70963589956081286e6	1.0334975519655751
8.91250938133745827e6	1.1270877807082702
9.12010839355909638e6	1.2298917744150453
9.33254300796990283e6	1.3428789771807823
9.54992586021436937e6	1.4671254588252511
9.77237220955811255e6	1.6038257772371503
1.e7	1.7543060958082657
1.02329299228075352e7	1.920038663513331
1.04712854805090074e7	2.1026577645299773
1.0715193052376071e7	2.303977243771057
1.09647819614318498e7	2.5260097076384724
1.122018454301963e7	2.770987489018551
1.14815362149688415e7	3.04138544702425
1.17489755493953042e7	3.339945734193137
1.20226443461741321e7	3.669726597561558
1.23026877081238106e7	4.034176962461139
1.25892541179416869e7	4.437152378583744
1.28824955169313494e7	4.8829579541329915
1.31825673855640739e7	5.376402630477911
1.34896288259165324e7	5.922860111808188
1.38038426460288688e7	6.528337255159061
1.41253754462275542e7	7.199550810524882
1.44543977074592803e7	7.944013499320646
1.47910838816820718e7	8.770130523403704
1.51356124843620732e7	9.687307703213586
1.54881661891248282e7	10.706072561504415
1.584893192461114e7	11.838209787637707
1.62181009735893011e7	13.096912636211336
1.65958690743755978e7	14.496951933083835
1.69824365246174596e7	16.05486447695973
1.73780082874937616e7	17.78916272026572
1.77827941003892273e7	19.720567696468073
1.81970085860998221e7	21.872267208722256
1.86208713666286916e7	24.27020130138787
1.90546071796324849e7	26.943376976400366
1.94984459975804575e7	29.924213992012213
1.99526231496887878e7	33.24892331958953
2.04173794466953166e7	36.95811273176853
2.08929613085404076e7	41.09836795678613
2.13796208950223215e7	45.72276596416356
2.18776162394955196e7	50.89154149823782
2.23872113856834248e7	56.67319082507116
2.29086765276777484e7	63.14577661359701
2.34422881531992294e7	70.39847687935107
2.39883291901948936e7	78.53343169124203
2.45470891568503343e7	87.66795521056657
2.51188643150958233e7	97.9371981136704
2.57039578276886493e7	109.49736843971276
2.63026799189538099e7	122.52964872156879
2.69153480392691344e7	137.2449866042454
2.75422870333816893e7	153.88998812767394
2.81838293126445487e7	172.75421260004282
2.88403150312660597e7	194.17926141544058
2.95120922666638382e7	218.57018086598654
3.0199517204020191e7	246.40987349763347
3.09029543251359202e7	278.2774552880911
3.16227766016837917e7	314.87183537037316
3.23593656929628104e7	357.04227736883394
3.3113112148259148e7	405.8283932000643
3.38844156139202714e7	462.5130284387676
3.46736850452531651e7	528.6929859306854
3.54813389233575314e7	606.3747696808828
3.63078054770101756e7	698.1059388337114
3.71535229097172767e7	807.1579682163682
3.80189396320561245e7	937.784929491445
3.89045144994280487e7	1095.595979823197
3.98107170553497672e7	1288.1023999041677
4.0738027780411303e7	1525.4883192142179
4.16869383470335528e7	1821.3823088013942
4.26579518801592588e7	2194.4293818305996
4.3651583224016659e7	2670.820380460647
4.4668359215096347e7	3288.1223968113036
4.57088189614875242e7	4101.522277596289
4.67735141287198141e7	5194.361690494015
4.78630092322638035e7	6696.639454171472
4.89778819368446544e7	8819.074757519396
5.01187233627272472e7	11919.455881094704
5.12861383991364762e7	16641.07164307829
5.24807460249772295e7	24227.427345659602
5.37031796370253265e7	37321.406850313724
5.49540873857624829e7	62319.98697773549
5.62341325190349072e7	117959.20138158828
5.75439937337156758e7	279224.768113449
5.88843655355589613e7	1.1155235044986983e6
6.02559586074358076e7	1.866053879928033e8
6.16595001861482263e7	1.8770866192150142e6
6.30957344480192959e7	466540.77816090593
6.45654229034656137e7	220235.76436676367
6.60693448007596433e7	133982.40679343016
6.760829753919819e7	93576.47864154608
6.91830970918936282e7	71352.1909392913
7.07945784384138882e7	57851.63890957084
7.24435960074990541e7	49109.15939001581
7.41310241300917715e7	43220.17117883656
7.58577575029183626e7	39178.49743399598
7.76247116628692746e7	36415.746103991994
7.94328234724282026e7	34596.886220909095
8.12830516164099574e7	33521.64417987269
8.31763771102670878e7	33074.226716212805
8.51138038202377707e7	33197.24678579353
8.70963589956081361e7	33879.119651692985
8.91250938133745938e7	35150.20132688155
9.12010839355909526e7	37086.10148550759
9.33254300796990544e7	39818.84112707168
9.54992586021436751e7	43558.978578293674
9.77237220955811143e7	48635.73178289306
1.e8	55569.75054466977