# mphi[eV]; Yb:Xcoeffs [Hz]:	Yb+:S1/2->D5/2;	Yb+:S1/2->D3/2
1.000000000000000000e+00 -3.149410968387544375e+14 -3.548968999281491250e+14
1.023292992280699920e+00 -3.149500347488031875e+14 -3.549055464990715625e+14
1.047128548050800134e+00 -3.149587507523084375e+14 -3.549139850322545000e+14
1.071519305237599973e+00 -3.149672460356048750e+14 -3.549222164609481250e+14
1.096478196143099826e+00 -3.149755217850259375e+14 -3.549302417184091250e+14
1.122018454301899837e+00 -3.149835791869085000e+14 -3.549380617378898750e+14
1.148153621496800003e+00 -3.149914194275838750e+14 -3.549456774526436250e+14
1.174897554939499988e+00 -3.149990436933884375e+14 -3.549530897959240625e+14
1.202264434617400068e+00 -3.150064531706565000e+14 -3.549602997009848125e+14
1.230268770812299906e+00 -3.150136490457217500e+14 -3.549673081010778750e+14
1.258925411794100002e+00 -3.150206325049188750e+14 -3.549741159294598750e+14
1.288249551693100070e+00 -3.150274047345830000e+14 -3.549807241193823125e+14
1.318256738556399910e+00 -3.150339669210479375e+14 -3.549871336040989375e+14
1.348962882591600021e+00 -3.150403202506474375e+14 -3.549933453168624375e+14
1.380384264602800171e+00 -3.150464659097169375e+14 -3.549993601909283125e+14
1.412537544622699981e+00 -3.150524050845909375e+14 -3.550051791595484375e+14
1.445439770745899910e+00 -3.150581389616037500e+14 -3.550108031559778750e+14
1.479108388168200117e+00 -3.150636687270890625e+14 -3.550162331134675625e+14
1.513561248436199991e+00 -3.150689955673817500e+14 -3.550214699652733750e+14
1.548816618912399967e+00 -3.150741206688160625e+14 -3.550265146446473125e+14
1.584893192461100053e+00 -3.150790452177268125e+14 -3.550313680848446875e+14
1.621810097358900027e+00 -3.150837704004489375e+14 -3.550360312191171250e+14
1.659586907437500036e+00 -3.150882974033158125e+14 -3.550405049807194375e+14
1.698243652461699948e+00 -3.150926274126613750e+14 -3.550447903029036875e+14
1.737800828749299864e+00 -3.150967616148223125e+14 -3.550488881189251875e+14
1.778279410038899888e+00 -3.151007011961312500e+14 -3.550527993620363750e+14
1.819700858609899941e+00 -3.151044473429230000e+14 -3.550565249654913125e+14
1.862087136662799791e+00 -3.151080012415320000e+14 -3.550600658625427500e+14
1.905460717963200157e+00 -3.151113640782930000e+14 -3.550634229864448750e+14
1.949844599758000063e+00 -3.151145370395405000e+14 -3.550665972704505625e+14
1.995262314968800021e+00 -3.151175213116080000e+14 -3.550695896478141250e+14
2.041737944669499871e+00 -3.151203180808308750e+14 -3.550724010517885000e+14
2.089296130854000122e+00 -3.151229285335430000e+14 -3.550750324156273750e+14
2.137962089502200236e+00 -3.151253538560781250e+14 -3.550774846725839375e+14
2.187761623949500134e+00 -3.151275952347723125e+14 -3.550797587559123125e+14
2.238721138568299907e+00 -3.151296538559601250e+14 -3.550818555988661875e+14
2.290867652767699880e+00 -3.151315309059740625e+14 -3.550837761346973750e+14
2.344228815319899795e+00 -3.151332275711496875e+14 -3.550855212966622500e+14
2.398832919019400212e+00 -3.151347450378221250e+14 -3.550870920180115000e+14
2.454708915684999937e+00 -3.151360844923238125e+14 -3.550884892320000000e+14
2.511886431509500195e+00 -3.151372471209911250e+14 -3.550897138718818750e+14
2.570395782768799986e+00 -3.151382341101583750e+14 -3.550907668709091250e+14
2.630267991895300028e+00 -3.151390466461584375e+14 -3.550916491623351875e+14
2.691534803926900032e+00 -3.151396859153268125e+14 -3.550923616794153750e+14
2.754228703338100104e+00 -3.151401531039982500e+14 -3.550929053554022500e+14
2.818382931264399982e+00 -3.151404493985056250e+14 -3.550932811235490625e+14
2.884031503126599727e+00 -3.151405759851861875e+14 -3.550934899171095625e+14
2.951209226666299923e+00 -3.151405340503715000e+14 -3.550935326693370000e+14
3.019951720402000106e+00 -3.151403247803968125e+14 -3.550934103134853125e+14
3.090295432513499918e+00 -3.151399493615975625e+14 -3.550931237828079375e+14
3.162277660168300031e+00 -3.151394089803079375e+14 -3.550926740105580000e+14
3.235936569296200105e+00 -3.151387048228609375e+14 -3.550920619299896250e+14
3.311311214825900073e+00 -3.151378380755925625e+14 -3.550912884743560000e+14
3.388441561391999812e+00 -3.151368099248365000e+14 -3.550903545769100000e+14
3.467368504525300210e+00 -3.151356215569275000e+14 -3.550892611709066250e+14
3.548133892335699979e+00 -3.151342741581997500e+14 -3.550880091895981250e+14
3.630780547701000227e+00 -3.151327689149878750e+14 -3.550865995662382500e+14
3.715352290971700278e+00 -3.151311070136256875e+14 -3.550850332340806250e+14
3.801893963205599913e+00 -3.151292896404487500e+14 -3.550833111263788750e+14
3.890451449942800011e+00 -3.151273179817904375e+14 -3.550814341763859375e+14
3.981071705534899863e+00 -3.151251932239861875e+14 -3.550794033173566875e+14
4.073802778041099693e+00 -3.151229165533695000e+14 -3.550772194825435625e+14
4.168693834703299572e+00 -3.151204891562750000e+14 -3.550748836052005625e+14
4.265795188015899519e+00 -3.151179122190375625e+14 -3.550723966185805625e+14
4.365158322401600621e+00 -3.151151869279922500e+14 -3.550697594559380625e+14
4.466835921509599849e+00 -3.151123144694711875e+14 -3.550669730505250000e+14
4.570881896148700108e+00 -3.151092960298105000e+14 -3.550640383355963750e+14
4.677351412871900038e+00 -3.151061327953448125e+14 -3.550609562444050000e+14
4.786300923226300519e+00 -3.151028259524076250e+14 -3.550577277102044375e+14
4.897788193684400326e+00 -3.150993766873337500e+14 -3.550543536662488750e+14
5.011872336272700679e+00 -3.150957861864572500e+14 -3.550508350457897500e+14
5.128613839913600536e+00 -3.150920556361135000e+14 -3.550471727820839375e+14
5.248074602497700525e+00 -3.150881862226368125e+14 -3.550433678083823125e+14
5.370317963702500030e+00 -3.150841791323601250e+14 -3.550394210579390625e+14
5.495408738576199603e+00 -3.150800355516196875e+14 -3.550353334640078750e+14
5.623413251903399690e+00 -3.150757566667495000e+14 -3.550311059598423125e+14
5.754399373371500204e+00 -3.150713436640826875e+14 -3.550267394786952500e+14
5.888436553555799868e+00 -3.150667977299563125e+14 -3.550222349538225000e+14
6.025595860743499621e+00 -3.150621200507018750e+14 -3.550175933184739375e+14
6.165950018614799966e+00 -3.150573118126549375e+14 -3.550128155059052500e+14
6.309573444801899633e+00 -3.150523742021505625e+14 -3.550079024493698125e+14
6.456542290346500401e+00 -3.150473084055225625e+14 -3.550028550821215625e+14
6.606934480075899785e+00 -3.150421156091060625e+14 -3.549976743374125625e+14
6.760829753919800567e+00 -3.150367969992340000e+14 -3.549923611484976250e+14
6.918309709189299994e+00 -3.150313537622426250e+14 -3.549869164486293125e+14
7.079457843841299614e+00 -3.150257870844650000e+14 -3.549813411710625000e+14
7.244359600749800343e+00 -3.150200981522358125e+14 -3.549756362490491875e+14
7.413102413009100111e+00 -3.150142881518905625e+14 -3.549698026158442500e+14
7.585775750291800179e+00 -3.150083582697616875e+14 -3.549638412046991875e+14
7.762471166286900370e+00 -3.150023096921860000e+14 -3.549577529488699375e+14
7.943282347242799801e+00 -3.149961436054961250e+14 -3.549515387816083125e+14
8.128305161640899001e+00 -3.149898611960270625e+14 -3.549451996361685625e+14
8.317637711026700131e+00 -3.149834636501133750e+14 -3.549387364458041875e+14
8.511380382023700619e+00 -3.149769521540896250e+14 -3.549321501437685000e+14
8.709635899560799643e+00 -3.149703278942891875e+14 -3.549254416633156250e+14
8.912509381337400782e+00 -3.149635920570478750e+14 -3.549186119376975000e+14
9.120108393558998827e+00 -3.149567458286997500e+14 -3.549116619001689375e+14
9.332543007969899662e+00 -3.149497903955783125e+14 -3.549045924839834375e+14
9.549925860214299789e+00 -3.149427269440190625e+14 -3.548974046223940625e+14
9.772372209558099598e+00 -3.149355566603561875e+14 -3.548900992486545625e+14
1.000000000000000000e+01 -3.149282807309238750e+14 -3.548826772960185000e+14
1.023292992280750013e+01 -3.149209003420568750e+14 -3.548751396977386875e+14
1.047128548050890018e+01 -3.149134166800893125e+14 -3.548674873870693750e+14
1.071519305237600150e+01 -3.149058309313551250e+14 -3.548597212972645000e+14
1.096478196143180028e+01 -3.148981442821897500e+14 -3.548518423615765625e+14
1.122018454301959878e+01 -3.148903579189278750e+14 -3.548438515132600000e+14
1.148153621496880028e+01 -3.148824730279024375e+14 -3.548357496855671875e+14
1.174897554939519928e+01 -3.148744907954487500e+14 -3.548275378117527500e+14
1.202264434617410060e+01 -3.148664124079023125e+14 -3.548192168250693750e+14
1.230268770812380019e+01 -3.148582390515944375e+14 -3.548107876587703125e+14
1.258925411794159999e+01 -3.148499719128629375e+14 -3.548022512461110625e+14
1.288249551693130002e+01 -3.148416121780412500e+14 -3.547936085203434375e+14
1.318256738556400087e+01 -3.148331610334620625e+14 -3.547848604147203125e+14
1.348962882591649937e+01 -3.148246196654624375e+14 -3.547760078624970625e+14
1.380384264602879973e+01 -3.148159892603743125e+14 -3.547670517969260625e+14
1.412537544622749941e+01 -3.148072710045341875e+14 -3.547579931512614375e+14
1.445439770745919894e+01 -3.147984660842753125e+14 -3.547488328587551250e+14
1.479108388168200072e+01 -3.147895756859328125e+14 -3.547395718526633125e+14
1.513561248436199946e+01 -3.147806009958396250e+14 -3.547302110662376250e+14
1.548816618912480081e+01 -3.147715432003325625e+14 -3.547207514327311250e+14
1.584893192461109912e+01 -3.147624034857446250e+14 -3.547111938853993750e+14
1.621810097358929781e+01 -3.147531830384095000e+14 -3.547015393574938750e+14
1.659586907437559944e+01 -3.147438830446628125e+14 -3.546917887822690625e+14
1.698243652461740183e+01 -3.147345046908401250e+14 -3.546819430929786875e+14
1.737800828749369941e+01 -3.147250491632733125e+14 -3.546720032228763125e+14
1.778279410038920005e+01 -3.147155176482976250e+14 -3.546619701052139375e+14
1.819700858609980187e+01 -3.147059113322480625e+14 -3.546518446732465625e+14
1.862087136662859876e+01 -3.146962314014590000e+14 -3.546416278602283125e+14
1.905460717963240214e+01 -3.146864790422644375e+14 -3.546313205994114375e+14
1.949844599758040076e+01 -3.146766554409992500e+14 -3.546209238240488125e+14
1.995262314968879735e+01 -3.146667617839971250e+14 -3.546104384673949375e+14
2.041737944669520033e+01 -3.146567992575936250e+14 -3.545998654627039375e+14
2.089296130854030054e+01 -3.146467690481221250e+14 -3.545892057432277500e+14
2.137962089502230256e+01 -3.146366723419176250e+14 -3.545784602422223125e+14
2.187761623949549872e+01 -3.146265103253145000e+14 -3.545676298929385000e+14
2.238721138568340052e+01 -3.146162841846468750e+14 -3.545567156286309375e+14
2.290867652767769869e+01 -3.146059951062498750e+14 -3.545457183825532500e+14
2.344228815319919690e+01 -3.145956442764577500e+14 -3.545346390879592500e+14
2.398832919019490006e+01 -3.145852328816037500e+14 -3.545234786781016250e+14
2.454708915685030135e+01 -3.145747621080235625e+14 -3.545122380862343750e+14
2.511886431509580220e+01 -3.145642331420513125e+14 -3.545009182456105625e+14
2.570395782768860116e+01 -3.145536471700221250e+14 -3.544895200894853750e+14
2.630267991895379964e+01 -3.145430053782685625e+14 -3.544780445511095000e+14
2.691534803926910158e+01 -3.145323089531264375e+14 -3.544664925637392500e+14
2.754228703338160145e+01 -3.145215590809296250e+14 -3.544548650606251875e+14
2.818382931264450164e+01 -3.145107569480136875e+14 -3.544431629750240625e+14
2.884031503126599816e+01 -3.144999037407114375e+14 -3.544313872401870000e+14
2.951209226666379948e+01 -3.144890006453585625e+14 -3.544195387893693125e+14
3.019951720402010054e+01 -3.144780488482887500e+14 -3.544076185558224375e+14
3.090295432513590157e+01 -3.144670495358368125e+14 -3.543956274728010625e+14
3.162277660168370019e+01 -3.144560038943371250e+14 -3.543835664735588125e+14
3.235936569296279686e+01 -3.144449131101241250e+14 -3.543714364913493125e+14
3.311311214825909843e+01 -3.144337783695320000e+14 -3.543592384594258125e+14
3.388441561392019707e+01 -3.144226008588954375e+14 -3.543469733110411875e+14
3.467368504525310158e+01 -3.144113817645486250e+14 -3.543346419794498125e+14
3.548133892335750517e+01 -3.144001222728261875e+14 -3.543222453979055000e+14
3.630780547701009908e+01 -3.143888235700628750e+14 -3.543097844996605000e+14
3.715352290971719640e+01 -3.143774868425924375e+14 -3.542972602179695625e+14
3.801893963205609595e+01 -3.143661132767495625e+14 -3.542846734860848125e+14
3.890451449942800366e+01 -3.143547040588684375e+14 -3.542720252372608750e+14
3.981071705534969851e+01 -3.143432603752840625e+14 -3.542593164047514375e+14
4.073802778041119410e+01 -3.143317834123309375e+14 -3.542465479218093125e+14
4.168693834703349665e+01 -3.143202743563426250e+14 -3.542337207216880625e+14
4.265795188015920303e+01 -3.143087343936546875e+14 -3.542208357376424375e+14
4.365158322401659774e+01 -3.142971647106010625e+14 -3.542078939029236875e+14
4.466835921509630225e+01 -3.142855664935153125e+14 -3.541948961507869375e+14
4.570881896148750201e+01 -3.142739409287327500e+14 -3.541818434144853750e+14
4.677351412871980330e+01 -3.142622892025878750e+14 -3.541687366272726875e+14
4.786300923226380633e+01 -3.142506125014150625e+14 -3.541555767224016875e+14
4.897788193684460367e+01 -3.142389120115483750e+14 -3.541423646331263750e+14
5.011872336272720219e+01 -3.142271889193226875e+14 -3.541291012927005000e+14
5.128613839913639794e+01 -3.142154444110715625e+14 -3.541157876343774375e+14
5.248074602497720065e+01 -3.142036796731306875e+14 -3.541024245914105625e+14
5.370317963702520103e+01 -3.141918958918338125e+14 -3.540890130970528750e+14
5.495408738576239926e+01 -3.141800942535155625e+14 -3.540755540845588750e+14
5.623413251903490107e+01 -3.141682759445101875e+14 -3.540620484871821875e+14
5.754399373371559534e+01 -3.141564421511518750e+14 -3.540484972381748125e+14
5.888436553555889930e+01 -3.141445940597758125e+14 -3.540349012707912500e+14
6.025595860743569432e+01 -3.141327328567153750e+14 -3.540212615182851875e+14
6.165950018614820038e+01 -3.141208597283060000e+14 -3.540075789139097500e+14
6.309573444801930009e+01 -3.141089758608814375e+14 -3.539938543909187500e+14
6.456542290346548896e+01 -3.140970824407760625e+14 -3.539800888825653125e+14
6.606934480075959470e+01 -3.140851806543253125e+14 -3.539662833221036875e+14
6.760829753919810514e+01 -3.140732693322604375e+14 -3.539524360532702500e+14
6.918309709189360035e+01 -3.140612697901271875e+14 -3.539384602072888125e+14
7.079457843841380793e+01 -3.140490101015936250e+14 -3.539241664144992500e+14
7.244359600749899641e+01 -3.140363128057025625e+14 -3.539093592210224375e+14
7.413102413009170277e+01 -3.140230004414965000e+14 -3.538938431729809375e+14
7.585775750291840325e+01 -3.140088955480178125e+14 -3.538774228164965000e+14
7.762471166286910318e+01 -3.139938206643088125e+14 -3.538599026976892500e+14
7.943282347242809749e+01 -3.139775983294123750e+14 -3.538410873626821250e+14
8.128305161640990661e+01 -3.139600510823718750e+14 -3.538207813575971250e+14
8.317637711026699776e+01 -3.139410014622278750e+14 -3.537987892285550000e+14
8.511380382023760660e+01 -3.139202720080250625e+14 -3.537749155216782500e+14
8.709635899560799999e+01 -3.138976852588040000e+14 -3.537489647830866875e+14
8.912509381337449099e+01 -3.138730637536080000e+14 -3.537207415589040625e+14
9.120108393559090132e+01 -3.138462300314803125e+14 -3.536900503952506250e+14
9.332543007969908899e+01 -3.138170066314625000e+14 -3.536566958382489375e+14
9.549925860214349882e+01 -3.137852160925983125e+14 -3.536204824340200625e+14
9.772372209558099598e+01 -3.137506809539296875e+14 -3.535812147286856250e+14
1.000000000000000000e+02 -3.137132237544976875e+14 -3.535386972683671875e+14
1.023292992280753992e+02 -3.136726670333468750e+14 -3.534927345991864375e+14
1.047128548050899042e+02 -3.136288333295194375e+14 -3.534431312672656875e+14
1.071519305237606972e+02 -3.135815451820576250e+14 -3.533896918187257500e+14
1.096478196143185073e+02 -3.135306251300031875e+14 -3.533322207996882500e+14
1.122018454301963004e+02 -3.134758957124006875e+14 -3.532705227562760625e+14
1.148153621496882977e+02 -3.134171794682913750e+14 -3.532044022346089375e+14
1.174897554939528987e+02 -3.133542989367169375e+14 -3.531336637808094375e+14
1.202264434617412974e+02 -3.132870766567210000e+14 -3.530581119409996250e+14
1.230268770812381121e+02 -3.132153351673464375e+14 -3.529775512613005000e+14
1.258925411794166962e+02 -3.131388970076346875e+14 -3.528917862878342500e+14
1.288249551693133128e+02 -3.130575847166296875e+14 -3.528006215667218750e+14
1.318256738556407015e+02 -3.129712208333723750e+14 -3.527038616440846250e+14
1.348962882591653170e+02 -3.128796278969060000e+14 -3.526013110660454375e+14
1.380384264602884912e+02 -3.127826284462743125e+14 -3.524927743787254375e+14
1.412537544622753956e+02 -3.126800450205180625e+14 -3.523780561282461250e+14
1.445439770745927888e+02 -3.125717001586802500e+14 -3.522569608607290000e+14
1.479108388168207000e+02 -3.124574163998038750e+14 -3.521292931222953125e+14
1.513561248436207904e+02 -3.123370162829321250e+14 -3.519948574590673750e+14
1.548816618912481147e+02 -3.122103223471060000e+14 -3.518534584171668125e+14
1.584893192461113927e+02 -3.120771571313685000e+14 -3.517049005427148750e+14
1.621810097358928999e+02 -3.119373431747628750e+14 -3.515489883818335625e+14
1.659586907437561081e+02 -3.117907030163314375e+14 -3.513855264806443750e+14
1.698243652461743807e+02 -3.116370591951163125e+14 -3.512143193852690000e+14
1.737800828749375910e+02 -3.114762342501600000e+14 -3.510351716418286875e+14
1.778279410038923061e+02 -3.113080507205056250e+14 -3.508478877964455625e+14
1.819700858609983811e+02 -3.111323311451958125e+14 -3.506522723952410625e+14
1.862087136662866840e+02 -3.109488980632717500e+14 -3.504481299843366250e+14
1.905460717963247816e+02 -3.107575740137780625e+14 -3.502352651098542500e+14
1.949844599758044978e+02 -3.105581815357551875e+14 -3.500134823179153750e+14
1.995262314968879878e+02 -3.103505431682470625e+14 -3.497825861546413125e+14
2.041737944669528986e+02 -3.101344814502963125e+14 -3.495423811661548125e+14
2.089296130854038154e+02 -3.099098189209445625e+14 -3.492926718985762500e+14
2.137962089502231890e+02 -3.096763781192346250e+14 -3.490332628980275625e+14
2.187761623949550938e+02 -3.094339815842092500e+14 -3.487639587106302500e+14
2.238721138568340052e+02 -3.091824518549113125e+14 -3.484845638825068125e+14
2.290867652767772142e+02 -3.089216114703828125e+14 -3.481948829597779375e+14
2.344228815319922035e+02 -3.086512829696667500e+14 -3.478947204885659375e+14
2.398832919019489793e+02 -3.083712888918053125e+14 -3.475838810149925625e+14
2.454708915685031059e+02 -3.080814517758410625e+14 -3.472621690851783125e+14
2.511886431509579154e+02 -3.077815941608161250e+14 -3.469293892452456875e+14
2.570395782768864024e+02 -3.074715385857741875e+14 -3.465853460413158125e+14
2.630267991895381101e+02 -3.071511075897570625e+14 -3.462298440195106875e+14
2.691534803926916197e+02 -3.068201237118071250e+14 -3.458626877259521875e+14
2.754228703338166042e+02 -3.064784094909675625e+14 -3.454836817067618750e+14
2.818382931264454783e+02 -3.061257874662805625e+14 -3.450926305080611875e+14
2.884031503126605003e+02 -3.057620801767885625e+14 -3.446893386759716250e+14
2.951209226666387053e+02 -3.053871101615339375e+14 -3.442736107566146875e+14
3.019951720402016235e+02 -3.050006999595598125e+14 -3.438452512961124375e+14
3.090295432513592004e+02 -3.046026721099084375e+14 -3.434040648405861875e+14
3.162277660168379043e+02 -3.041927661929136250e+14 -3.429497645011364375e+14
3.235936569296283665e+02 -3.037700293670871250e+14 -3.424813002187750625e+14
3.311311214825910838e+02 -3.033331644470175625e+14 -3.419972424072241250e+14
3.388441561392027097e+02 -3.028808717455954375e+14 -3.414961587228925000e+14
3.467368504525315984e+02 -3.024118515757123125e+14 -3.409766168221926875e+14
3.548133892335757196e+02 -3.019248042502596250e+14 -3.404371843615353125e+14
3.630780547701014029e+02 -3.014184300821282500e+14 -3.398764289973313125e+14
3.715352290971724187e+02 -3.008914293842096875e+14 -3.392929183859919375e+14
3.801893963205612295e+02 -3.003425024693948750e+14 -3.386852201839280625e+14
3.890451449942805198e+02 -2.997703496505746875e+14 -3.380519020475498125e+14
3.981071705534973262e+02 -2.991736712406403125e+14 -3.373915316332697500e+14
4.073802778041126089e+02 -2.985511675524833125e+14 -3.367026765974976250e+14
4.168693834703354923e+02 -2.979015388989948125e+14 -3.359839045966453750e+14
4.265795188015924850e+02 -2.972234855930649375e+14 -3.352337832871228125e+14
4.365158322401661053e+02 -2.965157079475866250e+14 -3.344508803253424375e+14
4.466835921509629657e+02 -2.957769062754487500e+14 -3.336337633677131875e+14
4.570881896148752048e+02 -2.950057808895448750e+14 -3.327810000706486250e+14
4.677351412871981324e+02 -2.942010321027642500e+14 -3.318911580905575625e+14
4.786300923226384612e+02 -2.933613602279991875e+14 -3.309628050838525000e+14
4.897788193684460794e+02 -2.924854655781403750e+14 -3.299945087069435625e+14
5.011872336272724624e+02 -2.915720484660791875e+14 -3.289848366162418125e+14
5.128613839913648462e+02 -2.906198092047064375e+14 -3.279323564681587500e+14
5.248074602497728165e+02 -2.896274481069131875e+14 -3.268356359191044375e+14
5.370317963702526640e+02 -2.885936654855909375e+14 -3.256932426254912500e+14
5.495408738576248879e+02 -2.875171616536306875e+14 -3.245037442437286875e+14
5.623413251903490391e+02 -2.863966369239238750e+14 -3.232657084302295625e+14
5.754399373371572892e+02 -2.852307916093610625e+14 -3.219777028414026875e+14
5.888436553555890214e+02 -2.840183260228335625e+14 -3.206382951336604375e+14
6.025595860743580943e+02 -2.827579404772326250e+14 -3.192460529634136875e+14
6.165950018614821602e+02 -2.814483352854499688e+14 -3.177995439870732500e+14
6.309573444801935693e+02 -2.800882107603760938e+14 -3.162973358610501875e+14
6.456542290346556001e+02 -2.786762672149020938e+14 -3.147379962417552500e+14
6.606934480075957481e+02 -2.772112049619190000e+14 -3.131200927855998750e+14
6.760829753919819041e+02 -2.756917243143183125e+14 -3.114421931489941875e+14
6.918309709189362593e+02 -2.741165255849914062e+14 -3.097028649883506875e+14
7.079457843841380509e+02 -2.724843090868291250e+14 -3.079006759600791875e+14
7.244359600749899073e+02 -2.707937751327223125e+14 -3.060341937205908125e+14
7.413102413009177099e+02 -2.690436240355628125e+14 -3.041019859262973125e+14
7.585775750291835493e+02 -2.672325561082406250e+14 -3.021026202336083125e+14
7.762471166286919697e+02 -2.653592716636484062e+14 -3.000346642989364375e+14
7.943282347242814012e+02 -2.634224710146758125e+14 -2.978966857786908125e+14
8.128305161640995493e+02 -2.614208544742156875e+14 -2.956872523292846250e+14
8.317637711026708303e+02 -2.593531223551576250e+14 -2.934049316071271875e+14
8.511380382023767197e+02 -2.572179924119080938e+14 -2.910483104107255000e+14
8.709635899560804546e+02 -2.550148810801327188e+14 -2.886167423425895000e+14
8.912509381337458763e+02 -2.527441245329978750e+14 -2.861105904188751250e+14
9.120108393559096385e+02 -2.504061216463770938e+14 -2.835302864720785625e+14
9.332543007969915152e+02 -2.480012712961438125e+14 -2.808762623346948125e+14
9.549925860214359545e+02 -2.455299723581710000e+14 -2.781489498392189688e+14
9.772372209558112672e+02 -2.429926237083317188e+14 -2.753487808181468125e+14
1.000000000000000000e+03 -2.403896242224996250e+14 -2.724761871039738750e+14
1.023292992280754788e+03 -2.377213727765472500e+14 -2.695316005291947188e+14
1.047128548050899553e+03 -2.349882682463485000e+14 -2.665154529263055000e+14
1.071519305237607114e+03 -2.321907095077758750e+14 -2.634281761278009688e+14
1.096478196143185187e+03 -2.293290954367036562e+14 -2.602702019661769062e+14
1.122018454301964312e+03 -2.264038249090038750e+14 -2.570419622739283750e+14
1.148153621496882806e+03 -2.234152968005505000e+14 -2.537438888835511250e+14
1.174897554939530437e+03 -2.203639099872164375e+14 -2.503764136275401875e+14
1.202264434617413144e+03 -2.172500633448749375e+14 -2.469399683383909375e+14
1.230268770812381263e+03 -2.140741557493993750e+14 -2.434349848485991562e+14
1.258925411794167530e+03 -2.108365860766626875e+14 -2.398618949906592812e+14
1.288249551693133526e+03 -2.075377532025381562e+14 -2.362211305970674375e+14
1.318256738556407754e+03 -2.041780560028990000e+14 -2.325131235003186562e+14
1.348962882591653170e+03 -2.007578933536187812e+14 -2.287383055329086562e+14
1.380384264602885196e+03 -1.972776641305700625e+14 -2.248971085273323750e+14
1.412537544622754012e+03 -1.937377672096263438e+14 -2.209899643160851875e+14
1.445439770745928172e+03 -1.901386014666608750e+14 -2.170173047316625625e+14
1.479108388168207284e+03 -1.864805657775470312e+14 -2.129795616065601562e+14
1.513561248436208871e+03 -1.827640590181577500e+14 -2.088771667732728438e+14
1.548816618912481317e+03 -1.789894800643666250e+14 -2.047105520642963125e+14
1.584893192461114040e+03 -1.751572277920462188e+14 -2.004801493121256562e+14
1.621810097358929852e+03 -1.712677010770702188e+14 -1.961863903492565000e+14
1.659586907437561194e+03 -1.673212987953115312e+14 -1.918297070081837500e+14
1.698243652461744432e+03 -1.633184198226439688e+14 -1.874105311214035000e+14
1.737800828749376251e+03 -1.592594630349400312e+14 -1.829292945214104688e+14
1.778279410038922833e+03 -1.551448273080732812e+14 -1.783864290407002812e+14
1.819700858609984380e+03 -1.509749115179166875e+14 -1.737823665117679375e+14
1.862087136662867579e+03 -1.467501145403438125e+14 -1.691175387671095000e+14
1.905460717963248271e+03 -1.424708352512275625e+14 -1.643923776392196562e+14
1.949844599758045661e+03 -1.381374725264413906e+14 -1.596073149605941875e+14
1.995262314968880901e+03 -1.337504252418583594e+14 -1.547627825637281250e+14
2.041737944669529725e+03 -1.293106917530030156e+14 -1.498598681197606562e+14
2.089296130854041166e+03 -1.248225427020161406e+14 -1.449032392245385000e+14
2.137962089502232629e+03 -1.202913597094852031e+14 -1.398987788989793125e+14
2.187761623949551904e+03 -1.157225253036139219e+14 -1.348523711569449062e+14
2.238721138568339939e+03 -1.111214220126066094e+14 -1.297699000122972500e+14
2.290867652767772142e+03 -1.064934323646678125e+14 -1.246572494788991250e+14
2.344228815319922887e+03 -1.018439388880013281e+14 -1.195203035706120781e+14
2.398832919019489964e+03 -9.717832411081179688e+13 -1.143649463012990312e+14
2.454708915685031116e+03 -9.250197056130295312e+13 -1.091970616848216094e+14
2.511886431509580234e+03 -8.782026076767960938e+13 -1.040225337350423750e+14
2.570395782768865047e+03 -8.313857725814543750e+13 -9.884724646582323438e+13
2.630267991895381329e+03 -7.846230256090512500e+13 -9.367708389102682812e+13
2.691534803926916993e+03 -7.379681920416245312e+13 -8.851793002451481250e+13
2.754228703338166270e+03 -6.914750971612204688e+13 -8.337566888014992188e+13
2.818382931264455237e+03 -6.451975662498771875e+13 -7.825618447179389062e+13
2.884031503126605003e+03 -5.991894245896414844e+13 -7.316536081330942188e+13
2.951209226666387167e+03 -5.535044974625512500e+13 -6.810908191855819531e+13
3.019951720402016235e+03 -5.081966101506524219e+13 -6.309323180140285938e+13
3.090295432513592004e+03 -4.633195879359833594e+13 -5.812369447570525000e+13
3.162277660168379498e+03 -4.189272561005903125e+13 -5.320635395532796875e+13
3.235936569296284688e+03 -3.750734399265121875e+13 -4.834709425413288281e+13
3.311311214825911065e+03 -3.318119646957938672e+13 -4.355179938598243750e+13
3.388441561392027779e+03 -2.891966556904746094e+13 -3.882635336473856250e+13
3.467368504525316439e+03 -2.472813381926002734e+13 -3.417664020426384375e+13
3.548133892335756627e+03 -2.061198374842085547e+13 -2.960854391842001953e+13
3.630780547701013802e+03 -1.657659788473468555e+13 -2.512794852106979688e+13
3.715352290971727598e+03 -1.262735875640524219e+13 -2.074073802607489844e+13
3.801893963205612636e+03 -8.769648891637146484e+12 -1.645279644729798438e+13
3.890451449942805084e+03 -5.008850818634498047e+12 -1.227000779860101758e+13
3.981071705534973262e+03 -1.350347065601260498e+12 -8.198256093846074219e+12
4.073802778041126203e+03 2.200873141434937012e+12 -4.243005045367732422e+12
4.168693834703354696e+03 5.642783976905032227e+12 -4.065515339555621948e+11
4.265795188015925305e+03 8.974710316509019531e+12 3.310250983615219238e+12
4.365158322401661280e+03 1.219598390441070312e+13 6.906556390538758789e+12
4.466835921509629770e+03 1.530593648477362891e+13 1.038151857000871094e+13
4.570881896148751366e+03 1.830389980176166797e+13 1.373429140521928516e+13
4.677351412871980756e+03 2.118920559953825781e+13 1.696402877936404102e+13
4.786300923226384839e+03 2.396118562226731641e+13 2.006988457563722656e+13
4.897788193684461476e+03 2.661917161411228516e+13 2.305101267723239844e+13
5.011872336272725079e+03 2.916249531923711719e+13 2.590656696734379297e+13
5.128613839913648917e+03 3.159048848180522656e+13 2.863570132916498438e+13
5.248074602497727938e+03 3.390248284598042969e+13 3.123756964589017578e+13
5.370317963702526868e+03 3.609781015592636719e+13 3.371132580071302344e+13
5.495408738576248652e+03 3.817580215580682812e+13 3.605612367682767188e+13
5.623413251903491073e+03 4.013579058978527344e+13 3.827111715742775000e+13
5.754399373371572437e+03 4.197710720202557031e+13 4.035546012570742969e+13
5.888436553555889986e+03 4.369908373669128906e+13 4.230830646486035156e+13
6.025595860743581397e+03 4.530105193794617188e+13 4.412881005808067188e+13
6.165950018614822511e+03 4.678234354995386719e+13 4.581612478856208594e+13
6.309573444801935693e+03 4.814229031687813281e+13 4.736940453949865625e+13
6.456542290346556001e+03 4.938022398288246875e+13 4.878780319408410156e+13
6.606934480075964530e+03 5.049547629213071094e+13 5.007047463551250000e+13
6.760829753919819268e+03 5.148737898878642969e+13 5.121657274697764062e+13
6.918309709189363275e+03 5.235538018795143750e+13 5.222538016733835938e+13
7.079457843841380054e+03 5.310166843036865625e+13 5.309921160970932031e+13
7.244359600749899073e+03 5.373120865626582031e+13 5.384345366380572656e+13
7.413102413009177326e+03 5.424908937196135156e+13 5.446362963590100000e+13
7.585775750291835720e+03 5.466039908377350000e+13 5.496526283226866406e+13
7.762471166286919470e+03 5.497022629802071875e+13 5.535387655918217188e+13
7.943282347242813557e+03 5.518365952102120312e+13 5.563499412291505469e+13
8.128305161640994811e+03 5.530578725909336719e+13 5.581413882974075000e+13
8.317637711026709439e+03 5.534169801855546094e+13 5.589683398593266406e+13
8.511380382023768107e+03 5.529648030572587500e+13 5.588860289776436719e+13
8.709635899560804319e+03 5.517522262692296875e+13 5.579496887150931250e+13
8.912509381337458763e+03 5.498301348846497656e+13 5.562145521344094531e+13
9.120108393559095930e+03 5.472494139667031250e+13 5.537358522983278906e+13
9.332543007969914470e+03 5.440609485785725000e+13 5.505688222695824219e+13
9.549925860214358181e+03 5.403156237834414062e+13 5.467686951109083594e+13
9.772372209558112445e+03 5.360643246444931250e+13 5.423907038850402344e+13
1.000000000000000000e+04 5.313579362249105469e+13 5.374900816547124219e+13
1.023292992280753606e+04 5.262473435878775781e+13 5.321220614826607031e+13
1.047128548050900827e+04 5.207834317965767969e+13 5.263418764316182031e+13
1.071519305237607114e+04 5.150170859141924219e+13 5.202047595643211719e+13
1.096478196143185232e+04 5.089991910039071094e+13 5.137659439435038281e+13
1.122018454301962629e+04 5.027806321289041406e+13 5.070806626319007031e+13
1.148153621496883898e+04 4.964122943523664844e+13 5.002041486922462500e+13
1.174897554939530164e+04 4.899450172971533594e+13 4.931915881128004688e+13
1.202264434617413099e+04 4.834194979778674219e+13 4.860876595193705469e+13
1.230268770812381081e+04 4.768535485536024219e+13 4.789133336841782812e+13
1.258925411794166212e+04 4.702618447463533594e+13 4.716863321480273438e+13
1.288249551693134890e+04 4.636590622781150781e+13 4.644243764517215625e+13
1.318256738556407436e+04 4.570598768708839062e+13 4.571451881360657031e+13
1.348962882591653215e+04 4.504789642466548438e+13 4.498664887418636719e+13
1.380384264602884105e+04 4.439310001274222656e+13 4.426059998099192969e+13
1.412537544622755377e+04 4.374306602351821875e+13 4.353814428810364844e+13
1.445439770745928035e+04 4.309926202919300000e+13 4.282105394960197656e+13
1.479108388168207239e+04 4.246315560196610938e+13 4.211110111956735938e+13
1.513561248436207279e+04 4.183621431403700000e+13 4.141005795208007031e+13
1.548816618912482772e+04 4.121990573760520312e+13 4.071969660122058594e+13
1.584893192461114086e+04 4.061569744487032031e+13 4.004178922106934375e+13
1.621810097358929852e+04 4.002505700803185938e+13 3.937810796570674219e+13
1.659586907437559421e+04 3.944945199928928906e+13 3.873042498921316406e+13
1.698243652461746024e+04 3.889034999084214844e+13 3.810051244566893750e+13
1.737800828749376160e+04 3.834921855489000000e+13 3.749014248915462500e+13
1.778279410038923015e+04 3.782752526363244531e+13 3.690108727375058594e+13
1.819700858609982606e+04 3.732673768926885938e+13 3.633511895353715625e+13
1.862087136662868943e+04 3.684832340399881250e+13 3.579400968259477344e+13
1.905460717963248317e+04 3.639374998002188281e+13 3.527953161500385156e+13
1.949844599758044933e+04 3.596448498953756250e+13 3.479345690484484375e+13
1.995262314968878491e+04 3.556199600474542969e+13 3.433755770619812500e+13
2.041737944669532226e+04 3.518746735684843750e+13 3.391327789079088672e+13
2.089296130854040530e+04 3.484053729334246484e+13 3.352026938637352734e+13
2.137962089502232266e+04 3.452031914875680859e+13 3.315757573537786719e+13
2.187761623949552086e+04 3.422592582879141016e+13 3.282423998321348047e+13
2.238721138568342576e+04 3.395647023914635938e+13 3.251930517528993359e+13
2.290867652767774780e+04 3.371106528552173828e+13 3.224181435701689062e+13
2.344228815319922433e+04 3.348882387361762891e+13 3.199081057380399219e+13
2.398832919019490146e+04 3.328885890913406250e+13 3.176533687106076172e+13
2.454708915685028842e+04 3.311028329777105859e+13 3.156443629419690625e+13
2.511886431509581962e+04 3.295220994522875391e+13 3.138715188862197266e+13
2.570395782768864592e+04 3.281375175720717578e+13 3.123252669974560547e+13
2.630267991895381056e+04 3.269402163940640625e+13 3.109960377297741016e+13
2.691534803926914174e+04 3.259213249752646875e+13 3.098742615372704297e+13
2.754228703338168998e+04 3.250719723726739844e+13 3.089503688740404688e+13
2.818382931264454965e+04 3.243832876432928516e+13 3.082147901941800781e+13
2.884031503126605821e+04 3.238463998441230859e+13 3.076579559517867969e+13
2.951209226666383984e+04 3.234524380321635547e+13 3.072702966009556641e+13
3.019951720402019782e+04 3.231925312644147656e+13 3.070422425957826953e+13
3.090295432513592095e+04 3.230578085978785938e+13 3.069642243903649609e+13
3.162277660168379589e+04 3.230393990895550781e+13 3.070266724387979688e+13
3.235936569296281232e+04 3.231284317964447656e+13 3.072200171951773047e+13
3.311311214825914794e+04 3.233160357755483984e+13 3.075346891136004688e+13
3.388441561392027506e+04 3.235933400838662500e+13 3.079611186481619531e+13
3.467368504525316530e+04 3.239514737783991797e+13 3.084897362529588672e+13
3.548133892335753626e+04 3.243815659161477344e+13 3.091109723820878516e+13
3.630780547701018077e+04 3.248747455541126953e+13 3.098152574896439844e+13
3.715352290971728507e+04 3.254221417492945312e+13 3.105930220297240234e+13
3.801893963205612818e+04 3.260148835586933203e+13 3.114346964564235156e+13
3.890451449942804902e+04 3.266441000393105078e+13 3.123307112238388672e+13
3.981071705534977809e+04 3.273009202481466406e+13 3.132714967860670312e+13
4.073802778041129932e+04 3.279769221574202734e+13 3.142479245757272656e+13
4.168693834703355242e+04 3.286670661654883984e+13 3.152541886512376562e+13
4.265795188015924941e+04 3.293678543615284766e+13 3.162859975051784375e+13
4.365158322401656187e+04 3.300757966743828516e+13 3.173390673311914453e+13
4.466835921509634500e+04 3.307874030328941016e+13 3.184091143229185156e+13
4.570881896148752276e+04 3.314991833659052734e+13 3.194918546740025391e+13
4.677351412871981302e+04 3.322076476022590625e+13 3.205830045780853125e+13
4.786300923226380837e+04 3.329093056707983984e+13 3.216782802288091797e+13
4.897788193684466387e+04 3.336006675003656250e+13 3.227733978198159766e+13
5.011872336272725079e+04 3.342782430198038281e+13 3.238640735447487891e+13
5.128613839913648553e+04 3.349385421579558594e+13 3.249460235972487891e+13
5.248074602497722663e+04 3.355780748436639453e+13 3.260149641709587891e+13
5.370317963702532870e+04 3.361933510057712500e+13 3.270666114595207812e+13
5.495408738576248288e+04 3.367808805731204297e+13 3.280966816565770312e+13
5.623413251903490891e+04 3.373371734745543359e+13 3.291008909557698828e+13
5.754399373371567344e+04 3.378587396389155859e+13 3.300749555507415234e+13
5.888436553555896535e+04 3.383420889950469922e+13 3.310145916351338281e+13
6.025595860743580852e+04 3.387837314717910547e+13 3.319155154025892578e+13
6.165950018614822329e+04 3.391801769979909766e+13 3.327734430467499609e+13
6.309573444801929872e+04 3.395279355024893750e+13 3.335840907612583594e+13
6.456542290346563095e+04 3.398235169141288281e+13 3.343431747397566797e+13
6.606934480075963074e+04 3.400634311617522656e+13 3.350464111758868750e+13
6.760829753919818904e+04 3.402441881742023828e+13 3.356895162632913281e+13
6.918309709189362184e+04 3.403623439087401172e+13 3.362682583136593359e+13
7.079457843841388240e+04 3.404155382483820703e+13 3.367796329694522266e+13
7.244359600749905803e+04 3.404025092307055078e+13 3.372218793151988672e+13
7.413102413009176962e+04 3.403220437676157812e+13 3.375932917759043750e+13
7.585775750291836448e+04 3.401729287710202344e+13 3.378921647765756250e+13
7.762471166286911466e+04 3.399539511528250000e+13 3.381167927422189062e+13
7.943282347242820833e+04 3.396638978249365234e+13 3.382654700978397656e+13
8.128305161640995357e+04 3.393015556992615625e+13 3.383364912684448047e+13
8.317637711026708712e+04 3.388657116877067969e+13 3.383281506790403906e+13
8.511380382023759012e+04 3.383551527021784375e+13 3.382387427546324609e+13
8.709635899560814141e+04 3.377686656545831250e+13 3.380665619202270312e+13
8.912509381337459490e+04 3.371050374568275391e+13 3.378099026008307031e+13
9.120108393559095566e+04 3.363630550208179688e+13 3.374670592214495703e+13
9.332543007969904284e+04 3.355415052584611719e+13 3.370363262070895703e+13
9.549925860214368731e+04 3.346391750816634375e+13 3.365159979827571094e+13
9.772372209558112081e+04 3.336548514023315234e+13 3.359043689734583203e+13
1.000000000000000000e+05 3.325873211323718750e+13 3.351997336041994531e+13
1.023292992280753533e+05 3.314353711836912109e+13 3.344003862999868750e+13
1.047128548050900572e+05 3.301977884681956641e+13 3.335046214858262109e+13
1.071519305237607041e+05 3.288733598977921094e+13 3.325107335867244141e+13
1.096478196143185196e+05 3.274608723843867969e+13 3.314170170276869141e+13
1.122018454301963066e+05 3.259591128398866797e+13 3.302217662337204297e+13
1.148153621496884007e+05 3.243668681761976562e+13 3.289232756298308203e+13
1.174897554939530382e+05 3.226829310375595703e+13 3.275198462258800000e+13
1.202264434617413208e+05 3.209073735661796484e+13 3.260112488188928516e+13
1.230268770812381263e+05 3.190431548466970312e+13 3.244005704994992188e+13
1.258925411794168758e+05 3.170936296277450781e+13 3.226913528661700391e+13
1.288249551693134854e+05 3.150621526579576953e+13 3.208871375173771094e+13
1.318256738556407217e+05 3.129520786859680078e+13 3.189914660515910547e+13
1.348962882591653033e+05 3.107667624604095703e+13 3.170078800672835938e+13
1.380384264602883777e+05 3.085095587299158984e+13 3.149399211629255859e+13
1.412537544622755377e+05 3.061838222431203125e+13 3.127911309369883594e+13
1.445439770745927817e+05 3.037929077486566406e+13 3.105650509879433594e+13
1.479108388168207312e+05 3.013401699951580859e+13 3.082652229142617188e+13
1.513561248436206952e+05 2.988289637312584375e+13 3.058951883144148828e+13
1.548816618912482809e+05 2.962626437055905078e+13 3.034584887868734375e+13
1.584893192461114086e+05 2.936445646667886719e+13 3.009586659301094141e+13
1.621810097358930216e+05 2.909780813634858203e+13 2.983992613425937109e+13
1.659586907437559566e+05 2.882665485443155859e+13 2.957838166227974609e+13
1.698243652461745951e+05 2.855133209579113281e+13 2.931158733691919141e+13
1.737800828749376233e+05 2.827217533529068750e+13 2.903989731802486328e+13
1.778279410038922797e+05 2.798952004779354297e+13 2.876366576544386719e+13
1.819700858609982533e+05 2.770370170816306641e+13 2.848324683902333203e+13
1.862087136662869016e+05 2.741505579126255859e+13 2.819899469861033594e+13
1.905460717963248317e+05 2.712391777195544141e+13 2.791126350405208203e+13
1.949844599758045224e+05 2.683062312510501562e+13 2.762040741519565234e+13
1.995262314968878636e+05 2.653550732557464844e+13 2.732678059188817969e+13
2.041737944669531425e+05 2.623888013941028906e+13 2.703071327888681641e+13
2.089296130854040675e+05 2.594091099992303906e+13 2.673240517935567969e+13
2.137962089502232557e+05 2.564172169586774219e+13 2.643201167610635938e+13
2.187761623949552013e+05 2.534143397707584766e+13 2.612968811574278125e+13
2.238721138568342431e+05 2.504016959337876562e+13 2.582558984486884375e+13
2.290867652767774707e+05 2.473805029460804688e+13 2.551987221008855859e+13
2.344228815319922287e+05 2.443519783059508203e+13 2.521269055800581641e+13
2.398832919019489491e+05 2.413173395117135938e+13 2.490420023522457031e+13
2.454708915685028478e+05 2.382778040616833203e+13 2.459455658834876172e+13
2.511886431509582326e+05 2.352345894541744141e+13 2.428391496398230078e+13
2.570395782768864592e+05 2.321889131875019531e+13 2.397243070872918359e+13
2.630267991895381710e+05 2.291419927599803125e+13 2.366025916919332422e+13
2.691534803926913883e+05 2.260950456699241016e+13 2.334755569197864844e+13
2.754228703338169144e+05 2.230492894156476172e+13 2.303447562368908203e+13
2.818382931264454965e+05 2.200059414954659766e+13 2.272117431092861719e+13
2.884031503126605530e+05 2.169662194076935938e+13 2.240780710030116016e+13
2.951209226666384493e+05 2.139313406506450781e+13 2.209452933841066016e+13
3.019951720402018982e+05 2.109025227226347266e+13 2.178149637186101172e+13
3.090295432513591950e+05 2.078809831219776953e+13 2.146886354725623438e+13
3.162277660168380244e+05 2.048679393469883203e+13 2.115678621120021875e+13
3.235936569296281086e+05 2.018646088959812500e+13 2.084541971029691797e+13
3.311311214825914358e+05 1.988722092672707422e+13 2.053491939115023047e+13
3.388441561392028234e+05 1.958919579591721094e+13 2.022544060036416406e+13
3.467368504525316530e+05 1.929250724699994531e+13 1.991713868454262109e+13
3.548133892335753189e+05 1.899727702980675391e+13 1.961016899028955078e+13
3.630780547701017349e+05 1.870362689416906250e+13 1.930468686420885156e+13
3.715352290971727925e+05 1.841167858991840234e+13 1.900084765290453125e+13
3.801893963205612963e+05 1.812155386688618359e+13 1.869880670298048828e+13
3.890451449942804757e+05 1.783337447490388281e+13 1.839871936104068359e+13
3.981071705534977373e+05 1.754726216380292969e+13 1.810074097368900781e+13
4.073802778041129932e+05 1.726332849535278320e+13 1.780501427630682422e+13
4.168693834703355096e+05 1.698160826768019141e+13 1.751158698292755664e+13
4.265795188015924650e+05 1.670210129047513086e+13 1.722046349738847070e+13
4.365158322401657351e+05 1.642480719550759180e+13 1.693164800328980078e+13
4.466835921509634936e+05 1.614972561454752148e+13 1.664514468423171484e+13
4.570881896148751839e+05 1.587685617936493164e+13 1.636095772381447461e+13
4.677351412871980574e+05 1.560619852172977344e+13 1.607909130563825586e+13
4.786300923226380255e+05 1.533775227341200977e+13 1.579954961330327539e+13
4.897788193684466532e+05 1.507151706618159961e+13 1.552233683040970508e+13
5.011872336272724788e+05 1.480749253180856055e+13 1.524745714055780859e+13
5.128613839913648553e+05 1.454567830206283594e+13 1.497491472734776367e+13
5.248074602497722954e+05 1.428607400871439844e+13 1.470471377437978125e+13
5.370317963702531997e+05 1.402867928353319727e+13 1.443685846525403711e+13
5.495408738576248288e+05 1.377349375828925195e+13 1.417135298357079297e+13
5.623413251903490163e+05 1.352051706475251367e+13 1.390820151293023633e+13
5.754399373371566180e+05 1.326974883469294727e+13 1.364740823693256445e+13
5.888436553555895807e+05 1.302118869988050781e+13 1.338897733917796680e+13
6.025595860743580852e+05 1.277483629208520117e+13 1.313291300326668555e+13
6.165950018614821602e+05 1.253069124307699023e+13 1.287921941279892383e+13
6.309573444801929872e+05 1.228875318462583594e+13 1.262790075137487305e+13
6.456542290346563095e+05 1.204902174850169336e+13 1.237896120259472266e+13
6.606934480075964238e+05 1.181149656647457617e+13 1.213240495005872852e+13
6.760829753919818904e+05 1.157617727031443945e+13 1.188823617736707031e+13
6.918309709189363057e+05 1.134306422242238477e+13 1.164645966238790430e+13
7.079457843841387657e+05 1.111217499087260547e+13 1.140709417743814844e+13
7.244359600749906385e+05 1.088354457527302734e+13 1.117017267299010742e+13
7.413102413009176962e+05 1.065720875103720117e+13 1.093572873052723047e+13
7.585775750291835284e+05 1.043320329357868164e+13 1.070379593153298828e+13
7.762471166286912048e+05 1.021156397831104883e+13 1.047440785749085938e+13
7.943282347242821706e+05 9.992326580647839844e+12 1.024759808988430078e+13
8.128305161640995648e+05 9.775526876002660156e+12 1.002340021019682812e+13
8.317637711026708130e+05 9.561200639789052734e+12 9.801847799911888672e+12
8.511380382023758721e+05 9.349383647420583984e+12 9.582974440512960938e+12
8.709635899560814723e+05 9.140111674310812500e+12 9.366813713483507812e+12
8.912509381337459199e+05 8.933420495873322266e+12 9.153399200307029297e+12
9.120108393559096148e+05 8.729345887521676758e+12 8.942764482466996094e+12
9.332543007969903992e+05 8.527923624669428711e+12 8.734943141446872070e+12
9.549925860214367276e+05 8.329189482730134766e+12 8.529968758730117188e+12
9.772372209558112081e+05 8.133179237117388672e+12 8.327874915800244141e+12
1.000000000000000000e+06 7.939928663244745117e+12 8.128695194140710938e+12
1.023292992280753679e+06 7.750195144231103516e+12 7.933211104906246094e+12
1.047128548050900688e+06 7.563179028938311523e+12 7.740593742122219727e+12
1.071519305237607099e+06 7.378919430260681641e+12 7.550879675847625000e+12
1.096478196143185254e+06 7.197451378110171875e+12 7.364101363212930664e+12
1.122018454301962862e+06 7.018805921824787109e+12 7.180287255917507812e+12
1.148153621496884152e+06 6.843010235399040039e+12 6.999461910319696289e+12
1.174897554939530324e+06 6.670087725195511719e+12 6.821646099780626953e+12
1.202264434617413208e+06 6.500058139804978516e+12 6.646856928931740234e+12
1.230268770812381059e+06 6.332937681733456055e+12 6.475107949547407227e+12
1.258925411794168875e+06 6.168739120603503906e+12 6.306409277713344727e+12
1.288249551693134941e+06 6.007471907568716797e+12 6.140767711993613281e+12
1.318256738556407625e+06 5.849142290650477539e+12 5.978186852309425781e+12
1.348962882591653150e+06 5.693753430718030273e+12 5.818667219255284180e+12
1.380384264602886513e+06 5.541305517843710938e+12 5.662206373589083008e+12
1.412537544622755377e+06 5.391795887777400391e+12 5.508799035645226562e+12
1.445439770745927934e+06 5.245219138295652344e+12 5.358437204431473633e+12
1.479108388168207370e+06 5.101567245193210938e+12 5.211110276182585938e+12
1.513561248436207185e+06 4.960829677696388672e+12 5.066805162155918945e+12
1.548816618912482867e+06 4.822993513089807617e+12 4.925506405466058594e+12
1.584893192461114144e+06 4.688043550360047852e+12 4.787196296767916992e+12
1.621810097358930157e+06 4.555962422671458008e+12 4.651854988609410156e+12
1.659586907437559683e+06 4.426730708501456055e+12 4.519460608286977539e+12
1.698243652461746009e+06 4.300327041274080078e+12 4.389989369048651367e+12
1.737800828749376582e+06 4.176728217342294434e+12 4.263415679501215820e+12
1.778279410038922913e+06 4.055909302180500000e+12 4.139712251088793457e+12
1.819700858609982301e+06 3.937843734660388184e+12 4.018850203522004395e+12
1.862087136662869249e+06 3.822503429293671875e+12 3.900799168047107422e+12
1.905460717963248491e+06 3.709858876336104004e+12 3.785527388455360352e+12
1.949844599758045282e+06 3.599879239657425293e+12 3.673001819743017090e+12
1.995262314968878869e+06 3.492532452292073242e+12 3.563188224342489746e+12
2.041737944669531891e+06 3.387785309595186035e+12 3.456051265854746094e+12
2.089296130854040617e+06 3.285603559937833496e+12 3.351554600222408203e+12
2.137962089502232615e+06 3.185951992884511230e+12 3.249660964291899902e+12
2.187761623949551955e+06 3.088794524804811035e+12 3.150332261721809082e+12
2.238721138568342198e+06 2.994094281879510254e+12 3.053529646202803223e+12
2.290867652767774649e+06 2.901813680469391113e+12 2.959213601962377930e+12
2.344228815319922753e+06 2.811914504822784180e+12 2.867344021535241211e+12
2.398832919019490015e+06 2.724357982105342285e+12 2.777880280787515137e+12
2.454708915685033426e+06 2.639104854742278320e+12 2.690781311189512695e+12
2.511886431509581860e+06 2.556115450070179199e+12 2.606005669338557617e+12
2.570395782768864650e+06 2.475349747301529785e+12 2.523511603739200195e+12
2.630267991895381361e+06 2.396767441811226562e+12 2.443257118854159668e+12
2.691534803926913999e+06 2.320328006759750977e+12 2.365200036444543457e+12
2.754228703338169027e+06 2.245990752072818848e+12 2.289298054222927246e+12
2.818382931264454965e+06 2.173714880802430176e+12 2.215508801847763672e+12
2.884031503126605880e+06 2.103459542898413330e+12 2.143789894291665771e+12
2.951209226666383911e+06 2.035183886424010498e+12 2.074098982620362305e+12
3.019951720402019098e+06 1.968847106252775879e+12 2.006393802222725098e+12
3.090295432513591833e+06 1.904408490287620117e+12 1.940632218535656738e+12
3.162277660168379545e+06 1.841827463245999512e+12 1.876772270310664795e+12
3.235936569296280853e+06 1.781063628058306396e+12 1.814772210471838379e+12
3.311311214825914241e+06 1.722076804929023682e+12 1.754590544617331787e+12
3.388441561392027885e+06 1.664827068112674805e+12 1.696186067218781006e+12
3.467368504525316879e+06 1.609274780458487793e+12 1.639517895574811768e+12
3.548133892335752957e+06 1.555380625779857178e+12 1.584545501576871582e+12
3.630780547701017465e+06 1.503105639105859863e+12 1.531228741346624023e+12
3.715352290971728042e+06 1.452411234873808350e+12 1.479527882805779053e+12
3.801893963205612730e+06 1.403259233122585205e+12 1.429403631239849854e+12
3.890451449942804407e+06 1.355611883747696533e+12 1.380817152918426025e+12
3.981071705534977838e+06 1.309431888879470215e+12 1.333730096834915771e+12
4.073802778041129466e+06 1.264682347403583008e+12 1.288104539508427246e+12
4.168693834703354631e+06 1.221326306931511475e+12 1.243902541995916748e+12
4.265795188015925698e+06 1.179327166013327148e+12 1.201086546844278076e+12
4.365158322401666082e+06 1.138648958795019775e+12 1.159619658839105469e+12
4.466835921509635635e+06 1.099256361242764893e+12 1.119465650667245605e+12
4.570881896148751490e+06 1.061114694980583130e+12 1.080588966209458130e+12
4.677351412871981040e+06 1.024189930162461548e+12 1.042954722868408813e+12
4.786300923226380721e+06 9.884486874242556152e+11 1.006528712978061035e+12
4.897788193684466183e+06 9.538582389598195801e+11 9.712774043396108398e+11
5.011872336272724904e+06 9.203865087649671631e+11 9.371679399282052002e+11
5.128613839913647622e+06 8.880020720919455566e+11 9.041681368137280273e+11
5.248074602497722954e+06 8.566741541561726074e+11 8.722464843379522705e+11
5.370317963702532463e+06 8.263726281359782715e+11 8.413721415893111572e+11
5.495408738576248288e+06 7.970680125051252441e+11 8.115149342155283203e+11
5.623413251903491095e+06 7.687314677368071289e+11 7.826453506132282715e+11
5.754399373371565714e+06 7.413347924168612061e+11 7.547345375326691895e+11
5.888436553555896506e+06 7.148504188027752686e+11 7.277542951345122070e+11
6.025595860743580386e+06 6.892514078640783691e+11 7.016770715345533447e+11
6.165950018614822999e+06 6.645114438385607910e+11 6.764759568711431885e+11
6.309573444801930338e+06 6.406048283377458496e+11 6.521246769289760742e+11
6.456542290346561931e+06 6.175064740338911133e+11 6.285975863517559814e+11
6.606934480075964704e+06 5.951918979597481689e+11 6.058696614751671143e+11
6.760829753919818439e+06 5.736372144511813965e+11 5.839164928104265137e+11
6.918309709189362824e+06 5.528191199236420898e+11 5.627142692935208740e+11
7.079457843841387890e+06 5.327147162980263672e+11 5.422395996336903076e+11
7.244359600749906152e+06 5.133015331021121216e+11 5.224695342881042480e+11
7.413102413009176962e+06 4.945577084862943115e+11 5.033817478885463867e+11
7.585775750291835517e+06 4.764619849550056763e+11 4.849545345885108643e+11
7.762471166286927648e+06 4.589936965487045898e+11 4.671667947889115601e+11
7.943282347242821939e+06 4.421327561216610718e+11 4.499980219714033813e+11
8.128305161640995182e+06 4.258596427240357056e+11 4.334282896476007080e+11
8.317637711026709527e+06 4.101553890962318726e+11 4.174382384319641724e+11
8.511380382023759186e+06 3.950015692829344482e+11 4.020090632455576782e+11
8.709635899560812861e+06 3.803802863737218018e+11 3.871225006573491821e+11
8.912509381337458268e+06 3.662741603766665649e+11 3.727608163692579956e+11
9.120108393559096381e+06 3.526663162307963257e+11 3.589067928506066895e+11
9.332543007969902828e+06 3.395403719628886719e+11 3.455437171272377930e+11
9.549925860214369372e+06 3.268804269935543823e+11 3.326553687300366821e+11
9.772372209558112547e+06 3.146710505971760254e+11 3.202260078072130127e+11
1.000000000000000000e+07 3.028972705198099365e+11 3.082403634042409668e+11
1.023292992280753516e+07 2.915445617588040161e+11 2.966836219149951782e+11
1.047128548050900735e+07 2.805988355074503174e+11 2.855414157071953125e+11
1.071519305237607099e+07 2.700464282676592712e+11 2.747998119249370117e+11
1.096478196143184975e+07 2.598740911332544861e+11 2.644453014707016907e+11
1.122018454301963001e+07 2.500689792461832581e+11 2.544647881689360657e+11
1.148153621496884152e+07 2.406186414275853271e+11 2.448455781129429016e+11
1.174897554939530417e+07 2.315110098231636047e+11 2.355753690334634399e+11
1.202264434617413208e+07 2.227343552430390320e+11 2.266422051871576843e+11
1.230268770812381059e+07 2.142772418380323181e+11 2.180344315870522766e+11
1.258925411794168688e+07 2.061285941001246643e+11 2.097407611585743103e+11
1.288249551693134941e+07 1.982776973713408508e+11 2.017502750555969543e+11
1.318256738556407392e+07 1.907141870117707520e+11 1.940524115818050232e+11
1.348962882591653243e+07 1.834280378565663147e+11 1.866369554088625793e+11
1.380384264602886885e+07 1.764095539555838318e+11 1.794940270848201294e+11
1.412537544622755423e+07 1.696493585894448853e+11 1.726140728263111267e+11
1.445439770745928027e+07 1.631383845558553162e+11 1.659878545881559448e+11
1.479108388168207183e+07 1.568678647201308289e+11 1.596064404041097412e+11
1.513561248436207324e+07 1.508293228239490051e+11 1.534611949925656433e+11
1.548816618912482820e+07 1.450145645464383240e+11 1.475437706211223145e+11
1.584893192461114004e+07 1.394156688118130798e+11 1.418460982240282288e+11
1.621810097358930111e+07 1.340249793378376007e+11 1.363603787665936432e+11
1.659586907437559776e+07 1.288350964195090179e+11 1.310790748507759399e+11
1.698243652461745963e+07 1.238388689424263611e+11 1.259949025562227173e+11
1.737800828749376163e+07 1.190293866204101868e+11 1.211008235111630859e+11
1.778279410038922727e+07 1.143999724520215454e+11 1.163900371876235199e+11
1.819700858609982207e+07 1.099441753907310638e+11 1.118559734155541229e+11
1.862087136662869155e+07 1.056557632235655212e+11 1.074922851105302429e+11
1.905460717963248491e+07 1.015287156531621552e+11 1.032928412098034515e+11
1.949844599758045748e+07 9.755721757823919678e+10 9.925171981155723572e+10
1.995262314968878776e+07 9.373565256759504700e+10 9.536320151233227539e+10
2.041737944669531658e+07 9.005859282384715271e+10 9.162175915957559204e+10
2.089296130854040757e+07 8.652077791249981689e+10 8.802203612984483337e+10
2.137962089502232149e+07 8.311712485642768860e+10 8.455885664378309631e+10
2.187761623949551955e+07 7.984272931453773499e+10 8.122722697453192139e+10
2.238721138568342477e+07 7.669285954800212097e+10 7.802232928971459961e+10
2.290867652767774835e+07 7.366295057705908203e+10 7.493951568837216187e+10
2.344228815319922939e+07 7.074859852805723572e+10 7.197430243248765564e+10
2.398832919019489363e+07 6.794555516478634644e+10 6.912236436698493958e+10
2.454708915685033426e+07 6.524972259830776215e+10 6.637952952226264191e+10
2.511886431509582326e+07 6.265714816967961884e+10 6.374177389351248932e+10
2.570395782768864930e+07 6.016401950013612366e+10 6.120521639123963928e+10
2.630267991895380989e+07 5.776665970345284271e+10 5.876611395758168793e+10
2.691534803926913440e+07 5.546152275538246155e+10 5.642085684317920685e+10
2.754228703338168934e+07 5.324518901520463562e+10 5.416596403951560211e+10
2.818382931264454871e+07 5.111436089458552551e+10 5.199807886179992676e+10
2.884031503126605973e+07 4.906585866908376312e+10 4.991396467761241150e+10
2.951209226666383818e+07 4.709661642778925323e+10 4.791050077668600464e+10
3.019951720402019098e+07 4.520367815671201324e+10 4.598467837733229065e+10
3.090295432513592020e+07 4.338419395167703247e+10 4.413359676516285706e+10
3.162277660168379173e+07 4.163541635660636902e+10 4.235445955988636780e+10
3.235936569296281040e+07 3.995469682320170593e+10 4.064457110609680176e+10
3.311311214825914800e+07 3.833948228815652466e+10 3.900133298408876038e+10
3.388441561392027140e+07 3.678731186415117645e+10 3.742224063686175537e+10
3.467368504525316507e+07 3.529581364099334717e+10 3.590488010958992767e+10
3.548133892335753143e+07 3.386270159338563919e+10 3.444692489795375061e+10
3.630780547701017559e+07 3.248577259190281677e+10 3.304613290183633804e+10
3.715352290971727669e+07 3.116290351387231827e+10 3.170034348099914551e+10
3.801893963205612451e+07 2.989204845094872284e+10 3.040747460945314026e+10
3.890451449942804873e+07 2.867123601027717590e+10 2.916552012534774017e+10
3.981071705534976721e+07 2.749856670623189545e+10 2.797254707329374313e+10
4.073802778041130304e+07 2.637221113014170837e+10 2.682669385855907059e+10
4.168693834703355283e+07 2.529041169894900513e+10 2.572617214434897232e+10
4.265795188015925884e+07 2.425147668518043518e+10 2.466926066937680054e+10
4.365158322401665896e+07 2.325377550610819626e+10 2.365430038112292099e+10
4.466835921509634703e+07 2.229573663428389740e+10 2.267969231031896973e+10
4.570881896148752421e+07 2.137584558570926666e+10 2.174389552470900726e+10
4.677351412871981412e+07 2.049264297125906372e+10 2.084542514709294128e+10
4.786300923226380348e+07 1.964472260958102798e+10 1.998285043585146713e+10
4.897788193684465438e+07 1.883072969974040222e+10 1.915479292619514847e+10
5.011872336272724718e+07 1.804935905191722107e+10 1.835992463042115021e+10
5.128613839913647622e+07 1.729935337450308990e+10 1.759696629550002289e+10
5.248074602497722954e+07 1.657950161598580551e+10 1.686468571635723877e+10
5.370317963702532649e+07 1.588863736004669952e+10 1.616189610325063515e+10
5.495408738576248288e+07 1.522563727233511353e+10 1.548745450168547630e+10
5.623413251903490722e+07 1.458941959742053604e+10 1.484026026334466362e+10
5.754399373371567577e+07 1.397894270446164894e+10 1.421925356655143547e+10
5.888436553555896133e+07 1.339320368016554260e+10 1.362341398481581879e+10
6.025595860743580759e+07 1.283123696764774895e+10 1.305175910205417061e+10
6.165950018614822626e+07 1.229211304983681870e+10 1.250334317310452843e+10
6.309573444801929593e+07 1.177493717610358429e+10 1.197725582819733047e+10
6.456542290346561372e+07 1.127884813082679939e+10 1.147262082007312202e+10
6.606934480075964332e+07 1.080301704264146042e+10 1.098859481247369576e+10
6.760829753919818997e+07 1.034664623314690781e+10 1.052436620876454163e+10
6.918309709189362824e+07 9.908968103885478973e+09 1.007915401948036957e+10
7.079457843841388822e+07 9.489244060431753159e+09 9.652206767615337372e+09
7.244359600749905407e+07 9.086763472464197159e+09 9.242801430511548996e+09
7.413102413009177148e+07 8.700842668719873428e+09 8.850242417228878021e+09
7.585775750291836262e+07 8.330823965763411522e+09 8.473860580309988976e+09
7.762471166286927462e+07 7.976074729528801918e+09 8.113012260882140160e+09
7.943282347242820263e+07 7.635986468621670723e+09 7.767078366066950798e+09
8.128305161640995741e+07 7.309973958396117210e+09 7.435463477696067810e+09
8.317637711026708782e+07 6.997474394848443031e+09 7.117594991359270096e+09
8.511380382023777068e+07 6.697946577395032883e+09 6.812922284836904526e+09
8.709635899560813606e+07 6.410870119628346443e+09 6.520915914995590210e+09
8.912509381337459385e+07 6.135744687169322968e+09 6.241066842250867844e+09
9.120108393559095263e+07 5.872089261760073662e+09 5.972885681726342201e+09
9.332543007969905436e+07 5.619441430763778687e+09 5.715901980262349129e+09
9.549925860214367509e+07 5.377356701262774467e+09 5.469663518451537132e+09
9.772372209558111429e+07 5.145407837968712807e+09 5.233735636902009964e+09
1.000000000000000000e+08 4.923184224180642128e+09 5.007700585950998306e+09
