1.	3.697075578362465e-10
1.02329299228069992	3.696736924606264e-10
1.04712854805080013	3.6964076431941427e-10
1.07151930523759997	3.69608765506352e-10
1.09647819614309983	3.695776881345025e-10
1.12201845430189984	3.6954752433583323e-10
1.1481536214968	3.695182662608627e-10
1.17489755493949999	3.694899060782467e-10
1.20226443461740007	3.6946243597442194e-10
1.23026877081229991	3.694358481532278e-10
1.2589254117941	3.694101348355269e-10
1.28824955169310007	3.6938528825885e-10
1.31825673855639991	3.693613006770291e-10
1.34896288259160002	3.6933816435984067e-10
1.38038426460280017	3.693158715926473e-10
1.41253754462269998	3.6929441467604706e-10
1.44543977074589991	3.6927378592553116e-10
1.47910838816820012	3.69253977671141e-10
1.51356124843619999	3.6923498225711867e-10
1.54881661891239997	3.6921679204157953e-10
1.58489319246110005	3.6919939939617805e-10
1.62181009735890003	3.691827967057749e-10
1.65958690743750004	3.691669763681212e-10
1.69824365246169995	3.69151930793522e-10
1.73780082874929986	3.6913765240453014e-10
1.77827941003889989	3.691241336356335e-10
1.81970085860989994	3.691113669329261e-10
1.86208713666279979	3.690993447538217e-10
1.90546071796320016	3.6908805956673154e-10
1.94984459975800006	3.690775038507773e-10
1.99526231496880002	3.690676700954893e-10
2.04173794466949987	3.6905855080050235e-10
2.08929613085400012	3.6905013847527854e-10
2.13796208950220024	3.6904242563881406e-10
2.18776162394950013	3.690354048193545e-10
2.23872113856829991	3.6902906855411043e-10
2.29086765276769988	3.690234093889895e-10
2.3442288153198998	3.6901841987831426e-10
2.39883291901940021	3.690140925845491e-10
2.45470891568499994	3.6901042007804435e-10
2.5118864315095002	3.6900739493675173e-10
2.57039578276879999	3.69005009745983e-10
2.63026799189530003	3.6900325709814134e-10
2.69153480392690003	3.6900212959246377e-10
2.7542287033381001	3.6900161983477656e-10
2.81838293126439998	3.6900172043724227e-10
2.88403150312659973	3.690024240181065e-10
2.95120922666629992	3.6900372320147703e-10
3.01995172040200011	3.6900561061705915e-10
3.09029543251349992	3.690080788999307e-10
3.16227766016830003	3.6901112069031063e-10
3.2359365692962001	3.69014728633328e-10
3.31131121482590007	3.6901889537878526e-10
3.38844156139199981	3.690236135809471e-10
3.46736850452530021	3.6902887589830953e-10
3.54813389233569998	3.6903467499338696e-10
3.63078054770100023	3.690410035324925e-10
3.71535229097170028	3.690478541855329e-10
3.80189396320559991	3.690552196257876e-10
3.89045144994280001	3.690630925297165e-10
3.98107170553489986	3.69071465576744e-10
4.07380277804109969	3.690803314490662e-10
4.16869383470329957	3.690896828314515e-10
4.26579518801589952	3.6909951241104505e-10
4.36515832240160062	3.6910981287717996e-10
4.46683592150959985	3.691205769211851e-10
4.57088189614870011	3.69131797236202e-10
4.67735141287190004	3.6914346651699884e-10
4.78630092322630052	3.6915557745979984e-10
4.89778819368440033	3.6916812276209325e-10
5.01187233627270068	3.6918109512247306e-10
5.12861383991360054	3.691944872404554e-10
5.24807460249770052	3.692082918163171e-10
5.37031796370250003	3.6922250155093476e-10
5.4954087385761996	3.692371091456072e-10
5.62341325190339969	3.692521073019124e-10
5.7543993733715002	3.6926748872154205e-10
5.88843655355579987	3.692832461061456e-10
6.02559586074349962	3.692993721571932e-10
6.16595001861479997	3.693158595758104e-10
6.30957344480189963	3.6933270106264123e-10
6.4565422903465004	3.693498893177108e-10
6.60693448007589978	3.6936741704027645e-10
6.76082975391980057	3.6938527692869914e-10
6.91830970918929999	3.694034616803009e-10
7.07945784384129961	3.694219639912449e-10
7.24435960074980034	3.6944077655640376e-10
7.41310241300910011	3.694598920692292e-10
7.58577575029180018	3.694793032216394e-10
7.76247116628690037	3.6949900270388706e-10
7.9432823472427998	3.6951898320445787e-10
8.128305161640899	3.695392374099484e-10
8.31763771102670013	3.69559758004954e-10
8.51138038202370062	3.6958053767196645e-10
8.70963589956079964	3.696015690912694e-10
8.91250938133740078	3.6962284494082626e-10
9.12010839355899883	3.696443578961975e-10
9.33254300796989966	3.696661006304313e-10
9.54992586021429979	3.696880658139757e-10
9.7723722095580996	3.6971024611458577e-10
10.	3.69732634197238e-10
10.2329299228075001	3.6975522272404786e-10
10.4712854805089002	3.6977800435418256e-10
10.7151930523760015	3.6980097174378455e-10
10.9647819614318003	3.698241175458964e-10
11.2201845430195988	3.698474344103879e-10
11.4815362149688003	3.698709149838846e-10
11.7489755493951993	3.6989455190970304e-10
12.0226443461741006	3.6991833782777837e-10
12.3026877081238002	3.699422653746205e-10
12.5892541179416	3.6996632718322756e-10
12.8824955169313	3.6999051588305966e-10
13.1825673855640009	3.700148240999718e-10
13.4896288259164994	3.700392444561565e-10
13.8038426460287997	3.700637695701159e-10
14.1253754462274994	3.700883920566023e-10
14.4543977074591989	3.7011310452658267e-10
14.7910838816820007	3.7013789958719937e-10
15.1356124843619995	3.7016276984174114e-10
15.4881661891248008	3.7018770788959836e-10
15.8489319246110991	3.7021270632624686e-10
16.2181009735892978	3.7023775774321265e-10
16.5958690743755994	3.7026285472805287e-10
16.9824365246174018	3.7028798986433003e-10
17.3780082874936994	3.703131557316079e-10
17.7827941003892	3.7033834490541743e-10
18.1970085860998019	3.7036354995726324e-10
18.6208713666285988	3.703887634546015e-10
19.0546071796324021	3.704139779608443e-10
19.4984459975804008	3.704391860353513e-10
19.9526231496887974	3.7046438023343337e-10
20.4173794466952003	3.7048955310635043e-10
20.8929613085403005	3.705146972013274e-10
21.3796208950223026	3.7053980506155393e-10
21.8776162394954987	3.705648692262014e-10
22.3872113856834005	3.7058988223044164e-10
22.9086765276776987	3.706148366054543e-10
23.4422881531991969	3.706397248784614e-10
23.9883291901949001	3.706645395727462e-10
24.5470891568503014	3.7068927320767587e-10
25.1188643150958022	3.7071391829874037e-10
25.7039578276886012	3.7073846735757713e-10
26.3026799189537996	3.707629128920227e-10
26.9153480392691016	3.7078724740613093e-10
27.5422870333816014	3.708114634002336e-10
28.1838293126445016	3.708355533709781e-10
28.8403150312659982	3.7085950981137763e-10
29.5120922666637995	3.708833252108599e-10
30.1995172040201005	3.7090699205533087e-10
30.9029543251359016	3.709305028272248e-10
31.6227766016837002	3.7095385000556417e-10
32.3593656929627969	3.7097702606603364e-10
33.1131121482590984	3.710000234810331e-10
33.8844156139201971	3.7102283471975983e-10
34.6736850452531016	3.7104545224827967e-10
35.4813389233575052	3.7106786852959456e-10
36.3078054770100991	3.7109007602373396e-10
37.1535229097171964	3.711120671878312e-10
38.018939632056096	3.711338344762087e-10
38.9045144994280037	3.711553703404682e-10
39.8107170553496985	3.711766672295859e-10
40.7380277804111941	3.7119771758999584e-10
41.6869383470334966	3.712185138657075e-10
42.657951880159203	3.712390484983831e-10
43.6515832240165977	3.7125931392746394e-10
44.6683592150963022	3.712793025902658e-10
45.708818961487502	3.7129900692208874e-10
46.7735141287198033	3.7131841935633727e-10
47.8630092322638063	3.713375323246294e-10
48.9778819368446037	3.713563382569207e-10
50.1187233627272022	3.713748295816345e-10
51.2861383991363979	3.7139299872576954e-10
52.4807460249772006	3.7141083811504376e-10
53.703179637025201	3.7142834017402513e-10
54.9540873857623993	3.714454973262606e-10
56.2341325190349011	3.714623019944207e-10
57.5439937337155953	3.714787466004354e-10
58.8843655355588993	3.7149482356564216e-10
60.2559586074356943	3.7151052531093926e-10
61.6595001861482004	3.7152584425692185e-10
63.0957344480193001	3.715407728240495e-10
64.565422903465489	3.71555303432799e-10
66.0693448007595947	3.715694285038168e-10
67.6082975391981051	3.715831450732028e-10
69.1830970918936004	3.715966020578191e-10
70.7945784384138079	3.7161013112554547e-10
72.4435960074989964	3.716240748871439e-10
74.1310241300917028	3.7163877605809417e-10
75.8577575029184032	3.7165457746941295e-10
77.6247116628691032	3.716718220848031e-10
79.4328234724280975	3.7169085302412894e-10
81.2830516164099066	3.7171201359323966e-10
83.1763771102669978	3.7173564732014426e-10
85.1138038202376066	3.717620979975472e-10
87.096358995608	3.717917097317724e-10
89.125093813374491	3.7182482699808295e-10
91.2010839355909013	3.718617947024232e-10
93.325430079699089	3.7190295824962366e-10
95.4992586021434988	3.719486636180795e-10
97.723722095580996	3.7199925744096423e-10
100.	3.72055087094007e-10
102.329299228075399	3.721165007898908e-10
104.712854805089904	3.7218384767933397e-10
107.151930523760697	3.7225747795892156e-10
109.647819614318507	3.7233774298574765e-10
112.2018454301963	3.724249953989787e-10
114.815362149688298	3.725195892483958e-10
117.489755493952899	3.7262188013006785e-10
120.226443461741297	3.7273222532920155e-10
123.026877081238112	3.7285098397037143e-10
125.892541179416696	3.7297851717521203e-10
128.824955169313313	3.7311518822773775e-10
131.825673855640702	3.7326136274746e-10
134.896288259165317	3.734174088704808e-10
138.038426460288491	3.735836974387408e-10
141.253754462275396	3.7376060219766725e-10
144.543977074592789	3.739485000023847e-10
147.9108388168207	3.7414777103280064e-10
151.35612484362079	3.743587990177992e-10
154.881661891248115	3.745819714688054e-10
158.489319246111393	3.7481767992305934e-10
162.1810097358929	3.750663201969106e-10
165.958690743756108	3.753282926494733e-10
169.824365246174381	3.7560400245703983e-10
173.780082874937591	3.7589385989861595e-10
177.827941003892306	3.761982806530531e-10
181.970085860998381	3.7651768610818647e-10
186.208713666286684	3.7685250368251143e-10
190.546071796324782	3.7720316715986995e-10
194.984459975804498	3.7757011703776364e-10
199.526231496887988	3.7795380088981803e-10
204.173794466952899	3.7835467374309594e-10
208.929613085403815	3.7877319847088055e-10
213.796208950223189	3.792098462016672e-10
218.776162394955094	3.796650967451399e-10
223.872113856834005	3.80139439035922e-10
229.086765276777214	3.806333715959863e-10
234.422881531992204	3.8114740301663574e-10
239.883291901948979	3.816820524610591e-10
245.470891568503106	3.8223785018847176e-10
251.188643150957915	3.828153381010074e-10
257.039578276886402	3.834150703145024e-10
263.02679918953811	3.8403761375448016e-10
269.15348039269162	3.8468354877866033e-10
275.422870333816604	3.8535346982744306e-10
281.838293126445478	3.8604798610390266e-10
288.4031503126605	3.8676772228493784e-10
295.120922666638705	3.8751331926530536e-10
301.995172040201624	3.8828543493643204e-10
309.0295432513592	3.890847450019671e-10
316.227766016837904	3.8991202243490535e-10
323.593656929628366	3.907687201013211e-10
331.131121482591084	3.9165665404053393e-10
338.84415613920271	3.9257768512872236e-10
346.736850452531598	3.935337197495919e-10
354.81338923357572	3.9452671305932326e-10
363.078054770101403	3.9555867250083406e-10
371.535229097172419	3.9663166158419657e-10
380.18939632056123	3.97747803951861e-10
389.04514499428052	3.98909287749148e-10
398.107170553497326	4.00118370322665e-10
407.380277804112609	4.0137738327159246e-10
416.869383470335492	4.026887378794015e-10
426.579518801592485	4.04054930956472e-10
436.515832240166105	4.054785511272256e-10
446.683592150962966	4.069622855990691e-10
457.088189614875205	4.085089274542877e-10
467.735141287198132	4.1012138351061637e-10
478.630092322638461	4.1180268280107665e-10
489.778819368446079	4.135559857292845e-10
501.187233627272462	4.153845939626794e-10
512.861383991364846	4.172919611330873e-10
524.807460249772816	4.1928170442194496e-10
537.031796370252664	4.2135761711638927e-10
549.540873857624888	4.2352368223239406e-10
562.341325190349039	4.257840873124937e-10
575.439937337157289	4.281432405184382e-10
588.843655355589021	4.306057881536524e-10
602.559586074358094	4.3317663376691085e-10
616.59500186148216	4.3586095900745535e-10
630.957344480193569	4.3866424642324614e-10
645.6542290346556	4.415923044185686e-10
660.693448007595748	4.446512946153311e-10
676.082975391981904	4.478477618946929e-10
691.830970918936259	4.511886674327209e-10
707.945784384138051	4.546814250866656e-10
724.435960074989907	4.583339415378346e-10
741.31024130091771	4.621546606544472e-10
758.577575029183549	4.661526126043577e-10
776.24711662869197	4.703374683250775e-10
794.328234724281401	4.747196000490048e-10
812.830516164099549	4.79310148687675e-10
831.76377110267083	4.841210990032188e-10
851.13803820237672	4.891653029295098e-10
870.963589956080455	4.944541442223332e-10
891.250938133745876	4.99996559028011e-10
912.010839355909638	5.058019181838455e-10
933.254300796991515	5.118802841564991e-10
954.992586021435954	5.182424585901527e-10
977.237220955811267	5.249000346949126e-10
1000.	5.318654549816656e-10
1023.29299228075479	5.391520749167872e-10
1047.12854805089955	5.467742331469857e-10
1071.51930523760711	5.547473290326495e-10
1096.47819614318519	5.63087908329317e-10
1122.01845430196431	5.718137579733849e-10
1148.15362149688281	5.809440110629299e-10
1174.89755493953044	5.904992632804029e-10
1202.26443461741314	6.00501702185025e-10
1230.26877081238126	6.109752510135597e-10
1258.92541179416753	6.219457288741633e-10
1288.24955169313353	6.33441029506227e-10
1318.25673855640775	6.454913211173816e-10
1348.96288259165317	6.581292702072678e-10
1380.3842646028852	6.713902927583248e-10
1412.53754462275401	6.853128367315627e-10
1445.43977074592817	6.999387004685609e-10
1479.10838816820728	7.153133923919877e-10
1513.56124843620887	7.314865383444073e-10
1548.81661891248132	7.485123440434965e-10
1584.89319246111404	7.6645012150533e-10
1621.81009735892985	7.853648899508551e-10
1659.58690743756119	8.053280637342165e-10
1698.24365246174443	8.264182423034816e-10
1737.80082874937625	8.487221202380251e-10
1778.27941003892283	8.723355391477782e-10
1819.70085860998438	8.973647078558423e-10
1862.08713666286758	9.239276230621865e-10
1905.46071796324827	9.5215572992233e-10
1949.84459975804566	9.821958710931769e-10
1995.2623149688809	1.014212584358186e-9
2041.73794466952972	1.0483890499811089e-9
2089.29613085404117	1.0849212309979453e-9
2137.96208950223263	1.1240251544344375e-9
2187.7616239495519	1.1659431675582872e-9
2238.72113856833994	1.2109479164260145e-9
2290.86765276777214	1.2593470507379866e-9
2344.22881531992289	1.3114888158462907e-9
2398.83291901948996	1.3677687304174928e-9
2454.70891568503112	1.4286376001804391e-9
2511.88643150958023	1.4946111858067851e-9
2570.39578276886505	1.5662819317038215e-9
2630.26799189538133	1.6443332798986224e-9
2691.53480392691699	1.7295572498870354e-9
2754.22870333816627	1.822876176423054e-9
2818.38293126445524	1.9253697844780996e-9
2884.031503126605	2.0383091756768425e-9
2951.20922666638717	2.1631998501694394e-9
3019.95172040201624	2.3018366621323082e-9
3090.295432513592	2.4563747123481966e-9
3162.2776601683795	2.62942178218436e-9
3235.93656929628469	2.8241602688807e-9
3311.31121482591106	3.0445101084420046e-9
3388.44156139202778	3.295349552240213e-9
3467.36850452531644	3.5828190435192074e-9
3548.13389233575663	3.914746798114681e-9
3630.7805477010138	4.301256540931652e-9
3715.3522909717276	4.75565462446031e-9
3801.89396320561264	5.295757702126503e-9
3890.45144994280508	5.945937514386136e-9
3981.07170553497326	6.740376587542469e-9
4073.8027780411262	7.728667507878896e-9
4168.6938347033547	8.987377215956321e-9
4265.7951880159253	1.0640234765251797e-8
4365.15832240166128	1.289944492466732e-8
4466.83592150962977	1.6161776351678115e-8
4570.88189614875137	2.1264250757377138e-8
4677.35141287198076	3.032494560350754e-8
4786.30092322638484	5.066240961585151e-8
4897.78819368446148	1.3352562575551767e-7
5011.87233627272508	1.9018633203576502e-6
5128.61383991364892	7.159902025802794e-8
5248.07460249772794	3.913325874386203e-8
5370.31796370252687	2.8183658275942433e-8
5495.40873857624865	2.2450328867700642e-8
5623.41325190349107	1.8912527528018475e-8
5754.39937337157244	1.652271748738308e-8
5888.43655355588999	1.4812607180472286e-8
6025.5958607435814	1.3540065906232594e-8
6165.95001861482251	1.2567115832634775e-8
6309.57344480193569	1.1809417113963481e-8
6456.542290346556	1.1212623443301747e-8
6606.93448007596453	1.0740270079730266e-8
6760.82975391981927	1.036712274223412e-8
6918.30970918936328	1.0075295670358897e-8
7079.45784384138005	9.851424929193778e-9
7244.35960074989907	9.685275266812087e-9
7413.10241300917733	9.56926486375583e-9
7585.77575029183572	9.497778552135228e-9
7762.47116628691947	9.46668506445847e-9
7943.28234724281356	9.47300409521408e-9
8128.30516164099481	9.514673867808958e-9
8317.63771102670944	9.590387933387076e-9
8511.38038202376811	9.69948089529717e-9
8709.63589956080432	9.841849596214988e-9
8912.50938133745876	1.0017900665939601e-8
9120.10839355909593	1.0228518147104685e-8
9332.54300796991447	1.0475046741989203e-8
9549.92586021435818	1.0759287377139239e-8
9772.37220955811244	1.1083502445702484e-8
10000.	1.1450428351454681e-8
10232.9299228075361	1.1863292868639822e-8
10471.2854805090083	1.2325834317750885e-8
10715.1930523760711	1.2842318555189006e-8
10964.7819614318523	1.3417548141592039e-8
11220.1845430196263	1.405685557896011e-8
11481.536214968839	1.4766068901665656e-8
11748.9755493953016	1.555143878029695e-8
12022.644346174131	1.6420978538086115e-8
12302.6877081238108	1.7387226463343984e-8
12589.2541179416621	1.8465922189440913e-8
12882.4955169313489	1.9676494121338494e-8
13182.5673855640744	2.1043278925644743e-8
13489.6288259165322	2.2597304804574274e-8
13803.842646028841	2.4378992075773632e-8
14125.3754462275538	2.6442410222364996e-8
14454.3977074592804	2.8862296535792053e-8
14791.0838816820724	3.174620189548461e-8
15135.6124843620728	3.525657080200525e-8
15488.1661891248277	3.965275756436467e-8
15848.9319246111409	4.537394761518668e-8
16218.1009735892985	5.320689531136273e-8
16595.8690743755942	6.463430165208227e-8
16982.4365246174602	8.261245573973365e-8
17378.0082874937616	1.1360387262854179e-7
17782.7941003892302	1.741843581777357e-7
18197.0085860998261	3.195144954679977e-7
18620.8713666286894	8.437117305245378e-7
19054.6071796324832	7.897876344205078e-6
19498.4459975804493	6.742918717564166e-6
19952.6231496887849	1.1049827585691904e-6
20417.3794466953223	5.180781125895046e-7
20892.9613085404053	3.29666590335793e-7
21379.6208950223227	2.421446584422719e-7
21877.6162394955209	1.9313527420947374e-7
22387.2113856834258	1.6245485397859189e-7
22908.6765276777478	1.41807361289209e-7
23442.2881531992243	1.2721566920549158e-7
23988.3291901949015	1.1655660246060929e-7
24547.0891568502884	1.0860347961853244e-7
25118.8643150958196	1.0260396095369668e-7
25703.9578276886459	9.80751901418168e-8
26302.6799189538106	9.469664937488642e-8
26915.3480392691417	9.225068199269205e-8
27542.28703338169	9.058787981515574e-8
28183.8293126445496	8.960620468166725e-8
28840.3150312660582	8.92380982383867e-8
29512.0922666638398	8.944247987997339e-8
30199.5172040201978	9.019990921238802e-8
30902.954325135921	9.150994775327653e-8
31622.7766016837959	9.339020226094938e-8
32359.3656929628123	9.587682434029472e-8
33113.1121482591479	9.902646408113005e-8
33884.4156139202751	1.0291988618981555e-7
34673.6850452531653	1.0766770471525746e-7
35481.3389233575363	1.1341903621359523e-7
36307.8054770101808	1.203744009651617e-7
37153.5229097172851	1.2880507333066056e-7
38018.9396320561282	1.390825852675178e-7
38904.514499428049	1.5172478942732033e-7
39810.7170553497781	1.6746995849431811e-7
40738.0277804112993	1.874042587769203e-7
41686.9383470335524	2.1321451160615165e-7
42657.9518801592494	2.4762003859607945e-7
43651.5832240165619	2.952330607648114e-7
44668.359215096345	3.6445382780376245e-7
45708.8189614875228	4.7208100371867984e-7
46773.514128719813	6.563081121853911e-7
47863.0092322638084	1.021962490509183e-6
48977.8819368446639	1.9606023026375566e-6
50118.7233627272508	6.220229417009768e-6
51286.1383991364855	0.0007406546656312099
52480.7460249772266	7.945320892365257e-6
53703.1796370253287	1.917350024003055e-6
54954.0873857624829	8.792475166861646e-7
56234.1325190349089	5.185814034460896e-7
57543.9937337156734	3.503136362887801e-7
58884.3655355589654	2.5772751333148793e-7
60255.9586074358085	2.01118996324489e-7
61659.5001861482233	1.6389286713764144e-7
63095.7344480192987	1.3808040070090107e-7
64565.422903465631	1.1944917952223966e-7
66069.3448007596307	1.0557092610782744e-7
67608.297539198189	9.496492081142418e-8
69183.0970918936218	8.668297934423928e-8
70794.5784384138824	8.008828935268807e-8
72443.596007499058	7.474108891825057e-8
74131.0241300917696	7.033520139809812e-8
75857.7575029183645	6.665321257177131e-8
77624.7116628691147	6.353804649443803e-8
79432.8234724282083	6.087446579853703e-8
81283.0516164099536	5.8576710791236626e-8
83176.3771102670871	5.6580081225703487e-8
85113.8038202375901	5.483512038967883e-8
87096.3589956081414	5.3303549615862744e-8
89125.0938133745949	5.1955396149192074e-8
91201.0839355909557	5.076694326620846e-8
93325.4300796990428	4.9719252371392995e-8
95499.2586021436873	4.8797086762574396e-8
97723.7220955811208	4.798812028911603e-8
100000.	4.7282350250058365e-8
102329.299228075353	4.66716584237907e-8
104712.854805090057	4.614948091513147e-8
107151.930523760704	4.5710559087807664e-8
109647.81961431852	4.535075191179647e-8
112201.845430196307	4.506689572882451e-8
114815.362149688401	4.485670148875125e-8
117489.755493953038	4.471867792744347e-8
120226.443461741321	4.465108374849536e-8
123026.877081238126	4.46506462496478e-8
125892.541179416876	4.4714461750354715e-8
128824.955169313485	4.484021384698411e-8
131825.673855640722	4.502609589870528e-8
134896.288259165303	4.5270748288251216e-8
138038.426460288378	4.5573207254623335e-8
141253.754462275538	4.593286282169125e-8
144543.977074592782	4.6349423875336685e-8
147910.838816820731	4.682288882686566e-8
151356.124843620695	4.735352057939323e-8
154881.661891248281	4.794182471295507e-8
158489.319246111409	4.858852994130836e-8
162181.009735893022	4.92945699814633e-8
165958.690743755957	5.006106602464685e-8
169824.365246174595	5.088930901062433e-8
173780.082874937623	5.178074089013639e-8
177827.94100389228	5.273693401529454e-8
181970.085860998253	5.3759567726980933e-8
186208.713666286902	5.485040111304229e-8
190546.071796324832	5.6011240792917456e-8
194984.459975804522	5.724390244548408e-8
199526.231496887864	5.855016464082634e-8
204173.794466953142	5.993206410277226e-8
208929.613085404068	6.139355642717049e-8
213796.208950223256	6.293956696301424e-8
218776.162394955201	6.457543018732092e-8
223872.113856834243	6.6306923851661e-8
229086.765276777471	6.814030663034361e-8
234422.881531992229	7.008235890679412e-8
239883.291901948949	7.214042680773593e-8
245470.891568502848	7.432246954248588e-8
251188.643150958233	7.663711002721561e-8
257039.578276886459	7.909368866328763e-8
263026.799189538171	8.170231998359335e-8
269153.480392691388	8.447395166726642e-8
275422.870333816914	8.742042513283276e-8
281838.293126445496	9.055453652952372e-8
288403.150312660553	9.389009642608364e-8
295120.922666638449	9.744198580831943e-8
301995.172040201898	1.0122620509311534e-7
309029.543251359195	1.052599116889081e-7
316227.766016838024	1.0956144010837094e-7
323593.656929628109	1.1415029668182185e-7
331131.121482591436	1.1904711842861132e-7
338844.156139202823	1.2427358250535008e-7
346736.850452531653	1.2985224874512286e-7
354813.389233575319	1.3580631301926136e-7
363078.054770101735	1.4215924341316928e-7
371535.229097172792	1.489342645041267e-7
380189.396320561296	1.5615364749787207e-7
389045.144994280476	1.6383775600292817e-7
398107.170553497737	1.7200378957742587e-7
407380.277804112993	1.8066629300816173e-7
416869.38347033551	1.8985160707177477e-7
426579.518801592465	1.9959425010055145e-7
436515.832240165735	2.099310908760643e-7
446683.592150963494	2.2090146696329835e-7
457088.189614875184	2.3254734995480166e-7
467735.141287198057	2.449135268961342e-7
478630.092322638026	2.5804780192214595e-7
489778.819368446653	2.7200122348900863e-7
501187.233627272479	2.8682834435793157e-7
512861.383991364855	3.025875237843119e-7
524807.460249772295	3.193412843339303e-7
537031.7963702532	3.371567395641626e-7
549540.873857624829	3.5610611370139634e-7
562341.325190349016	3.7626738070975113e-7
575439.937337156618	3.9772505816116313e-7
588843.655355589581	4.20571201590891e-7
602559.586074358085	4.449066582344845e-7
616595.00186148216	4.70842656129915e-7
630957.344480192987	4.985028268406285e-7
645654.22903465631	5.280257893824253e-7
660693.448007596424	5.595684620337029e-7
676082.97539198189	5.933103215838443e-7
691830.970918936306	6.29457747393242e-7
707945.784384138766	6.68221004909173e-7
724435.960074990638	7.098027951169378e-7
741310.241300917696	7.544190419119806e-7
758577.575029183528	8.02300619809936e-7
776247.116628691205	8.536939715044453e-7
794328.234724282171	9.088617083977507e-7
812830.516164099565	9.680832101852876e-7
831763.771102670813	1.0316552554177291e-6
851138.038202375872	1.0998927379690036e-6
870963.589956081472	1.17312955681551e-6
891250.93813374592	1.2517198113118619e-6
912010.839355909615	1.3360394946816662e-6
933254.300796990399	1.4264889589953753e-6
954992.586021436728	1.523496530678772e-6
977237.220955811208	1.627523793258003e-6
1.e6	1.7390732323648125e-6
1.02329299228075368e6	1.8532657828078834e-6
1.04712854805090069e6	1.976079195011984e-6
1.0715193052376071e6	2.1082337578757575e-6
1.09647819614318525e6	2.2505149430084233e-6
1.12201845430196286e6	2.4037796478041694e-6
1.14815362149688415e6	2.56896305014548e-6
1.17489755493953032e6	2.7470861319277346e-6
1.20226443461741321e6	2.939263932689005e-6
1.23026877081238106e6	3.1467145986303108e-6
1.25892541179416888e6	3.3707692961330955e-6
1.28824955169313494e6	3.6128830622004477e-6
1.31825673855640762e6	3.874646667046056e-6
1.34896288259165315e6	4.157799565844109e-6
1.38038426460288651e6	4.464244017228243e-6
1.41253754462275538e6	4.79606044504503e-6
1.44543977074592793e6	5.155524116415806e-6
1.47910838816820737e6	5.545123203290992e-6
1.51356124843620718e6	5.967578284799394e-6
1.54881661891248287e6	6.4258633341385025e-6
1.58489319246111414e6	6.923228214802591e-6
1.62181009735893016e6	7.463222685952636e-6
1.65958690743755968e6	8.049721885168142e-6
1.69824365246174601e6	8.686953217332757e-6
1.73780082874937658e6	9.379524530205668e-6
1.77827941003892291e6	0.000010132453400920048
1.8197008586099823e6	0.000010951197290864453
1.86208713666286925e6	0.000011841684252627319
1.90546071796324849e6	0.00001281034379016612
1.94984459975804528e6	0.000013864137386771794
1.99526231496887887e6	0.000015010588127170297
2.04173794466953189e6	0.00001625780875560903
2.08929613085404062e6	0.000017614527440152644
2.13796208950223262e6	0.000019090110461409627
2.18776162394955196e6	0.00002069458102791893
2.2387211385683422e6	0.000022438633451960795
2.29086765276777465e6	0.00002433364201969395
2.34422881531992275e6	0.00002639166407503373
2.39883291901949002e6	0.00002862543713571918
2.45470891568503343e6	0.00003104837028493126
2.51188643150958186e6	0.00003367453066625834
2.57039578276886465e6	0.000036518626661613265
2.63026799189538136e6	0.00003959599027309786
2.691534803926914e6	0.00004292256235893568
2.75422870333816903e6	0.000046514885693741956
2.81838293126445496e6	0.00005039011232208444
2.88403150312660588e6	0.000054566033320967234
2.95120922666638391e6	0.00005906114086939407
3.0199517204020191e6	0.00006389473440329399
3.09029543251359183e6	0.00006908708459785548
3.16227766016837954e6	0.00007465967099651446
3.23593656929628085e6	0.00008063551132579536
3.31131121482591424e6	0.00008703960305748369
3.38844156139202788e6	0.00009389950081400966
3.46736850452531688e6	0.00010124605712719195
3.54813389233575296e6	0.00010911435942364582
3.63078054770101746e6	0.00011754490365072914
3.71535229097172804e6	0.00012658505586206874
3.80189396320561273e6	0.00013629086879230742
3.89045144994280441e6	0.0001467293433013141
3.98107170553497784e6	0.00015798125755032126
4.07380277804112947e6	0.0001701413240996537
4.16869383470335463e6	0.00018329571678787855
4.2657951880159257e6	0.00019752750752928088
4.36515832240166608e6	0.00021292637150467354
4.46683592150963564e6	0.0002295890874032063
4.57088189614875149e6	0.00024761999684084856
4.67735141287198104e6	0.00026713147300025776
4.78630092322638072e6	0.00028824439453354727
4.89778819368446618e6	0.00031108862007466246
5.0118723362727249e6	0.000335803457744506
5.12861383991364762e6	0.0003625381232412611
5.24807460249772295e6	0.00039145217923210293
5.37031796370253246e6	0.0004227159478186951
5.49540873857624829e6	0.0004565108873153004
5.6234132519034911e6	0.0004930299237133737
5.75439937337156571e6	0.0005324777270235316
5.88843655355589651e6	0.0005750709226298096
6.02559586074358039e6	0.0006210382278319315
6.165950018614823e6	0.0006706205050738144
6.30957344480193034e6	0.0007240707242993392
6.45654229034656193e6	0.0007816538296616205
6.6069344800759647e6	0.0008436465083322492
6.76082975391981844e6	0.0009103368638597323
6.91830970918936282e6	0.0009820239795482162
7.07945784384138789e6	0.0010590168534447759
7.24435960074990615e6	0.0011416334161073556
7.41310241300917696e6	0.001230200109496779
7.58577575029183552e6	0.001325051101475007
7.76247116628692765e6	0.001426527497299815
7.94328234724282194e6	0.0015349766243168308
8.12830516164099518e6	0.0016507514569676894
8.31763771102670953e6	0.0017742102627240047
8.51138038202375919e6	0.0019057165597288449
8.70963589956081286e6	0.0020456394894487933
8.91250938133745827e6	0.0021943547166215992
9.12010839355909638e6	0.0023522459792067697
9.33254300796990283e6	0.0025197074175685235
9.54992586021436937e6	0.00269714681916477
9.77237220955811255e6	0.0028849899200111993
1.e7	0.0030836859109168975
1.02329299228075352e7	0.003293714299910363
1.04712854805090074e7	0.003515593294119215
1.0715193052376071e7	0.003749889873805502
1.09647819614318498e7	0.0039972317545318905
1.122018454301963e7	0.004258321459830265
1.14815362149688415e7	0.004533952773295379
1.17489755493953042e7	0.004825029239533117
1.20226443461741321e7	0.005132426243625657
1.23026877081238106e7	0.005456725753303377
1.25892541179416869e7	0.005798432114292956
1.28824955169313494e7	0.006158005709874188
1.31825673855640739e7	0.0065358544699907015
1.34896288259165324e7	0.0069323251560364195
1.38038426460288688e7	0.00734769458420797
1.41253754462275542e7	0.007782160989022534
1.44543977074592803e7	0.008235835766267631
1.47910838816820718e7	0.008708735860939662
1.51356124843620732e7	0.009200777105873326
1.54881661891248282e7	0.00971176883645961
1.584893192461114e7	0.010241410134444918
1.62181009735893011e7	0.010789288064517642
1.65958690743755978e7	0.01135487827381751
1.69824365246174596e7	0.01193754831765896
1.73780082874937616e7	0.012536564059094337
1.77827941003892273e7	0.013151099466908987
1.81970085860998221e7	0.01378025009055752
1.86208713666286916e7	0.014423050453216887
1.90546071796324849e7	0.015078495545965086
1.94984459975804575e7	0.01574556654732664
1.99526231496887878e7	0.01642326083941038
2.04173794466953166e7	0.01711087508961372
2.08929613085404076e7	0.017809253872277372
2.13796208950223215e7	0.018520141308852083
2.18776162394955196e7	0.01924578299478781
2.23872113856834248e7	0.01998894363482282
2.29086765276777484e7	0.020752922027585614
2.34422881531992294e7	0.02154156411623632
2.39883291901948936e7	0.02235927532004698
2.45470891568503343e7	0.023211033465009193
2.51188643150958233e7	0.02410240382677029
2.57039578276886493e7	0.025039558085403868
2.63026799189538099e7	0.02602929941965109
2.69153480392691344e7	0.02707909661082893
2.75422870333816893e7	0.0281971308540597
2.81838293126445487e7	0.02939236003231813
2.88403150312660597e7	0.030674606420997348
2.95120922666638382e7	0.032054675194178955
3.0199517204020191e7	0.033544512661417704
3.09029543251359202e7	0.03515741500343175
3.16227766016837917e7	0.03690830060553203
3.23593656929628104e7	0.03881406229399655
3.3113112148259148e7	0.04089402052711419
3.38844156139202714e7	0.04317050575623643
3.46736850452531651e7	0.045669609154547784
3.54813389233575314e7	0.04842215776788994
3.63078054770101756e7	0.051464996219418274
3.71535229097172767e7	0.05484269792644042
3.80189396320561245e7	0.058609894128077905
3.89045144994280487e7	0.06283451634413159
3.98107170553497672e7	0.06760242964499188
4.0738027780411303e7	0.07302155172368853
4.16869383470335528e7	0.07921028827503038
4.26579518801592588e7	0.08630961411926479
4.3651583224016659e7	0.09450130543616894
4.4668359215096347e7	0.10402423879176467
4.57088189614875242e7	0.11519905591564439
4.67735141287198141e7	0.12846590350622836
4.78630092322638035e7	0.14444227509183294
4.89778819368446544e7	0.16401130154225918
5.01187233627272472e7	0.18845607708515583
5.12861383991364762e7	0.21966622590679194
5.24807460249772295e7	0.2604677611223399
5.37031796370253265e7	0.3151832335850462
5.49540873857624829e7	0.39064693230360475
5.62341325190349072e7	0.49815353822857794
5.75439937337156758e7	0.6574236113625207
5.88843655355589613e7	0.905280718366537
6.02559586074358076e7	1.3165325201224012
6.16595001861482263e7	2.0609776080883564
6.30957344480192959e7	3.5886255190107343
6.45654229034656137e7	7.409478449297545
6.60693448007596433e7	21.210831104307772
6.760829753919819e7	158.28013676763632
6.91830970918936282e7	578.1188084329802
7.07945784384138882e7	57.28019364438178
7.24435960074990541e7	26.362250454769057
7.41310241300917715e7	18.240406034878013
7.58577575029183626e7	15.62450411716234
7.76247116628692746e7	15.673155914187216
7.94328234724282026e7	18.42486886747902
8.12830516164099574e7	26.970739192807365
8.31763771102670878e7	61.688589122381615
8.51138038202377707e7	1256.8131712769718
8.70963589956081361e7	81.448988433747
8.91250938133745938e7	13.863393189035563
9.12010839355909526e7	5.202105058782906
9.33254300796990544e7	2.6560403231745884
9.54992586021436751e7	1.6332386929039067
9.77237220955811143e7	1.2012129869816868
1.e8	1.0302022156598178