1.	4.1060348518815626e-10
1.02329299228069992	4.1057022359304496e-10
1.04712854805080013	4.105378738222642e-10
1.07151930523759997	4.1050642843050294e-10
1.09647819614309983	4.104758799888299e-10
1.12201845430189984	4.1044622108436604e-10
1.1481536214968	4.1041744431998217e-10
1.17489755493949999	4.1038954231396154e-10
1.20226443461740007	4.103625076997021e-10
1.23026877081229991	4.103363331254099e-10
1.2589254117941	4.1031101125376795e-10
1.28824955169310007	4.1028653476166725e-10
1.31825673855639991	4.102628963398817e-10
1.34896288259160002	4.102400886927831e-10
1.38038426460280017	4.1021810453803585e-10
1.41253754462269998	4.101969366063166e-10
1.44543977074589991	4.10176577641017e-10
1.47910838816820012	4.101570203979751e-10
1.51356124843619999	4.101382576451644e-10
1.54881661891239997	4.101202821624413e-10
1.58489319246110005	4.1010308674125133e-10
1.62181009735890003	4.1008666418436673e-10
1.65958690743750004	4.1007100730560884e-10
1.69824365246169995	4.100561089295781e-10
1.73780082874929986	4.1004196189139563e-10
1.77827941003889989	4.1002855903644323e-10
1.81970085860989994	4.100158932200838e-10
1.86208713666279979	4.100039573074326e-10
1.90546071796320016	4.0999274417307713e-10
1.94984459975800006	4.0998224670084685e-10
1.99526231496880002	4.099724577835535e-10
2.04173794466949987	4.0996337032274025e-10
2.08929613085400012	4.099549772284504e-10
2.13796208950220024	4.099472714189797e-10
2.18776162394950013	4.099402458206429e-10
2.23872113856829991	4.0993389336752766e-10
2.29086765276769988	4.0992820700127583e-10
2.3442288153198998	4.0992317967084407e-10
2.39883291901940021	4.09918804332281e-10
2.45470891568499994	4.099150739485009e-10
2.5118864315095002	4.0991198148905364e-10
2.57039578276879999	4.0990951992992407e-10
2.63026799189530003	4.099076822532952e-10
2.69153480392690003	4.0990646144733904e-10
2.7542287033381001	4.0990585050601404e-10
2.81838293126439998	4.099058424288443e-10
2.88403150312659973	4.0990643022071257e-10
2.95120922666629992	4.0990760689166876e-10
3.01995172040200011	4.0990936545671087e-10
3.09029543251349992	4.099116989355936e-10
3.16227766016830003	4.0991460035263475e-10
3.2359365692962001	4.099180627365149e-10
3.31131121482590007	4.09922079120085e-10
3.38844156139199981	4.099266425401823e-10
3.46736850452530021	4.0993174603743485e-10
3.54813389233569998	4.0993738265608506e-10
3.63078054770100023	4.099435454438005e-10
3.71535229097170028	4.099502274515016e-10
3.80189396320559991	4.09957421733173e-10
3.89045144994280001	4.0996512134570173e-10
3.98107170553489986	4.099733193486906e-10
4.07380277804109969	4.099820088042999e-10
4.16869383470329957	4.099911827770718e-10
4.26579518801589952	4.1000083433377015e-10
4.36515832240160062	4.1001095654321413e-10
4.46683592150959985	4.1002154247611634e-10
4.57088189614870011	4.1003258520492533e-10
4.67735141287190004	4.100440778036725e-10
4.78630092322630052	4.1005601334781887e-10
4.89778819368440033	4.1006838491409177e-10
5.01187233627270068	4.100811855803586e-10
5.12861383991360054	4.10094408425453e-10
5.24807460249770052	4.101080465290547e-10
5.37031796370250003	4.1012209297153657e-10
5.4954087385761996	4.1013654083382136e-10
5.62341325190339969	4.101513831972533e-10
5.7543993733715002	4.1016661314345676e-10
5.88843655355579987	4.1018222375420273e-10
6.02559586074349962	4.1019820811129435e-10
6.16595001861479997	4.102145592964146e-10
6.30957344480189963	4.1023127039101563e-10
6.4565422903465004	4.102483344761971e-10
6.60693448007589978	4.1026574463257975e-10
6.76082975391980057	4.1028349394018416e-10
6.91830970918929999	4.103015754783228e-10
7.07945784384129961	4.1031998232547633e-10
7.24435960074980034	4.103387075591985e-10
7.41310241300910011	4.103577442559866e-10
7.58577575029180018	4.103770854911921e-10
7.76247116628690037	4.103967243388968e-10
7.9432823472427998	4.1041665387183225e-10
8.128305161640899	4.1043686716126606e-10
8.31763771102670013	4.104573572769054e-10
8.51138038202370062	4.104781172868076e-10
8.70963589956079964	4.1049914025728215e-10
8.91250938133740078	4.1052041925279995e-10
9.12010839355899883	4.1054194733591063e-10
9.33254300796989966	4.105637175671476e-10
9.54992586021429979	4.105857230049546e-10
9.7723722095580996	4.106079567055943e-10
10.	4.1063041172307514e-10
10.2329299228075001	4.106530811090785e-10
10.4712854805089002	4.10675957912874e-10
10.7151930523760015	4.106990351812514e-10
10.9647819614318003	4.1072230595845943e-10
11.2201845430195988	4.10745763286127e-10
11.4815362149688003	4.1076940020320274e-10
11.7489755493951993	4.107932097458957e-10
12.0226443461741006	4.108171849476071e-10
12.3026877081238002	4.1084131883888377e-10
12.5892541179416	4.108656044473427e-10
12.8824955169313	4.1089003479764543e-10
13.1825673855640009	4.1091460291142905e-10
13.4896288259164994	4.109393018072523e-10
13.8038426460287997	4.1096412450056713e-10
14.1253754462274994	4.109890640036655e-10
14.4543977074591989	4.11014113325635e-10
14.7910838816820007	4.1103926547231924e-10
15.1356124843619995	4.1106451344629505e-10
15.4881661891248008	4.110898502468229e-10
15.8489319246110991	4.1111526886981764e-10
16.2181009735892978	4.1114076230782265e-10
16.5958690743755994	4.111663235499834e-10
16.9824365246174018	4.111919455820151e-10
17.3780082874936994	4.1121762138619216e-10
17.7827941003892	4.112433439413145e-10
18.1970085860998019	4.112691062227026e-10
18.6208713666285988	4.112949012021685e-10
19.0546071796324021	4.1132072184801856e-10
19.4984459975804008	4.1134656112503244e-10
19.9526231496887974	4.1137241199445455e-10
20.4173794466952003	4.1139826741399083e-10
20.8929613085403005	4.1142412033781235e-10
21.3796208950223026	4.11449963716538e-10
21.8776162394954987	4.1147579049725443e-10
22.3872113856834005	4.1150159362350926e-10
22.9086765276776987	4.1152736603531463e-10
23.4422881531991969	4.1155310066916486e-10
23.9883291901949001	4.115787904580457e-10
24.5470891568503014	4.116044283314412e-10
25.1188643150958022	4.11630007215359e-10
25.7039578276886012	4.1165552003233553e-10
26.3026799189537996	4.116809597014815e-10
26.9153480392691016	4.11706319138472e-10
27.5422870333816014	4.1173159125560406e-10
28.1838293126445016	4.117567689618013e-10
28.8403150312659982	4.117818451626588e-10
29.5120922666637995	4.118068127604652e-10
30.1995172040201005	4.1183166465425596e-10
30.9029543251359016	4.1185639373983245e-10
31.6227766016837002	4.1188099290980865e-10
32.3593656929627969	4.119054550536629e-10
33.1131121482590984	4.11929773057768e-10
33.8844156139201971	4.1195393980545346e-10
34.6736850452531016	4.1197794817705e-10
35.4813389233575052	4.1200179104993625e-10
36.3078054770100991	4.1202546129860983e-10
37.1535229097171964	4.120489517947275e-10
38.018939632056096	4.1207225540717916e-10
38.9045144994280037	4.1209536500213975e-10
39.8107170553496985	4.1211827344314935e-10
40.7380277804111941	4.121409735911593e-10
41.6869383470334966	4.1216345830462867e-10
42.657951880159203	4.121857204395689e-10
43.6515832240165977	4.122077528496478e-10
44.6683592150963022	4.1222954838624496e-10
45.708818961487502	4.122510998985411e-10
46.7735141287198033	4.122724002336043e-10
47.8630092322638063	4.1229344223646647e-10
48.9778819368446037	4.12314218750214e-10
50.1187233627272022	4.12334722616091e-10
51.2861383991363979	4.1235494667356627e-10
52.4807460249772006	4.1237488376045304e-10
53.703179637025201	4.123945267129962e-10
54.9540873857623993	4.124138683659688e-10
56.2341325190349011	4.1243290155278426e-10
57.5439937337155953	4.124516191055948e-10
58.8843655355588993	4.124700138554002e-10
60.2559586074356943	4.1248807863216495e-10
61.6595001861482004	4.125058062649198e-10
63.0957344480193001	4.1252318958188396e-10
64.565422903465489	4.1254022141058645e-10
66.0693448007595947	4.1255689457797234e-10
67.6082975391981051	4.1257320680377585e-10
69.1830970918936004	4.1258931684158773e-10
70.7945784384138079	4.1260557721473284e-10
72.4435960074989964	4.126223520577777e-10
74.1310241300917028	4.1264000562638154e-10
75.8577575029184032	4.1265890230961117e-10
77.6247116628691032	4.1267940664869566e-10
79.4328234724280975	4.127018833622085e-10
81.2830516164099066	4.1272669737772306e-10
83.1763771102669978	4.12754213869924e-10
85.1138038202376066	4.1278479830520234e-10
87.096358995608	4.12818816492742e-10
89.125093813374491	4.128566346421241e-10
91.2010839355909013	4.1289861942747686e-10
93.325430079699089	4.129451380581874e-10
95.4992586021434988	4.1299655835623e-10
97.723722095580996	4.130532488401223e-10
100.	4.13115578815583e-10
102.329299228075399	4.1318391847293055e-10
104.712854805089904	4.1325863899126805e-10
107.151930523760697	4.133401126495626e-10
109.647819614318507	4.134287129446385e-10
112.2018454301963	4.1352481471622735e-10
114.815362149688298	4.136287942791056e-10
117.489755493952899	4.137410295624935e-10
120.226443461741297	4.138619002567523e-10
123.026877081238112	4.139917879675777e-10
125.892541179416696	4.1413107637777635e-10
128.824955169313313	4.1428015141679835e-10
131.825673855640702	4.144394014381663e-10
134.896288259165317	4.1460921740501594e-10
138.038426460288491	4.147899930839022e-10
141.253754462275396	4.149821252471084e-10
144.543977074592789	4.151860138836379e-10
147.9108388168207	4.1540206241918804e-10
151.35612484362079	4.156306779453306e-10
154.881661891248115	4.158722714581657e-10
158.489319246111393	4.161272581067871e-10
162.1810097358929	4.163960574518552e-10
165.958690743756108	4.166790937346108e-10
169.824365246174381	4.169767961567384e-10
173.780082874937591	4.17289599171417e-10
177.827941003892306	4.176179427860366e-10
181.970085860998381	4.1796227287697434e-10
186.208713666286684	4.1832304151695785e-10
190.546071796324782	4.1870070731548145e-10
194.984459975804498	4.190957357728622e-10
199.526231496887988	4.195085996484731e-10
204.173794466952899	4.1993977934381515e-10
208.929613085403815	4.203897633010457e-10
213.796208950223189	4.208590484176792e-10
218.776162394955094	4.213481404782234e-10
223.872113856834005	4.218575546035077e-10
229.086765276777214	4.223878157185843e-10
234.422881531992204	4.2293945904006555e-10
239.883291901948979	4.2351303058389477e-10
245.470891568503106	4.241090876945198e-10
251.188643150957915	4.2472819959659186e-10
257.039578276886402	4.253709479703229e-10
263.02679918953811	4.2603792755172937e-10
269.15348039269162	4.2672974675908134e-10
275.422870333816604	4.274470283469317e-10
281.838293126445478	4.281904100892072e-10
288.4031503126605	4.289605454929685e-10
295.120922666638705	4.297581045444762e-10
301.995172040201624	4.3058377448940533e-10
309.0295432513592	4.3143826064907866e-10
316.227766016837904	4.3232237115136957e-10
323.593656929628366	4.33237638418876e-10
331.131121482591084	4.3418598065425417e-10
338.84415613920271	4.351693618784691e-10
346.736850452531598	4.361897924699272e-10
354.81338923357572	4.372493324561134e-10
363.078054770101403	4.3835009505351037e-10
371.535229097172419	4.3949425047211753e-10
380.18939632056123	4.4068403000261176e-10
389.04514499428052	4.419217304059046e-10
398.107170553497326	4.4320971862694383e-10
407.380277804112609	4.4455043685680216e-10
416.869383470335492	4.4594640796951926e-10
426.579518801592485	4.474002413629992e-10
436.515832240166105	4.48914639236143e-10
446.683592150962966	4.504924033379408e-10
457.088189614875205	4.52136442227805e-10
467.735141287198132	4.5384977909077454e-10
478.630092322638461	4.556355601557289e-10
489.778819368446079	4.574970637700227e-10
501.187233627272462	4.594377101897615e-10
512.861383991364846	4.614610721513939e-10
524.807460249772816	4.635708862976544e-10
537.031796370252664	4.657710655390732e-10
549.540873857624888	4.680657124414866e-10
562.341325190349039	4.704591337403952e-10
575.439937337157289	4.729558560948093e-10
588.843655355589021	4.755606432064188e-10
602.559586074358094	4.782785144450936e-10
616.59500186148216	4.811147651387377e-10
630.957344480193569	4.840749887050001e-10
645.6542290346556	4.871651008245051e-10
660.693448007595748	4.903913658805117e-10
676.082975391981904	4.937604259189566e-10
691.830970918936259	4.972793324158683e-10
707.945784384138051	5.009555811774266e-10
724.435960074989907	5.047971507416538e-10
741.31024130091771	5.088125447015363e-10
758.577575029183549	5.130108384278614e-10
776.24711662869197	5.174017307380289e-10
794.328234724281401	5.219956011360891e-10
812.830516164099549	5.26803573341252e-10
831.76377110267083	5.318375859297351e-10
851.13803820237672	5.371104094555284e-10
870.963589956080455	5.426332727895913e-10
891.250938133745876	5.484148769289641e-10
912.010839355909638	5.54464321217924e-10
933.254300796991515	5.607913594660931e-10
954.992586021435954	5.674064428541363e-10
977.237220955811267	5.74320767077693e-10
1000.	5.815463241532109e-10
1023.29299228075479	5.890959593636538e-10
1047.12854805089955	5.969834338839108e-10
1071.51930523760711	6.052234936961996e-10
1096.47819614318519	6.138319454862943e-10
1122.01845430196431	6.228257403035336e-10
1148.15362149688281	6.322230658735815e-10
1174.89755493953044	6.420434485747017e-10
1202.26443461741314	6.523078662290164e-10
1230.26877081238126	6.630388730229567e-10
1258.92541179416753	6.742607380597922e-10
1288.24955169313353	6.859995992666556e-10
1318.25673855640775	6.982836346343861e-10
1348.96288259165317	7.111432530676829e-10
1380.3842646028852	7.246113074739133e-10
1412.53754462275401	7.38723333131423e-10
1445.43977074592817	7.535178148648695e-10
1479.10838816820728	7.690364871306909e-10
1513.56124843620887	7.853246717992971e-10
1548.81661891248132	8.024316592343528e-10
1584.89319246111404	8.204111392423158e-10
1621.81009735892985	8.393216896319826e-10
1659.58690743756119	8.592273315285713e-10
1698.24365246174443	8.801981622847415e-10
1737.80082874937625	9.023110788916285e-10
1778.27941003892283	9.256506073047e-10
1819.70085860998438	9.50309856174386e-10
1862.08713666286758	9.76391617254106e-10
1905.46071796324827	1.0040096394339142e-9
1949.84459975804566	1.033290109157226e-9
1995.2623149688809	1.0643733772346937e-9
2041.73794466952972	1.0974141818341734e-9
2089.29613085404117	1.1325748962457503e-9
2137.96208950223263	1.1700320763435727e-9
2187.7616239495519	1.209981654241896e-9
2238.72113856833994	1.2526415319620926e-9
2290.86765276777214	1.2982545870819187e-9
2344.22881531992289	1.3470921702324676e-9
2398.83291901948996	1.3994581883034797e-9
2454.70891568503112	1.4556938877954428e-9
2511.88643150958023	1.5161834784482836e-9
2570.39578276886505	1.5813607695080454e-9
2630.26799189538133	1.6517170316325691e-9
2691.53480392691699	1.7278103489463997e-9
2754.22870333816627	1.8102767913970639e-9
2818.38293126445524	1.8998438216924533e-9
2884.031503126605	1.9973464595543985e-9
2951.20922666638717	2.103746866704971e-9
3019.95172040201624	2.2201581996544488e-9
3090.295432513592	2.347873818711637e-9
3162.2776601683795	2.488403261020607e-9
3235.93656929628469	2.6435168111261386e-9
3311.31121482591106	2.8153010742256633e-9
3388.44156139202778	3.0062287308816205e-9
3467.36850452531644	3.219246707274629e-9
3548.13389233575663	3.457888446471399e-9
3630.7805477010138	3.726417979026666e-9
3715.3522909717276	4.030016306259758e-9
3801.89396320561264	4.375024579307179e-9
3890.45144994280508	4.769264200314144e-9
3981.07170553497326	5.222462053826416e-9
4073.8027780411262	5.746914535417045e-9
4168.6938347033547	6.359114862925876e-9
4265.7951880159253	7.081322395439984e-9
4365.15832240166128	7.943824744180451e-9
4466.83592150962977	8.988873415533514e-9
4570.88189614875137	1.0277173416124704e-8
4677.35141287198076	1.1899076563294144e-8
4786.30092322638484	1.3994967785056839e-8
4897.78819368446148	1.6794952150638103e-8
5011.87233627272508	2.0702843260185052e-8
5128.61383991364892	2.6494166586481323e-8
5248.07460249772794	3.5856139853166354e-8
5370.31796370252687	5.320297712825005e-8
5495.40873857624865	9.419544048578527e-8
5623.41325190349107	2.6327326741049037e-7
5754.39937337157244	0.000043449917651929965
5888.43655355588999	2.671569965499867e-7
6025.5958607435814	8.135501761182763e-8
6165.95001861482251	4.7417677865956856e-8
6309.57344480193569	3.5240184124965e-8
6456.542290346556	2.919003640825547e-8
6606.93448007596453	2.5561263664481277e-8
6760.82975391981927	2.31455717040921e-8
6918.30970918936328	2.1445001338483916e-8
7079.45784384138005	2.0213237287312358e-8
7244.35960074989907	1.9312060940798482e-8
7413.10241300917733	1.8658513106597868e-8
7585.77575029183572	1.8200069163589766e-8
7762.47116628691947	1.7902417220465045e-8
7943.28234724281356	1.7742958281517556e-8
8128.30516164099481	1.7707145671734457e-8
8317.63771102670944	1.7786361207142758e-8
8511.38038202376811	1.7976696473273245e-8
8709.63589956080432	1.8278322231371447e-8
8912.50938133745876	1.869529386427685e-8
9120.10839355909593	1.9235742657524252e-8
9332.54300796991447	1.991248518602621e-8
9549.92586021435818	2.0744177308010578e-8
9772.37220955811244	2.1757282265804264e-8
10000.	2.2989378335160518e-8
10232.9299228075361	2.4494832066367915e-8
10471.2854805090083	2.6354897843329577e-8
10715.1930523760711	2.8696529835247782e-8
10964.7819614318523	3.172911775094715e-8
11220.1845430196263	3.581946420463352e-8
11481.536214968839	4.1650896459220276e-8
11748.9755493953016	5.0575831841716014e-8
12022.644346174131	6.5488081236016e-8
12302.6877081238108	9.33965329668476e-8
12589.2541179416621	1.5500627151381202e-7
12882.4955169313489	3.378066888010997e-7
13182.5673855640744	1.4602802174799267e-6
13489.6288259165322	0.0000658502684806421
13803.842646028841	1.101334579675867e-6
14125.3754462275538	3.805140993798567e-7
14454.3977074592804	2.1004439625834143e-7
14791.0838816820724	1.40687181605321e-7
15135.6124843620728	1.0457021473511754e-7
15488.1661891248277	8.289426351924478e-8
15848.9319246111409	6.863313694679845e-8
16218.1009735892985	5.863082386386283e-8
16595.8690743755942	5.128013770907354e-8
16982.4365246174602	4.5684225319528816e-8
17378.0082874937616	4.1306499712923395e-8
17782.7941003892302	3.7807840358529636e-8
18197.0085860998261	3.496426603917453e-8
18620.8713666286894	3.262241398810195e-8
19054.6071796324832	3.0674104297359665e-8
19498.4459975804493	2.904112770914686e-8
19952.6231496887849	2.7665790033101955e-8
20417.3794466953223	2.6504035469674162e-8
20892.9613085404053	2.5518399261296266e-8
21379.6208950223227	2.4679005267680656e-8
21877.6162394955209	2.3962752127242902e-8
22387.2113856834258	2.3351535892461856e-8
22908.6765276777478	2.283100516981527e-8
23442.2881531992243	2.2389672801001265e-8
23988.3291901949015	2.201827094430486e-8
24547.0891568502884	2.1709275628396483e-8
25118.8643150958196	2.145655143825072e-8
25703.9578276886459	2.1255082766657746e-8
26302.6799189538106	2.1100768396762588e-8
26915.3480392691417	2.099026307817825e-8
27542.28703338169	2.09208544441891e-8
28183.8293126445496	2.0890366851407225e-8
28840.3150312660582	2.08970859889909e-8
29512.0922666638398	2.0939699714302005e-8
30199.5172040201978	2.101725173078924e-8
30902.954325135921	2.1129105568761005e-8
31622.7766016837959	2.1274916953247428e-8
32359.3656929628123	2.145461310885749e-8
33113.1121482591479	2.1668377903577515e-8
33884.4156139202751	2.1916642002794046e-8
34673.6850452531653	2.2200077413476607e-8
35481.3389233575363	2.2519595962056652e-8
36307.8054770101808	2.287635137942168e-8
37153.5229097172851	2.3271744770607592e-8
38018.9396320561282	2.3707433330927147e-8
38904.514499428049	2.4185342238273046e-8
39810.7170553497781	2.470767970550056e-8
40738.0277804112993	2.5276998998015122e-8
41686.9383470335524	2.589653074468284e-8
42657.9518801592494	2.6570101976957367e-8
43651.5832240165619	2.7302059117624498e-8
44668.359215096345	2.8097338333427808e-8
45708.8189614875228	2.8961549962583736e-8
46773.514128719813	2.990107899141198e-8
47863.0092322638084	3.0923204951406277e-8
48977.8819368446639	3.203624545528958e-8
50118.7233627272508	3.3249728675238455e-8
51286.1383991364855	3.457460146431328e-8
52480.7460249772266	3.602348163587447e-8
53703.1796370253287	3.761096528546312e-8
54954.0873857624829	3.935400315800965e-8
56234.1325190349089	4.127236419749547e-8
57543.9937337156734	4.3389209940089e-8
58884.3655355589654	4.573181085273937e-8
60255.9586074358085	4.833244582855496e-8
61659.5001861482233	5.122953990874681e-8
63095.7344480192987	5.446911447920257e-8
64565.422903465631	5.810665099550951e-8
66069.3448007596307	6.220950715241312e-8
67608.297539198189	6.686007848890718e-8
69183.0970918936218	7.216013174961246e-8
70794.5784384138824	7.824061017893323e-8
72443.596007499058	8.527316420367186e-8
74131.0241300917696	9.348167890706635e-8
75857.7575029183645	1.0316281171167717e-7
77624.7116628691147	1.1471709087830709e-7
79432.8234724282083	1.2869696544189167e-7
81283.0516164099536	1.4588337634887945e-7
83176.3771102670871	1.6741220081978596e-7
85113.8038202375901	1.9499189972216852e-7
87096.3589956081414	2.3129696938938356e-7
89125.0938133745949	2.8072230478787493e-7
91201.0839355909557	3.5093759209106413e-7
93325.4300796990428	4.5639357761539557e-7
95499.2586021436873	6.272176219628785e-7
97723.7220955811208	9.356945384508194e-7
100000.	1.5957951754482285e-6
102329.299228075353	3.5119900204467127e-6
104712.854805090057	0.00001519618604593887
107151.930523760704	0.0005287004397814037
109647.81961431852	8.527245392802098e-6
112201.845430196307	2.568535351899573e-6
114815.362149688401	1.2693569088271895e-6
117489.755493953038	7.791446769454598e-7
120226.443461741321	5.408480051070285e-7
123026.877081238126	4.0645885255568646e-7
125892.541179416876	3.22958105267272e-7
128824.955169313485	2.6745101440670324e-7
131825.673855640722	2.286919527767144e-7
134896.288259165303	2.0061067424306357e-7
138038.426460288378	1.7968450993461867e-7
141253.754462275538	1.6374828199159548e-7
144543.977074592782	1.5140755011475217e-7
147910.838816820731	1.417289723734486e-7
151356.124843620695	1.3406751286594577e-7
154881.661891248281	1.2796535795258116e-7
158489.319246111409	1.2309031364114004e-7
162181.009735893022	1.1919687900082014e-7
165958.690743755957	1.1610083833575582e-7
169824.365246174595	1.1366219089072733e-7
173780.082874937623	1.1177338667447405e-7
177827.94100389228	1.103510384908546e-7
181970.085860998253	1.0932997178605801e-7
186208.713666286902	1.0865888317972493e-7
190546.071796324832	1.0829712760589835e-7
194984.459975804522	1.0821230987480125e-7
199526.231496887864	1.0837845676243502e-7
204173.794466953142	1.0877524507898623e-7
208929.613085404068	1.0938975170482678e-7
213796.208950223256	1.1021344620272291e-7
218776.162394955201	1.1124053514975895e-7
223872.113856834243	1.1246759318586788e-7
229086.765276777471	1.1389327905239324e-7
234422.881531992229	1.155181181190054e-7
239883.291901948949	1.1734433778506602e-7
245470.891568502848	1.1937574507314963e-7
251188.643150958233	1.2161763790100084e-7
257039.578276886459	1.2407674308932087e-7
263026.799189538171	1.2676117525248147e-7
269153.480392691388	1.2968041140544602e-7
275422.870333816914	1.328452764508041e-7
281838.293126445496	1.3626793470808835e-7
288403.150312660553	1.3996188231465984e-7
295120.922666638449	1.4394193464579606e-7
301995.172040201898	1.482242018345489e-7
309029.543251359195	1.5282604396613247e-7
316227.766016838024	1.5776599550800213e-7
323593.656929628109	1.6306364593339825e-7
331131.121482591436	1.6873946021555034e-7
338844.156139202823	1.7481451882836296e-7
346736.850452531653	1.8131015203053548e-7
354813.389233575319	1.882474375343096e-7
363078.054770101735	1.956465242812035e-7
371535.229097172792	2.0352573827090652e-7
380189.396320561296	2.119004198330077e-7
389045.144994280476	2.207814364826378e-7
398107.170553497737	2.301733133304996e-7
407380.277804112993	2.400756379554539e-7
416869.38347033551	2.505083123039877e-7
426579.518801592465	2.615040769156659e-7
436515.832240165735	2.730979541733761e-7
446683.592150963494	2.8532734802433726e-7
457088.189614875184	2.982322155580765e-7
467735.141287198057	3.118552520491143e-7
478630.092322638026	3.262420908569636e-7
489778.819368446653	3.414415198172899e-7
501187.233627272479	3.575057160595808e-7
512861.383991364855	3.744905015637069e-7
524807.460249772295	3.9245562223998805e-7
537031.7963702532	4.1146505391057394e-7
549540.873857624829	4.315873393153039e-7
562341.325190349016	4.5289596120388787e-7
575439.937337156618	4.7546975775560593e-7
588843.655355589581	4.993933880552274e-7
602559.586074358085	5.247578572266411e-7
616595.00186148216	5.516611131866403e-7
630957.344480192987	5.802087299602694e-7
645654.22903465631	6.105146962609393e-7
660693.448007596424	6.427023327974709e-7
676082.97539198189	6.769053678021326e-7
691830.970918936306	7.13268965510969e-7
707945.784384138766	7.519450311616407e-7
724435.960074990638	7.930903450010396e-7
741310.241300917696	8.368713984307095e-7
758577.575029183528	8.834650958914666e-7
776247.116628691205	9.330592389747355e-7
794328.234724282171	9.858530330269788e-7
812830.516164099565	1.0420576296771724e-6
831763.771102670813	1.1018967256673803e-6
851138.038202375872	1.1656072476932806e-6
870963.589956081472	1.2334401653082472e-6
891250.93813374592	1.3056614900764641e-6
912010.839355909615	1.3825535399828545e-6
933254.300796990399	1.4644165747859323e-6
954992.586021436728	1.5515709418919376e-6
977237.220955811208	1.6443599152210373e-6
1.e6	1.7431534636719048e-6
1.02329299228075368e6	1.846607576951843e-6
1.04712854805090069e6	1.95681572945123e-6
1.0715193052376071e6	2.0742438923862216e-6
1.09647819614318525e6	2.1993911086576224e-6
1.12201845430196286e6	2.3327918241161442e-6
1.14815362149688415e6	2.475018371972782e-6
1.17489755493953032e6	2.6266836183252334e-6
1.20226443461741321e6	2.7884437768536362e-6
1.23026877081238106e6	2.9610014007876145e-6
1.25892541179416888e6	3.1451085602760043e-6
1.28824955169313494e6	3.3415702131827073e-6
1.31825673855640762e6	3.551247777254087e-6
1.34896288259165315e6	3.775062911399771e-6
1.38038426460288651e6	4.014001513562536e-6
1.41253754462275538e6	4.269117942398196e-6
1.44543977074592793e6	4.541539469479859e-6
1.47910838816820737e6	4.832470968527555e-6
1.51356124843620718e6	5.143199847403376e-6
1.54881661891248287e6	5.475101228409846e-6
1.58489319246111414e6	5.829643381817547e-6
1.62181009735893016e6	6.208393417094023e-6
1.65958690743755968e6	6.6130232360851015e-6
1.69824365246174601e6	7.045315752255735e-6
1.73780082874937658e6	7.507171379992061e-6
1.77827941003892291e6	8.0006147988353e-6
1.8197008586099823e6	8.5278019979356e-6
1.86208713666286925e6	9.091027607991893e-6
1.90546071796324849e6	9.692732530019202e-6
1.94984459975804528e6	0.000010335511873744903
1.99526231496887887e6	0.000011022123222966756
2.04173794466953189e6	0.000011755495251157777
2.08929613085404062e6	0.000012538736718693611
2.13796208950223262e6	0.000013375145892763104
2.18776162394955196e6	0.000014268220443731374
2.2387211385683422e6	0.000015221667887105883
2.29086765276777465e6	0.000016239416659039846
2.34422881531992275e6	0.00001732562793571146
2.39883291901949002e6	0.000018484708334809777
2.45470891568503343e6	0.00001972132366834352
2.51188643150958186e6	0.000021040413954591764
2.57039578276886465e6	0.00002244720994036096
2.63026799189538136e6	0.000023947251436607154
2.691534803926914e6	0.00002554640782872262
2.75422870333816903e6	0.00002725090119109458
2.81838293126445496e6	0.00002906733251405539
2.88403150312660588e6	0.00003100271164005301
2.95120922666638391e6	0.000033064491609534386
3.0199517204020191e6	0.00003526060823507323
3.09029543251359183e6	0.00003759952585764716
3.16227766016837954e6	0.00004009029039850598
3.23593656929628085e6	0.00004274259100243501
3.31131121482591424e6	0.000045566831784957105
3.38844156139202788e6	0.00004857421545048787
3.46736850452531688e6	0.000051776840852538016
3.54813389233575296e6	0.00005518781693404153
3.63078054770101746e6	0.00005882139592660893
3.71535229097172804e6	0.00006269312923413692
3.80189396320561273e6	0.00006682005008896602
3.89045144994280441e6	0.00007122088790846457
3.98107170553497784e6	0.00007591632031394732
4.07380277804112947e6	0.00008092894109019746
4.16869383470335463e6	0.00008628109548042409
4.2657951880159257e6	0.00009199557400865673
4.36515832240166608e6	0.00009809663146364135
4.46683592150963564e6	0.00010461008360103825
4.57088189614875149e6	0.00011156340507514234
4.67735141287198104e6	0.00011898583458585268
4.78630092322638072e6	0.00012690848809397543
4.89778819368446618e6	0.00013536448111819182
5.0118723362727249e6	0.0001443890612723523
5.12861383991364762e6	0.00015401975240515985
5.24807460249772295e6	0.000164296511926528
5.37031796370253246e6	0.00017526190313759722
5.49540873857624829e6	0.00018696128471483366
5.6234132519034911e6	0.0001994430197973783
5.75439937337156571e6	0.0002127587075449611
5.88843655355589651e6	0.00022696344050613526
6.02559586074358039e6	0.00024211609161911834
6.165950018614823e6	0.00025827963536022226
6.30957344480193034e6	0.0002755215082117392
6.45654229034656193e6	0.0002939140145515753
6.6069344800759647e6	0.00031353478500930807
6.76082975391981844e6	0.00033446729560097867
6.91830970918936282e6	0.00035680134997782457
7.07945784384138789e6	0.00038063104179430275
7.24435960074990615e6	0.0004060541210334052
7.41310241300917696e6	0.0004331743347319336
7.58577575029183552e6	0.00046210191422573713
7.76247116628692765e6	0.0004929539898495432
7.94328234724282194e6	0.0005258550411623682
8.12830516164099518e6	0.0005609373875390579
8.31763771102670953e6	0.0005983417248763266
8.51138038202375919e6	0.0006382177149728428
8.70963589956081286e6	0.0006807246352896427
8.91250938133745827e6	0.0007260320979419227
9.12010839355909638e6	0.0007743208482655296
9.33254300796990283e6	0.000825783654874447
9.54992586021436937e6	0.0008806263050127747
9.77237220955811255e6	0.0009390687211940855
1.e7	0.0010013462177259603
1.02329299228075352e7	0.0010677109184971214
1.04712854805090074e7	0.001138433361146102
1.0715193052376071e7	0.001213804316480058
1.09647819614318498e7	0.0012941368571866877
1.122018454301963e7	0.0013797687152846778
1.14815362149688415e7	0.0014710649747899022
1.17489755493953042e7	0.0015684210981233094
1.20226443461741321e7	0.0016722528001209772
1.23026877081238106e7	0.0017829748407146152
1.25892541179416869e7	0.0019010205164833255
1.28824955169313494e7	0.002026845795083747
1.31825673855640739e7	0.0021609298459760815
1.34896288259165324e7	0.002303775494845044
1.38038426460288688e7	0.0024559095891843095
1.41253754462275542e7	0.0026178832628867684
1.44543977074592803e7	0.0027902720875446763
1.47910838816820718e7	0.0029736760980558314
1.51356124843620732e7	0.003168719680994369
1.54881661891248282e7	0.003376051314543392
1.584893192461114e7	0.0035963431498672446
1.62181009735893011e7	0.003830290425282827
1.65958690743755978e7	0.004078610705425962
1.69824365246174596e7	0.004342042939645052
1.73780082874937616e7	0.004621346335048741
1.77827941003892273e7	0.004917299041809603
1.81970085860998221e7	0.005230696649159086
1.86208713666286916e7	0.005562350492264494
1.90546071796324849e7	0.0059130857711148935
1.94984459975804575e7	0.006283739482870589
1.99526231496887878e7	0.006675158169987703
2.04173794466953166e7	0.007088237501211106
2.08929613085404076e7	0.007524137434772768
2.13796208950223215e7	0.00798419951161674
2.18776162394955196e7	0.008469894935761548
2.23872113856834248e7	0.008982841534867675
2.29086765276777484e7	0.00952482318017141
2.34422881531992294e7	0.010097812054822125
2.39883291901948936e7	0.010703994304137604
2.45470891568503343e7	0.011345799702300928
2.51188643150958233e7	0.012025936094986148
2.57039578276886493e7	0.012747429532097256
2.63026799189538099e7	0.01351367119837834
2.69153480392691344e7	0.014328472499882975
2.75422870333816893e7	0.015196129980641845
2.81838293126445487e7	0.016121502157351718
2.88403150312660597e7	0.017110100889910246
2.95120922666638382e7	0.018168200601472662
3.0199517204020191e7	0.019302969569573246
3.09029543251359202e7	0.02052262870910934
3.16227766016837917e7	0.021836644861959326
3.23593656929628104e7	0.023255967741875
3.3113112148259148e7	0.024793322575193778
3.38844156139202714e7	0.026463574434057228
3.46736850452531651e7	0.028284185721572146
3.54813389233575314e7	0.030275795943218588
3.63078054770101756e7	0.03246296377687409
3.71535229097172767e7	0.0348751271571603
3.80189396320561245e7	0.037547860096822684
3.89045144994280487e7	0.04052453934931875
3.98107170553497672e7	0.043858586454986054
4.0738027780411303e7	0.04761525596565551
4.16869383470335528e7	0.05186553809730124
4.26579518801592588e7	0.05669070196571979
4.3651583224016659e7	0.06218914701230298
4.4668359215096347e7	0.06848094353490378
4.57088189614875242e7	0.07571395676785171
4.67735141287198141e7	0.08407245374676113
4.78630092322638035e7	0.0937898907907234
4.89778819368446544e7	0.10516954046152038
5.01187233627272472e7	0.11862176541222681
5.12861383991364762e7	0.1347414322643678
5.24807460249772295e7	0.15449378640170117
5.37031796370253265e7	0.17971766835473518
5.49540873857624829e7	0.21455284600655972
5.62341325190349072e7	0.2690508029163555
5.75439937337156758e7	0.36594245814724535
5.88843655355589613e7	0.5544697662202641
6.02559586074358076e7	0.963071114575087
6.16595001861482263e7	2.0491152752933006
6.30957344480192959e7	6.4989526822673085
6.45654229034656137e7	88.3576161774797
6.60693448007596433e7	48.85811249680532
6.760829753919819e7	9.600604548601037
6.91830970918936282e7	4.882105730876075
7.07945784384138882e7	3.3498158089988688
7.24435960074990541e7	2.669034943782725
7.41310241300917715e7	2.3329876373300555
7.58577575029183626e7	2.179817137320091
7.76247116628692746e7	2.1507737868445957
7.94328234724282026e7	2.231708477898896
8.12830516164099574e7	2.4409738488780555
8.31763771102670878e7	2.8428643150896784
8.51138038202377707e7	3.6089236061722465
8.70963589956081361e7	5.271114075879768
8.91250938133745938e7	10.316581742754002
9.12010839355909526e7	57.996513829150885
9.33254300796990544e7	42.50263677976774
9.54992586021436751e7	4.180410841777817
9.77237220955811143e7	1.5063424220795858
1.e8	1.0773195913223126