1.	8.696020735291204e-10
1.02329299228069992	8.694501216297611e-10
1.04712854805080013	8.693025142527087e-10
1.07151930523759997	8.691592101762661e-10
1.09647819614309983	8.690201683497474e-10
1.12201845430189984	8.688853478893861e-10
1.1481536214968	8.687547080749001e-10
1.17489755493949999	8.686282083455865e-10
1.20226443461740007	8.685058082968395e-10
1.23026877081229991	8.683874676764933e-10
1.2589254117941	8.682731463813796e-10
1.28824955169310007	8.681628044536576e-10
1.31825673855639991	8.680564020775369e-10
1.34896288259160002	8.679538995757851e-10
1.38038426460280017	8.678552574064136e-10
1.41253754462269998	8.677604361592575e-10
1.44543977074589991	8.67669396552842e-10
1.47910838816820012	8.675820994310031e-10
1.51356124843619999	8.674985057598262e-10
1.54881661891239997	8.674185766243435e-10
1.58489319246110005	8.673422732255784e-10
1.62181009735890003	8.67269556877285e-10
1.65958690743750004	8.672003890031187e-10
1.69824365246169995	8.671347311334584e-10
1.73780082874929986	8.670725449025318e-10
1.77827941003889989	8.670137920455221e-10
1.81970085860989994	8.669584343956052e-10
1.86208713666279979	8.669064338811458e-10
1.90546071796320016	8.668577525228911e-10
1.94984459975800006	8.668123524311791e-10
1.99526231496880002	8.667701958032535e-10
2.04173794466949987	8.667312449204666e-10
2.08929613085400012	8.666954621457002e-10
2.13796208950220024	8.666628099207132e-10
2.18776162394950013	8.666332507635e-10
2.23872113856829991	8.666067472657844e-10
2.29086765276769988	8.665832620904949e-10
2.3442288153198998	8.665627579692625e-10
2.39883291901940021	8.665451976998746e-10
2.45470891568499994	8.665305441440481e-10
2.5118864315095002	8.665187602248278e-10
2.57039578276879999	8.665098089243262e-10
2.63026799189530003	8.665036532814488e-10
2.69153480392690003	8.665002563895185e-10
2.7542287033381001	8.664995813940091e-10
2.81838293126439998	8.665015914904001e-10
2.88403150312659973	8.665062499218463e-10
2.95120922666629992	8.665135199772039e-10
3.01995172040200011	8.665233649887264e-10
3.09029543251349992	8.665357483300215e-10
3.16227766016830003	8.665506334139884e-10
3.2359365692962001	8.665679836908259e-10
3.31131121482590007	8.665877626458955e-10
3.38844156139199981	8.666099337978709e-10
3.46736850452530021	8.666344606967379e-10
3.54813389233569998	8.666613069218676e-10
3.63078054770100023	8.666904360801438e-10
3.71535229097170028	8.667218118041308e-10
3.80189396320559991	8.667553977501773e-10
3.89045144994280001	8.667911575967141e-10
3.98107170553489986	8.668290550424219e-10
4.07380277804109969	8.668690538044957e-10
4.16869383470329957	8.669111176169912e-10
4.26579518801589952	8.669552102290561e-10
4.36515832240160062	8.670012954033826e-10
4.46683592150959985	8.670493369145265e-10
4.57088189614870011	8.670992985473474e-10
4.67735141287190004	8.671511440953788e-10
4.78630092322630052	8.672048373594289e-10
4.89778819368440033	8.672603421459619e-10
5.01187233627270068	8.673176222656355e-10
5.12861383991360054	8.673766415319578e-10
5.24807460249770052	8.67437363759707e-10
5.37031796370250003	8.674997527637338e-10
5.4954087385761996	8.675637723574129e-10
5.62341325190339969	8.676293863514649e-10
5.7543993733715002	8.676965585525988e-10
5.88843655355579987	8.67765252762207e-10
6.02559586074349962	8.678354327751671e-10
6.16595001861479997	8.679070623786287e-10
6.30957344480189963	8.679801053507894e-10
6.4565422903465004	8.680545254597881e-10
6.60693448007589978	8.681302864624944e-10
6.76082975391980057	8.682073521035588e-10
6.91830970918929999	8.682856861141283e-10
7.07945784384129961	8.683652522110305e-10
7.24435960074980034	8.68446014095574e-10
7.41310241300910011	8.685279354526686e-10
7.58577575029180018	8.686109799498244e-10
7.76247116628690037	8.686951112362486e-10
7.9432823472427998	8.687802929419274e-10
8.128305161640899	8.688664886767685e-10
8.31763771102670013	8.68953662029742e-10
8.51138038202370062	8.69041776568061e-10
8.70963589956079964	8.69130795836466e-10
8.91250938133740078	8.692206833563165e-10
9.12010839355899883	8.693114026250487e-10
9.33254300796989966	8.694029171153745e-10
9.54992586021429979	8.694951902745808e-10
9.7723722095580996	8.695881855239728e-10
10.	8.696818662582089e-10
10.2329299228075001	8.69776195844728e-10
10.4712854805089002	8.698711376232191e-10
10.7151930523760015	8.699666549050816e-10
10.9647819614318003	8.700627109728695e-10
11.2201845430195988	8.701592690799345e-10
11.4815362149688003	8.702562924499292e-10
11.7489755493951993	8.703537442763975e-10
12.0226443461741006	8.7045158772237e-10
12.3026877081238002	8.70549785920144e-10
12.5892541179416	8.706483019707727e-10
12.8824955169313	8.707470989439017e-10
13.1825673855640009	8.708461398775132e-10
13.4896288259164994	8.70945387777609e-10
13.8038426460287997	8.710448056181249e-10
14.1253754462274994	8.711443563406296e-10
14.4543977074591989	8.712440028542783e-10
14.7910838816820007	8.713437080357162e-10
15.1356124843619995	8.71443434728913e-10
15.4881661891248008	8.715431457451078e-10
15.8489319246110991	8.716428038629493e-10
16.2181009735892978	8.717423718283123e-10
16.5958690743755994	8.718418123544323e-10
16.9824365246174018	8.719410881219313e-10
17.3780082874936994	8.72040161779034e-10
17.7827941003892	8.721389959415041e-10
18.1970085860998019	8.722375531929824e-10
18.6208713666285988	8.72335796085089e-10
19.0546071796324021	8.724336871376466e-10
19.4984459975804008	8.725311888389509e-10
19.9526231496887974	8.726282636461048e-10
20.4173794466952003	8.727248739852392e-10
20.8929613085403005	8.7282098225191e-10
21.3796208950223026	8.729165508115139e-10
21.8776162394954987	8.730115419995696e-10
22.3872113856834005	8.731059181223123e-10
22.9086765276776987	8.731996414570471e-10
23.4422881531991969	8.732926742527253e-10
23.9883291901949001	8.733849787304418e-10
24.5470891568503014	8.734765170839803e-10
25.1188643150958022	8.735672514804402e-10
25.7039578276886012	8.736571440608809e-10
26.3026799189537996	8.737461569409249e-10
26.9153480392691016	8.738342522115051e-10
27.5422870333816014	8.73921391939507e-10
28.1838293126445016	8.740075381686354e-10
28.8403150312659982	8.740926529201029e-10
29.5120922666637995	8.741766981934956e-10
30.1995172040201005	8.742596359675682e-10
30.9029543251359016	8.743414282012148e-10
31.6227766016837002	8.744220368342914e-10
32.3593656929627969	8.745014237886255e-10
33.1131121482590984	8.745795509689243e-10
33.8844156139201971	8.746563802638288e-10
34.6736850452531016	8.747318735469734e-10
35.4813389233575052	8.748059926779936e-10
36.3078054770100991	8.748786995036405e-10
37.1535229097171964	8.749499558590048e-10
38.018939632056096	8.750197235685354e-10
38.9045144994280037	8.750879644473843e-10
39.8107170553496985	8.751546403025225e-10
40.7380277804111941	8.752197129340516e-10
41.6869383470334966	8.752831441365255e-10
42.657951880159203	8.753448957002125e-10
43.6515832240165977	8.754049294124772e-10
44.6683592150963022	8.7546320705924e-10
45.708818961487502	8.755196904262728e-10
46.7735141287198033	8.755743413007378e-10
47.8630092322638063	8.756271214726278e-10
48.9778819368446037	8.756779927363403e-10
50.1187233627272022	8.757269168921765e-10
51.2861383991363979	8.757738557479318e-10
52.4807460249772006	8.758187711204745e-10
53.703179637025201	8.758616248374601e-10
54.9540873857623993	8.759023787389616e-10
56.2341325190349011	8.759409946791786e-10
57.5439937337155953	8.759774345281405e-10
58.8843655355588993	8.760116601735309e-10
60.2559586074356943	8.760436335224866e-10
61.6595001861482004	8.760733165033432e-10
63.0957344480193001	8.761006710675999e-10
64.565422903465489	8.761256591917385e-10
66.0693448007595947	8.761482428791589e-10
67.6082975391981051	8.761683995385254e-10
69.1830970918936004	8.761866126194701e-10
70.7945784384138079	8.762039743765976e-10
72.4435960074989964	8.762216133859696e-10
74.1310241300917028	8.762406584128263e-10
75.8577575029184032	8.762622384337568e-10
77.6247116628691032	8.76287482687472e-10
79.4328234724280975	8.76317520754176e-10
81.2830516164099066	8.763534826634465e-10
83.1763771102669978	8.763964990308174e-10
85.1138038202376066	8.764477012229282e-10
87.096358995608	8.765082215515648e-10
89.125093813374491	8.765791934964114e-10
91.2010839355909013	8.766617519566731e-10
93.325430079699089	8.767570335319728e-10
95.4992586021434988	8.768661768321409e-10
97.723722095580996	8.769903228167502e-10
100.	8.771306151640076e-10
102.329299228075399	8.772882006695825e-10
104.712854805089904	8.774642296757725e-10
107.151930523760697	8.776598565310015e-10
109.647819614318507	8.778762400803713e-10
112.2018454301963	8.781145441875049e-10
114.815362149688298	8.783759382883091e-10
117.489755493952899	8.786615979772038e-10
120.226443461741297	8.789727056262169e-10
123.026877081238112	8.79310451038043e-10
125.892541179416696	8.796760321334892e-10
128.824955169313313	8.800706556741874e-10
131.825673855640702	8.804955380217158e-10
134.896288259165317	8.809519059338396e-10
138.038426460288491	8.814409973990488e-10
141.253754462275396	8.81964062510827e-10
144.543977074592789	8.825223643824917e-10
147.9108388168207	8.831171801043657e-10
151.35612484362079	8.837498017447135e-10
154.881661891248115	8.844215373959541e-10
158.489319246111393	8.851337122679709e-10
162.1810097358929	8.858876698305154e-10
165.958690743756108	8.866847730066862e-10
169.824365246174381	8.875264054196258e-10
173.780082874937591	8.88413972694862e-10
177.827941003892306	8.89348903820884e-10
181.970085860998381	8.903326525706033e-10
186.208713666286684	8.913666989867147e-10
190.546071796324782	8.924525509339208e-10
194.984459975804498	8.935917457217696e-10
199.526231496887988	8.947858518012169e-10
204.173794466952899	8.960364705393101e-10
208.929613085403815	8.973452380757181e-10
213.796208950223189	8.987138272658463e-10
218.776162394955094	9.001439497151845e-10
223.872113856834005	9.016373579100612e-10
229.086765276777214	9.031958474502179e-10
234.422881531992204	9.048212593891859e-10
239.883291901948979	9.065154826887026e-10
245.470891568503106	9.082804567938782e-10
251.188643150957915	9.101181743365908e-10
257.039578276886402	9.12030683974513e-10
263.02679918953811	9.140200933745953e-10
269.15348039269162	9.160885723495062e-10
275.422870333816604	9.182383561569652e-10
281.838293126445478	9.204717489722773e-10
288.4031503126605	9.227911275450702e-10
295.120922666638705	9.251989450523319e-10
301.995172040201624	9.276977351605654e-10
309.0295432513592	9.302901163109062e-10
316.227766016837904	9.32978990311357e-10
323.593656929628366	9.3576898736548e-10
331.131121482591084	9.386656982887179e-10
338.84415613920271	9.416748961423278e-10
346.736850452531598	9.448025433910294e-10
354.81338923357572	9.480548058992502e-10
363.078054770101403	9.514380680297468e-10
371.535229097172419	9.549589489347809e-10
380.18939632056123	9.586243201403084e-10
389.04514499428052	9.624413245342254e-10
398.107170553497326	9.664173968822707e-10
407.380277804112609	9.705602860084144e-10
416.869383470335492	9.748780787926945e-10
426.579518801592485	9.79379226155735e-10
436.515832240166105	9.840725712194817e-10
446.683592150962966	9.88967379855099e-10
457.088189614875205	9.94073373853672e-10
467.735141287198132	9.994007669834348e-10
478.630092322638461	1.004960304228801e-9
489.778819368446079	1.010763304542162e-9
501.187233627272462	1.0168217074804103e-9
512.861383991364846	1.0231481241444218e-9
524.807460249772816	1.0297558928925084e-9
537.031796370252664	1.036659140359822e-9
549.540873857624888	1.0438728483843555e-9
562.341325190349039	1.0514129275204966e-9
575.439937337157289	1.0592962979117783e-9
588.843655355589021	1.0675409784009892e-9
602.559586074358094	1.0761661848766226e-9
616.59500186148216	1.085192438996944e-9
630.957344480193569	1.094641688596344e-9
645.6542290346556	1.1045374412694753e-9
660.693448007595748	1.1149049128520022e-9
676.082975391981904	1.12577119277682e-9
691.830970918936259	1.1371654285911371e-9
707.945784384138051	1.1491190322790454e-9
724.435960074989907	1.1616659114597543e-9
741.31024130091771	1.1748427290340876e-9
758.577575029183549	1.1886891954493208e-9
776.24711662869197	1.2032483984642193e-9
794.328234724281401	1.2185671761468832e-9
812.830516164099549	1.234696539859297e-9
831.76377110267083	1.2516921552118625e-9
851.13803820237672	1.2696146301348142e-9
870.963589956080455	1.2885196375958749e-9
891.250938133745876	1.3084534918887166e-9
912.010839355909638	1.3294654253813877e-9
933.254300796991515	1.351608816217382e-9
954.992586021435954	1.3749415430057746e-9
977.237220955811267	1.3995263813139289e-9
1000.	1.4254314472918447e-9
1023.29299228075479	1.4527306945899344e-9
1047.12854805089955	1.4815044717075458e-9
1071.51930523760711	1.5118401480584237e-9
1096.47819614318519	1.5438328183954708e-9
1122.01845430196431	1.5775860968431542e-9
1148.15362149688281	1.6132130136953781e-9
1174.89755493953044	1.650837030414955e-9
1202.26443461741314	1.6905931909974642e-9
1230.26877081238126	1.7326294311402906e-9
1258.92541179416753	1.7771080706113007e-9
1288.24955169313353	1.8242075190024123e-9
1318.25673855640775	1.8741242308786e-9
1348.96288259165317	1.9270749534526345e-9
1380.3842646028852	1.9832993186523055e-9
1412.53754462275401	2.043062842220827e-9
1445.43977074592817	2.106660405846105e-9
1479.10838816820728	2.174420314949739e-9
1513.56124843620887	2.2467090456096157e-9
1548.81661891248132	2.3239368203493044e-9
1584.89319246111404	2.4065641858168247e-9
1621.81009735892985	2.4951098078445272e-9
1659.58690743756119	2.5901597539337103e-9
1698.24365246174443	2.6923786037760945e-9
1737.80082874937625	2.8025228204112656e-9
1778.27941003892283	2.92145693548709e-9
1819.70085860998438	3.0501732622682207e-9
1862.08713666286758	3.1898160642450676e-9
1905.46071796324827	3.3417113964429472e-9
1949.84459975804566	3.5074042311733612e-9
1995.2623149688809	3.6887050244040816e-9
2041.73794466952972	3.8877472977396755e-9
2089.29613085404117	4.107054609377451e-9
2137.96208950223263	4.349635883689056e-9
2187.7616239495519	4.619108709681899e-9
2238.72113856833994	4.9198587162182275e-9
2290.86765276777214	5.25725120362138e-9
2344.22881531992289	5.637915993196609e-9
2398.83291901948996	6.070136565647199e-9
2454.70891568503112	6.564390466612114e-9
2511.88643150958023	7.134113575168104e-9
2570.39578276886505	7.796803169632347e-9
2630.26799189538133	8.575646749443747e-9
2691.53480392691699	9.501990135411633e-9
2754.22870333816627	1.0619189078874899e-8
2818.38293126445524	1.198882712303167e-8
2884.031503126605	1.3701157093243414e-8
2951.20922666638717	1.5893468866689127e-8
3019.95172040201624	1.878424643665849e-8
3090.295432513592	2.2741137240221047e-8
3162.2776601683795	2.842812892465967e-8
3235.93656929628469	3.716083391086907e-8
3311.31121482591106	5.189883233294088e-8
3388.44156139202778	8.065888317253976e-8
3467.36850452531644	1.5282786526915945e-7
3548.13389233575663	4.6710139678379514e-7
3630.7805477010138	0.00003203806694042862
3715.3522909717276	6.022481660045446e-7
3801.89396320561264	1.2912504889424373e-7
3890.45144994280508	5.599567059862144e-8
3981.07170553497326	3.316763350102587e-8
4073.8027780411262	2.3895753699821372e-8
4168.6938347033547	1.951459753489152e-8
4265.7951880159253	1.7140737213576218e-8
4365.15832240166128	1.567537263271078e-8
4466.83592150962977	1.4671308111293198e-8
4570.88189614875137	1.393203276623561e-8
4677.35141287198076	1.3362496807959905e-8
4786.30092322638484	1.2911856122529325e-8
4897.78819368446148	1.255025368068795e-8
5011.87233627272508	1.2258703390129335e-8
5128.61383991364892	1.2024330313255573e-8
5248.07460249772794	1.1837955002777628e-8
5370.31796370252687	1.1692776919377918e-8
5495.40873857624865	1.1583608542356345e-8
5623.41325190349107	1.1506403102975423e-8
5754.39937337157244	1.1457948054094465e-8
5888.43655355588999	1.1435656994329552e-8
6025.5958607435814	1.1437422749839699e-8
6165.95001861482251	1.1461509908910905e-8
6309.57344480193569	1.1506473595110738e-8
6456.542290346556	1.1571096087947726e-8
6606.93448007596453	1.1654335746388974e-8
6760.82975391981927	1.1755284427939656e-8
6918.30970918936328	1.1873144873685348e-8
7079.45784384138005	1.2007519186720528e-8
7244.35960074989907	1.2158394951802143e-8
7413.10241300917733	1.2325812699296508e-8
7585.77575029183572	1.250984148338998e-8
7762.47116628691947	1.271056842100495e-8
7943.28234724281356	1.292808685924692e-8
8128.30516164099481	1.316248285741162e-8
8317.63771102670944	1.3413819638493001e-8
8511.38038202376811	1.3682119636681494e-8
8709.63589956080432	1.396734374562343e-8
8912.50938133745876	1.4269367362292762e-8
9120.10839355909593	1.4587952829941294e-8
9332.54300796991447	1.4922717919562754e-8
9549.92586021435818	1.5273100063859166e-8
9772.37220955811244	1.5638316184777024e-8
10000.	1.6017318151765572e-8
10232.9299228075361	1.6408744191590997e-8
10471.2854805090083	1.6810866961204738e-8
10715.1930523760711	1.722153951072945e-8
10964.7819614318523	1.763814101679921e-8
11220.1845430196263	1.8057524959338666e-8
11481.536214968839	1.8475973331351782e-8
11748.9755493953016	1.8889166477859975e-8
12022.644346174131	1.929332461197093e-8
12302.6877081238108	1.968696273704274e-8
12589.2541179416621	2.0068978710313557e-8
12882.4955169313489	2.0438335750792384e-8
13182.5673855640744	2.0794076244340724e-8
13489.6288259165322	2.1135335180812994e-8
13803.842646028841	2.1461352965393218e-8
14125.3754462275538	2.177148734768782e-8
14454.3977074592804	2.2065224221497552e-8
14791.0838816820724	2.2342187065755468e-8
15135.6124843620728	2.2602144822781017e-8
15488.1661891248277	2.284501804326927e-8
15848.9319246111409	2.307088316751551e-8
16218.1009735892985	2.3279974858108474e-8
16595.8690743755942	2.3472686349218933e-8
16982.4365246174602	2.3649567830000072e-8
17378.0082874937616	2.3811322932630005e-8
17782.7941003892302	2.395880344716358e-8
18197.0085860998261	2.4093002433780726e-8
18620.8713666286894	2.4215045946254995e-8
19054.6071796324832	2.4326183617005425e-8
19498.4459975804493	2.442777838246706e-8
19952.6231496887849	2.4521295646725146e-8
20417.3794466953223	2.4608156644485586e-8
20892.9613085404053	2.468910894119881e-8
21379.6208950223227	2.476467745263519e-8
21877.6162394955209	2.483540647086664e-8
22387.2113856834258	2.4901857145983102e-8
22908.6765276777478	2.496460499117223e-8
23442.2881531992243	2.502423764385937e-8
23988.3291901949015	2.508135290704224e-8
24547.0891568502884	2.5136557089634204e-8
25118.8643150958196	2.5190463659895935e-8
25703.9578276886459	2.5243692222019576e-8
26302.6799189538106	2.529686782261887e-8
26915.3480392691417	2.535062059142597e-8
27542.28703338169	2.540558571881005e-8
28183.8293126445496	2.546240377190234e-8
28840.3150312660582	2.5521721351058518e-8
29512.0922666638398	2.5584192089151817e-8
30199.5172040201978	2.565047799772053e-8
30902.954325135921	2.5721251166311154e-8
31622.7766016837959	2.5797195824450323e-8
32359.3656929628123	2.587901077956108e-8
33113.1121482591479	2.5967412248893977e-8
33884.4156139202751	2.606313710916447e-8
34673.6850452531653	2.61669465942712e-8
35481.3389233575363	2.6279630479220817e-8
36307.8054770101808	2.6402011797505184e-8
37153.5229097172851	2.6534952149813814e-8
38018.9396320561282	2.6679357674401553e-8
38904.514499428049	2.6836185764112246e-8
39810.7170553497781	2.7006452632348068e-8
40738.0277804112993	2.719116592874897e-8
41686.9383470335524	2.7390826656002825e-8
42657.9518801592494	2.7605717929688922e-8
43651.5832240165619	2.7836159628888194e-8
44668.359215096345	2.8082511303036486e-8
45708.8189614875228	2.8345174016572606e-8
46773.514128719813	2.8624592460286044e-8
47863.0092322638084	2.8921257351628288e-8
48977.8819368446639	2.9235708149701874e-8
50118.7233627272508	2.956853611456806e-8
51286.1383991364855	2.992038774495099e-8
52480.7460249772266	3.0291968633517104e-8
53703.1796370253287	3.068404778467299e-8
54954.0873857624829	3.10974624465574e-8
56234.1325190349089	3.1533123516550256e-8
57543.9937337156734	3.1992021588553686e-8
58884.3655355589654	3.247523372060965e-8
60255.9586074358085	3.2983931013450646e-8
61659.5001861482233	3.351938710458932e-8
63095.7344480192987	3.408298769899583e-8
64565.422903465631	3.467624127668572e-8
66069.3448007596307	3.530079114026375e-8
67608.297539198189	3.595842899232639e-8
69183.0970918936218	3.665110136112909e-8
70794.5784384138824	3.738071711869963e-8
72443.596007499058	3.8149122496113066e-8
74131.0241300917696	3.895829936548147e-8
75857.7575029183645	3.98103858848836e-8
77624.7116628691147	4.0707689241534376e-8
79432.8234724282083	4.1652699756764655e-8
81283.0516164099536	4.2648106507668125e-8
83176.3771102670871	4.3696814641475135e-8
85113.8038202375901	4.4801964583140046e-8
87096.3589956081414	4.596695336466233e-8
89125.0938133745949	4.719545833707825e-8
91201.0839355909557	4.8491463563474096e-8
93325.4300796990428	4.9859289234810006e-8
95499.2586021436873	5.130362450079344e-8
97723.7220955811208	5.282956416676477e-8
100000.	5.444264977627496e-8
102329.299228075353	5.614891567928331e-8
104712.854805090057	5.795494078030955e-8
107151.930523760704	5.986790677184573e-8
109647.81961431852	6.189566378935678e-8
112201.845430196307	6.404680457930388e-8
114815.362149688401	6.633074845567393e-8
117489.755493953038	6.875783605493617e-8
120226.443461741321	7.133931925826993e-8
123026.877081238126	7.408726306041739e-8
125892.541179416876	7.70148076239925e-8
128824.955169313485	8.013630838605819e-8
131825.673855640722	8.346745625849066e-8
134896.288259165303	8.702540919451574e-8
138038.426460288378	9.08289357910533e-8
141253.754462275538	9.489857147562024e-8
144543.977074592782	9.925678763117366e-8
147910.838816820731	1.039281737166806e-7
151356.124843620695	1.0893963201129713e-7
154881.661891248281	1.1432058400243652e-7
158489.319246111409	1.2010318659716668e-7
162181.009735893022	1.263225551913127e-7
165958.690743755957	1.3301698909322568e-7
169824.365246174595	1.4022819275865447e-7
173780.082874937623	1.480014836146117e-7
177827.94100389228	1.5638597377035314e-7
181970.085860998253	1.6543470843997758e-7
186208.713666286902	1.7520473821319956e-7
190546.071796324832	1.8575709516527502e-7
194984.459975804522	1.9715663394407694e-7
199526.231496887864	2.0947168818078986e-7
204173.794466953142	2.2277605229056233e-7
208929.613085404068	2.3716221323927915e-7
213796.208950223256	2.5273762480159364e-7
218776.162394955201	2.696222766681561e-7
223872.113856834243	2.879503518360468e-7
229086.765276777471	3.0787213047500714e-7
234422.881531992229	3.2955617479438925e-7
239883.291901948949	3.531918390615917e-7
245470.891568502848	3.789921559664934e-7
251188.643150958233	4.0719715860153787e-7
257039.578276886459	4.380777065301334e-7
263026.799189538171	4.7193989481181736e-7
269153.480392691388	5.091301364671247e-7
275422.870333816914	5.500410216393247e-7
281838.293126445496	5.951180704585898e-7
288403.150312660553	6.448675109495922e-7
295120.922666638449	6.998652275461361e-7
301995.172040201898	7.607670387275356e-7
309029.543251359195	8.283204721308992e-7
316227.766016838024	9.033782093857734e-7
323593.656929628109	9.869133666192334e-7
331131.121482591436	1.0800367538179103e-6
338844.156139202823	1.1840162079425343e-6
346736.850452531653	1.3002980079063824e-6
354813.389233575319	1.430530236047913e-6
363078.054770101735	1.5765877253731198e-6
371535.229097172792	1.7405978904634108e-6
380189.396320561296	1.9249662372733956e-6
389045.144994280476	2.1323996248359402e-6
398107.170553497737	2.365924338270275e-6
407380.277804112993	2.6289233464871288e-6
416869.38347033551	2.925379125718411e-6
426579.518801592465	3.259931733753384e-6
436515.832240165735	3.6378955306428968e-6
446683.592150963494	4.065357434435271e-6
457088.189614875184	4.549289847399455e-6
467735.141287198057	5.097680016227013e-6
478630.092322638026	5.719678520746768e-6
489778.819368446653	6.425770310650952e-6
501187.233627272479	7.227972762182132e-6
512861.383991364855	8.140066770853612e-6
524807.460249772295	9.177869173498706e-6
537031.7963702532	0.000010359558155251522
549540.873857624829	0.000011706068256671178
562341.325190349016	0.000013241578898566908
575439.937337156618	0.000014994131077953686
588843.655355589581	0.00001699642267056034
602559.586074358085	0.00001928685602575024
616595.00186148216	0.000021910945974189225
630957.344480192987	0.000024923247829180258
645654.22903465631	0.000028390042893442322
660693.448007596424	0.00003239313909570635
676082.97539198189	0.00003703533359142012
691830.970918936306	0.00004244786879237572
707945.784384138766	0.00004878699454473221
724435.960074990638	0.00005623197203165639
741310.241300917696	0.0000649991887071485
758577.575029183528	0.00007535094341339066
776247.116628691205	0.00008760568342932988
794328.234724282171	0.00010215057299558223
812830.516164099565	0.00011945692951049343
831763.771102670813	0.00014009919747022675
851138.038202375872	0.00016477831185473797
870963.589956081472	0.0001943505607946894
891250.93813374592	0.00022986344239387763
912010.839355909615	0.0002726006106440007
933254.300796990399	0.0003241389737799175
954992.586021436728	0.00038642261054012435
977237.220955811208	0.0004618608640858955
1.e6	0.0005534625547375522
1.02329299228075368e6	0.0006477175916843142
1.04712854805090069e6	0.0007617786664273514
1.0715193052376071e6	0.0009007234554675007
1.09647819614318525e6	0.0010712077557741427
1.12201845430196286e6	0.0012820567040692247
1.14815362149688415e6	0.0015451214371850442
1.17489755493953032e6	0.0018765432135269956
1.20226443461741321e6	0.002298657121676491
1.23026877081238106e6	0.0028429251464368397
1.25892541179416888e6	0.0035545732150982674
1.28824955169313494e6	0.004500140677752079
1.31825673855640762e6	0.005780193587619066
1.34896288259165315e6	0.0075515905329495
1.38038426460288651e6	0.010068321423141758
1.41253754462275538e6	0.013760659633150466
1.44543977074592793e6	0.019399223140157813
1.47910838816820737e6	0.02846468375644069
1.51356124843620718e6	0.044075299544948
1.54881661891248287e6	0.07367319959816274
1.58489319246111414e6	0.1385643893692409
1.62181009735893016e6	0.32055298327981224
1.65958690743755968e6	1.1811304078483849
1.69824365246174601e6	47.808323680900685
1.73780082874937658e6	3.1477334589230623
1.77827941003892291e6	0.6853686178589256
1.8197008586099823e6	0.31158212737070845
1.86208713666286925e6	0.186185713350681
1.90546071796324849e6	0.12854227717811095
1.94984459975804528e6	0.09708189644029665
1.99526231496887887e6	0.07796883772159581
2.04173794466953189e6	0.06549214795507285
2.08929613085404062e6	0.056932231695396567
2.13796208950223262e6	0.050854554013629705
2.18776162394955196e6	0.04644214157831399
2.2387211385683422e6	0.04320135718236362
2.29086765276777465e6	0.04081976203669867
2.34422881531992275e6	0.039092269619797955
2.39883291901949002e6	0.03788044164971034
2.45470891568503343e6	0.037088925690254515
2.51188643150958186e6	0.03665124351295803
2.57039578276886465e6	0.03652091613409715
2.63026799189538136e6	0.036665755072985126
2.691534803926914e6	0.037064095987864566
2.75422870333816903e6	0.037702258453973785
2.81838293126445496e6	0.038572798221125734
2.88403150312660588e6	0.03967328068125599
2.95120922666638391e6	0.041005400051091344
3.0199517204020191e6	0.04257432635273358
3.09029543251359183e6	0.044388197221814814
3.16227766016837954e6	0.046457692654135394
3.23593656929628085e6	0.04879564316177762
3.31131121482591424e6	0.05141662849193973
3.38844156139202788e6	0.05433652705680673
3.46736850452531688e6	0.0575719769047565
3.54813389233575296e6	0.061139708536380434
3.63078054770101746e6	0.06505570930103537
3.71535229097172804e6	0.06933417970306675
3.80189396320561273e6	0.0739862453115666
3.89045144994280441e6	0.07901839593467011
3.98107170553497784e6	0.08443063856398653
4.07380277804112947e6	0.0902179940733937
4.16869383470335463e6	0.09639535733243684
4.2657951880159257e6	0.10299026259208974
4.36515832240166608e6	0.11003264507660447
4.46683592150963564e6	0.11755503903225568
4.57088189614875149e6	0.12559286737779768
4.67735141287198104e6	0.1341847696077766
4.78630092322638072e6	0.14337297362151066
4.89778819368446618e6	0.1532037180967814
5.0118723362727249e6	0.16372773318016942
5.12861383991364762e6	0.1750007886322663
5.24807460249772295e6	0.18708432021504928
5.37031796370253246e6	0.20004614708551613
5.49540873857624829e6	0.2139612953536067
5.6234132519034911e6	0.2289129459084464
5.75439937337156571e6	0.24499352807573674
5.88843655355589651e6	0.26230598510663283
6.02559586074358039e6	0.28096524274856643
6.165950018614823e6	0.3010999186999634
6.30957344480193034e6	0.3228543189101117
6.45654229034656193e6	0.34639077672313573
6.6069344800759647e6	0.37189240352802
6.76082975391981844e6	0.3995663353296388
6.91830970918936282e6	0.42964691064700894
7.07945784384138789e6	0.46238338379337435
7.24435960074990615e6	0.4980366219175794
7.41310241300917696e6	0.5368942732028328
7.58577575029183552e6	0.5792744222031806
7.76247116628692765e6	0.6255289221495749
7.94328234724282194e6	0.6760470841215497
8.12830516164099518e6	0.7312597559180392
8.31763771102670953e6	0.7916438243197609
8.51138038202375919e6	0.8577271752861568
8.70963589956081286e6	0.9300941459876529
8.91250938133745827e6	1.0093915013381207
9.12010839355909638e6	1.0963349641697353
9.33254300796990283e6	1.1917163232926218
9.54992586021436937e6	1.2964111352219434
9.77237220955811255e6	1.4113870241174238
1.e7	1.5377125674858392
1.02329299228075352e7	1.6765667342160837
1.04712854805090074e7	1.8292488114274288
1.0715193052376071e7	1.9971887193691356
1.09647819614318498e7	2.1819575648588883
1.122018454301963e7	2.38527822271445
1.14815362149688415e7	2.6090356586514987
1.17489755493953042e7	2.8552868007778986
1.20226443461741321e7	3.1263159410583103
1.23026877081238106e7	3.4247370630249785
1.25892541179416869e7	3.7534645981123744
1.28824955169313494e7	4.11573416715299
1.31825673855640739e7	4.515138328846436
1.34896288259165324e7	4.955666165111288
1.38038426460288688e7	5.441747059716792
1.41253754462275542e7	5.978299041605082
1.44543977074592803e7	6.570782076497801
1.47910838816820718e7	7.22525669712979
1.51356124843620732e7	7.948448359053468
1.54881661891248282e7	8.747817895104324
1.584893192461114e7	9.631638410397944
1.62181009735893011e7	10.609078914828224
1.65958690743755978e7	11.690294909807077
1.69824365246174596e7	12.886526047645127
1.73780082874937616e7	14.210200830708896
1.77827941003892273e7	15.675048129239595
1.81970085860998221e7	17.29621504699983
1.86208713666286916e7	19.09039034394995
1.90546071796324849e7	21.075932222715014
1.94984459975804575e7	23.272998795822623
1.99526231496887878e7	25.703678944281723
2.04173794466953166e7	28.3923556803926
2.08929613085404076e7	31.367183138208357
2.13796208950223215e7	34.66015324846059
2.18776162394955196e7	38.30727632439798
2.23872113856834248e7	42.349191394803704
2.29086765276777484e7	46.83189089230949
2.34422881531992294e7	51.807584509173005
2.39883291901948936e7	57.335733580343025
2.45470891568503343e7	63.48429549792014
2.51188643150958233e7	70.33122809432821
2.57039578276886493e7	77.96631752288116
2.63026799189538099e7	86.49341106045979
2.69153480392691344e7	96.03315979613843
2.75422870333816893e7	106.72640760552564
2.81838293126445487e7	118.73840500871873
2.88403150312660597e7	132.26408370865752
2.95120922666638382e7	147.53470585042345
3.0199517204020191e7	164.82631029943153
3.09029543251359202e7	184.47052938817146
3.16227766016837917e7	206.8685633645031
3.23593656929628104e7	232.50940568666113
3.3113112148259148e7	261.99385605971804
3.38844156139202714e7	296.066511359352
3.46736850452531651e7	335.6588998721176
3.54813389233575314e7	381.9484087010189
3.63078054770101756e7	436.43994947914655
3.71535229097172767e7	501.080936482033
3.80189396320561245e7	578.4260076992766
3.89045144994280487e7	671.8776143204993
3.98107170553497672e7	786.0450826550391
4.0738027780411303e7	927.2514469795509
4.16869383470335528e7	1103.9879206699093
4.26579518801592588e7	1327.9613727683748
4.3651583224016659e7	1615.8182848295949
4.4668359215096347e7	1991.7742874260623
4.57088189614875242e7	2491.989809152112
4.67735141287198141e7	3172.1328339869906
4.78630092322638035e7	4121.040538937711
4.89778819368446544e7	5486.728359645412
5.01187233627272472e7	7529.152186133511
5.12861383991364762e7	10735.982133941761
5.24807460249772295e7	16103.299424520434
5.37031796370253265e7	25911.982797771034
5.49540873857624829e7	46307.63421458427
5.62341325190349072e7	98621.46401619367
5.75439937337156758e7	300675.59843701276
5.88843655355589613e7	3.137675093628664e6
6.02559586074358076e7	2.834691929284501e6
6.16595001861482263e7	366093.5453328727
6.30957344480192959e7	146466.02375280866
6.45654229034656137e7	82770.90091293899
6.60693448007596433e7	55550.794364253
6.760829753919819e7	41389.14548453573
6.91830970918936282e7	33116.452232383504
7.07945784384138882e7	27928.309241790543
7.24435960074990541e7	24542.600138836086
7.41310241300917715e7	22308.24533514352
7.58577575029183626e7	20871.312507034767
7.76247116628692746e7	20033.375963597897
7.94328234724282026e7	19686.252186647638
8.12830516164099574e7	19781.00447342312
8.31763771102670878e7	20314.581486798208
8.51138038202377707e7	21327.66386956722
8.70963589956081361e7	22912.453242406136
8.91250938133745938e7	25233.2650789036
9.12010839355909526e7	28568.682886588536
9.33254300796990544e7	33396.20707085648
9.54992586021436751e7	40570.4209226641
9.77237220955811143e7	51730.23047154189
1.e8	70343.85379605643