1.	1.989706225906289e-10
1.02329299228069992	1.9891204434380703e-10
1.04712854805080013	1.9885524943050038e-10
1.07151930523759997	1.9880021751460844e-10
1.09647819614309983	1.9874692839522327e-10
1.12201845430189984	1.9869536200314106e-10
1.1481536214968	1.9864549839744217e-10
1.17489755493949999	1.9859731776211767e-10
1.20226443461740007	1.985508004027608e-10
1.23026877081229991	1.9850592674330962e-10
1.2589254117941	1.9846267732283988e-10
1.28824955169310007	1.9842103279241866e-10
1.31825673855639991	1.983809739120037e-10
1.34896288259160002	1.9834248154739588e-10
1.38038426460280017	1.9830553666724123e-10
1.41253754462269998	1.9827012034008295e-10
1.44543977074589991	1.982362137314606e-10
1.47910838816820012	1.9820379810105896e-10
1.51356124843619999	1.9817285479989837e-10
1.54881661891239997	1.981433652675781e-10
1.58489319246110005	1.9811531102955819e-10
1.62181009735890003	1.9808867369449008e-10
1.65958690743750004	1.9806343495158898e-10
1.69824365246169995	1.980395765680477e-10
1.73780082874929986	1.9801708038649766e-10
1.77827941003889989	1.979959283225062e-10
1.81970085860989994	1.9797610236211564e-10
1.86208713666279979	1.979575845594265e-10
1.90546071796320016	1.9794035703421618e-10
1.94984459975800006	1.9792440196959984e-10
1.99526231496880002	1.9790970160972863e-10
2.04173794466949987	1.978962382575231e-10
2.08929613085400012	1.978839942724521e-10
2.13796208950220024	1.9787295206833976e-10
2.18776162394950013	1.9786309411121605e-10
2.23872113856829991	1.9785440291719848e-10
2.29086765276769988	1.9784686105041145e-10
2.3442288153198998	1.978404511209461e-10
2.39883291901940021	1.9783515578284243e-10
2.45470891568499994	1.9783095773212053e-10
2.5118864315095002	1.9782783970483458e-10
2.57039578276879999	1.9782578447516726e-10
2.63026799189530003	1.978247748535545e-10
2.69153480392690003	1.9782479368484505e-10
2.7542287033381001	1.9782582384649177e-10
2.81838293126439998	1.9782784824677458e-10
2.88403150312659973	1.9783084982305647e-10
2.95120922666629992	1.978348115400748e-10
3.01995172040200011	1.9783971638825682e-10
3.09029543251349992	1.9784554738207182e-10
3.16227766016830003	1.9785228755841542e-10
3.2359365692962001	1.9785991997502024e-10
3.31131121482590007	1.9786842770890026e-10
3.38844156139199981	1.978777938548251e-10
3.46736850452530021	1.9788800152382536e-10
3.54813389233569998	1.978990338417253e-10
3.63078054770100023	1.9791087394770887e-10
3.71535229097170028	1.9792350499291486e-10
3.80189396320559991	1.9793691013905793e-10
3.89045144994280001	1.979510725570852e-10
3.98107170553489986	1.9796597542585667e-10
4.07380277804109969	1.979816019308592e-10
4.16869383470329957	1.9799793526294535e-10
4.26579518801589952	1.980149586171058e-10
4.36515832240160062	1.9803265519126797e-10
4.46683592150959985	1.9805100818512231e-10
4.57088189614870011	1.9807000079898044e-10
4.67735141287190004	1.9808961623266135e-10
4.78630092322630052	1.9810983768440405e-10
4.89778819368440033	1.9813064834980962e-10
5.01187233627270068	1.9815203142081482e-10
5.12861383991360054	1.9817397008469074e-10
5.24807460249770052	1.9819644752306908e-10
5.37031796370250003	1.9821944691100267e-10
5.4954087385761996	1.9824295141604766e-10
5.62341325190339969	1.98266944197378e-10
5.7543993733715002	1.9829140840492733e-10
5.88843655355579987	1.9831632717856058e-10
6.02559586074349962	1.9834168364727134e-10
6.16595001861479997	1.9836746092841097e-10
6.30957344480189963	1.9839364212694283e-10
6.4565422903465004	1.984202103347289e-10
6.60693448007589978	1.9844714862984066e-10
6.76082975391980057	1.9847444007590278e-10
6.91830970918929999	1.9850206772146178e-10
7.07945784384129961	1.9853001459938596e-10
7.24435960074980034	1.9855826372629422e-10
7.41310241300910011	1.9858679810201113e-10
7.58577575029180018	1.986156007090532e-10
7.76247116628690037	1.9864465451214248e-10
7.9432823472427998	1.9867394245775173e-10
8.128305161640899	1.9870344747367596e-10
8.31763771102670013	1.987331524686336e-10
8.51138038202370062	1.9876304033189897e-10
8.70963589956079964	1.9879309393296222e-10
8.91250938133740078	1.9882329612121642e-10
9.12010839355899883	1.9885362972568218e-10
9.33254300796989966	1.9888407755475156e-10
9.54992586021429979	1.989146223959687e-10
9.7723722095580996	1.9894524701583748e-10
10.	1.9897593415966011e-10
10.2329299228075001	1.9900666655140598e-10
10.4712854805089002	1.9903742689360796e-10
10.7151930523760015	1.9906819786729125e-10
10.9647819614318003	1.9909896213193378e-10
11.2201845430195988	1.9912970232545267e-10
11.4815362149688003	1.9916040106422507e-10
11.7489755493951993	1.9919104094313892e-10
12.0226443461741006	1.992216045356702e-10
12.3026877081238002	1.9925207439399885e-10
12.5892541179416	1.992824330491471e-10
12.8824955169313	1.993126630111548e-10
13.1825673855640009	1.9934274676928394e-10
13.4896288259164994	1.9937266679225186e-10
13.8038426460287997	1.994024055284998e-10
14.1253754462274994	1.9943194540649122e-10
14.4543977074591989	1.9946126883503814e-10
14.7910838816820007	1.9949035820366574e-10
15.1356124843619995	1.9951919588300252e-10
15.4881661891248008	1.9954776422520548e-10
15.8489319246110991	1.995760455644157e-10
16.2181009735892978	1.9960402221724472e-10
16.5958690743755994	1.9963167648329637e-10
16.9824365246174018	1.9965899064571772e-10
17.3780082874936994	1.9968594697178167e-10
17.7827941003892	1.9971252771350278e-10
18.1970085860998019	1.9973871510828734e-10
18.6208713666285988	1.9976449137961048e-10
19.0546071796324021	1.9978983873772937e-10
19.4984459975804008	1.998147393804297e-10
19.9526231496887974	1.9983917549379968e-10
20.4173794466952003	1.998631292530415e-10
20.8929613085403005	1.998865828233118e-10
21.3796208950223026	1.9990951836059577e-10
21.8776162394954987	1.9993191801261371e-10
22.3872113856834005	1.9995376391976156e-10
22.9086765276776987	1.9997503821607838e-10
23.4422881531991969	1.9999572303025312e-10
23.9883291901949001	2.0001580048666003e-10
24.5470891568503014	2.0003525270642575e-10
25.1188643150958022	2.0005406180853183e-10
25.7039578276886012	2.000722099109453e-10
26.3026799189537996	2.0008967913178694e-10
26.9153480392691016	2.0010645159052522e-10
27.5422870333816014	2.001225094092082e-10
28.1838293126445016	2.0013783471372493e-10
28.8403150312659982	2.0015240963509608e-10
29.5120922666637995	2.0016621631080172e-10
30.1995172040201005	2.0017923688613923e-10
30.9029543251359016	2.0019145351560824e-10
31.6227766016837002	2.00202848364334e-10
32.3593656929627969	2.0021340360951704e-10
33.1131121482590984	2.0022310144191577e-10
33.8844156139201971	2.0023192406736062e-10
34.6736850452531016	2.0023985370829967e-10
35.4813389233575052	2.0024687260537098e-10
36.3078054770100991	2.002529630190115e-10
37.1535229097171964	2.0025810723109055e-10
38.018939632056096	2.0026228754657709e-10
38.9045144994280037	2.002654862952355e-10
39.8107170553496985	2.0026768583335254e-10
40.7380277804111941	2.0026886854548753e-10
41.6869383470334966	2.0026901684626305e-10
42.657951880159203	2.0026811318217202e-10
43.6515832240165977	2.0026614003342173e-10
44.6683592150963022	2.0026307991580347e-10
45.708818961487502	2.0025891538258842e-10
46.7735141287198033	2.0025362902645474e-10
47.8630092322638063	2.0024720348143657e-10
48.9778819368446037	2.002396214249053e-10
50.1187233627272022	2.0023086557957699e-10
51.2861383991363979	2.0022091871553753e-10
52.4807460249772006	2.002097636523065e-10
53.703179637025201	2.0019738326091646e-10
54.9540873857623993	2.0018376046602e-10
56.2341325190349011	2.0016887824802347e-10
57.5439937337155953	2.001527196452393e-10
58.8843655355588993	2.001352677560686e-10
60.2559586074356943	2.0011650574120105e-10
61.6595001861482004	2.000964168258404e-10
63.0957344480193001	2.000749843019491e-10
64.565422903465489	2.0005219153051893e-10
66.0693448007595947	2.0002802194385588e-10
67.6082975391981051	2.000024607858423e-10
69.1830970918936004	1.9997555054925723e-10
70.7945784384138079	1.9994740249379643e-10
72.4435960074989964	1.9991813188433285e-10
74.1310241300917028	1.9988785389295413e-10
75.8577575029184032	1.9985668358679665e-10
77.6247116628691032	1.9982473591721913e-10
79.4328234724280975	1.9979212571031146e-10
81.2830516164099066	1.99758967658736e-10
83.1763771102669978	1.997253763149013e-10
85.1138038202376066	1.996914660854597e-10
87.096358995608	1.9965735122712672e-10
89.125093813374491	1.9962314584382057e-10
91.2010839355909013	1.9958896388511162e-10
93.325430079699089	1.9955491914598332e-10
95.4992586021434988	1.9952112526789673e-10
97.723722095580996	1.9948769574115178e-10
100.	1.994547439085472e-10
102.329299228075399	1.994223829703309e-10
104.712854805089904	1.9939072599043134e-10
107.151930523760697	1.9935988590397976e-10
109.647819614318507	1.993299755261058e-10
112.2018454301963	1.9930110756201318e-10
114.815362149688298	1.9927339461832098e-10
117.489755493952899	1.9924694921569006e-10
120.226443461741297	1.9922188380270407e-10
123.026877081238112	1.991983107710286e-10
125.892541179416696	1.9917634247183786e-10
128.824955169313313	1.9915609123350746e-10
131.825673855640702	1.9913766938057785e-10
134.896288259165317	1.9912118925399482e-10
138.038426460288491	1.9910676323262012e-10
141.253754462275396	1.9909450375602868e-10
144.543977074592789	1.9908452334858208e-10
147.9108388168207	1.9907693464480233e-10
151.35612484362079	1.9907185041604283e-10
154.881661891248115	1.990693835984625e-10
158.489319246111393	1.990696473223234e-10
162.1810097358929	1.9907275494261888e-10
165.958690743756108	1.990788200710371e-10
169.824365246174381	1.9908795660929327e-10
173.780082874937591	1.9910027878382268e-10
177.827941003892306	1.991159011818776e-10
181.970085860998381	1.9913493878902405e-10
186.208713666286684	1.9915750702807888e-10
190.546071796324782	1.9918372179949798e-10
194.984459975804498	1.9921369952324873e-10
199.526231496887988	1.9924755718218577e-10
204.173794466952899	1.992854123669729e-10
208.929613085403815	1.993273833225677e-10
213.796208950223189	1.993735889963127e-10
218.776162394955094	1.9942414908767091e-10
223.872113856834005	1.9947918409963668e-10
229.086765276777214	1.995388153918733e-10
234.422881531992204	1.9960316523561503e-10
239.883291901948979	1.996723568703898e-10
245.470891568503106	1.9974651456260084e-10
251.188643150957915	1.9982576366603718e-10
257.039578276886402	1.9991023068435664e-10
263.02679918953811	2.0000004333561167e-10
269.15348039269162	2.000953306188803e-10
275.422870333816604	2.001962228830694e-10
281.838293126445478	2.0030285189796318e-10
288.4031503126605	2.0041535092759918e-10
295.120922666638705	2.005338548060464e-10
301.995172040201624	2.0065850001567745e-10
309.0295432513592	2.0078942476802201e-10
316.227766016837904	2.0092677100940006e-10
323.593656929628366	2.0107069866905836e-10
331.131121482591084	2.012213778010825e-10
338.84415613920271	2.0137898080238483e-10
346.736850452531598	2.0154368247146793e-10
354.81338923357572	2.0171566012972408e-10
363.078054770101403	2.0189509374759315e-10
371.535229097172419	2.0208216607576322e-10
380.18939632056123	2.0227706278163793e-10
389.04514499428052	2.0247997259127986e-10
398.107170553497326	2.0269108743707837e-10
407.380277804112609	2.029106026113863e-10
416.869383470335492	2.0313871692639565e-10
426.579518801592485	2.0337563288054295e-10
436.515832240166105	2.0362155683173735e-10
446.683592150962966	2.0387669917774577e-10
457.088189614875205	2.0414127454407195e-10
467.735141287198132	2.0441550197969515e-10
478.630092322638461	2.0469960516106346e-10
489.778819368446079	2.0499381260474475e-10
501.187233627272462	2.0529835788919037e-10
512.861383991364846	2.0561347988606618e-10
524.807460249772816	2.059394230016588e-10
537.031796370252664	2.0627643742888898e-10
549.540873857624888	2.0662477941049386e-10
562.341325190349039	2.0698471151398545e-10
575.439937337157289	2.0735650291902786e-10
588.843655355589021	2.077404297179203e-10
602.559586074358094	2.0813677522991394e-10
616.59500186148216	2.0854583033015022e-10
630.957344480193569	2.089678937940454e-10
645.6542290346556	2.094032726580229e-10
660.693448007595748	2.0985228259752988e-10
676.082975391981904	2.1031524832337018e-10
691.830970918936259	2.107925039974269e-10
707.945784384138051	2.1128439366894692e-10
724.435960074989907	2.1179127173262665e-10
741.31024130091771	2.1231350340983594e-10
758.577575029183549	2.128514652544032e-10
776.24711662869197	2.1340554568449984e-10
794.328234724281401	2.1397614554226085e-10
812.830516164099549	2.1456367868290852e-10
831.76377110267083	2.151685725952685e-10
851.13803820237672	2.1579127191921976e-10
870.963589956080455	2.1643235163502414e-10
891.250938133745876	2.1709255754363348e-10
912.010839355909638	2.1777266843349489e-10
933.254300796991515	2.184734871406521e-10
954.992586021435954	2.1919584193755577e-10
977.237220955811267	2.19940588014088e-10
1000.	2.207086090572917e-10
1023.29299228075479	2.2150081893683923e-10
1047.12854805089955	2.2231816350393685e-10
1071.51930523760711	2.2316162251203607e-10
1096.47819614318519	2.2403221166851498e-10
1122.01845430196431	2.249309848273136e-10
1148.15362149688281	2.2585903633346269e-10
1174.89755493953044	2.2681750353146593e-10
1202.26443461741314	2.2780756945063962e-10
1230.26877081238126	2.2883046568177757e-10
1258.92541179416753	2.2988747546090673e-10
1288.24955169313353	2.3097993697745216e-10
1318.25673855640775	2.321092469258604e-10
1348.96288259165317	2.332768643216409e-10
1380.3842646028852	2.3448431460492974e-10
1412.53754462275401	2.3573319405705845e-10
1445.43977074592817	2.370251745582814e-10
1479.10838816820728	2.3836200871778056e-10
1513.56124843620887	2.3974553541041433e-10
1548.81661891248132	2.4117768575840914e-10
1584.89319246111404	2.4266048960039936e-10
1621.81009735892985	2.441960824949505e-10
1659.58690743756119	2.457867133110242e-10
1698.24365246174443	2.4743475246386985e-10
1737.80082874937625	2.491427008616216e-10
1778.27941003892283	2.50913199635589e-10
1819.70085860998438	2.52749040735979e-10
1862.08713666286758	2.546531784847235e-10
1905.46071796324827	2.5662874218841896e-10
1949.84459975804566	2.586790499273082e-10
1995.2623149688809	2.6080762365102276e-10
2041.73794466952972	2.630181550804105e-10
2089.29613085404117	2.6531428858190696e-10
2137.96208950223263	2.676998019078373e-10
2187.7616239495519	2.7017871405094053e-10
2238.72113856833994	2.7275530453648745e-10
2290.86765276777214	2.754341345239422e-10
2344.22881531992289	2.782200700113834e-10
2398.83291901948996	2.811183073900462e-10
2454.70891568503112	2.841344016302789e-10
2511.88643150958023	2.8727429741944817e-10
2570.39578276886505	2.905443636178358e-10
2630.26799189538133	2.9395143145147095e-10
2691.53480392691699	2.9750283692250513e-10
2754.22870333816627	3.0120646798978054e-10
2818.38293126445524	3.0507081715669847e-10
2884.031503126605	3.0910504020270217e-10
2951.20922666638717	3.13319021911674e-10
3019.95172040201624	3.1772344978882134e-10
3090.295432513592	3.2232989692165907e-10
3162.2776601683795	3.2715091533589085e-10
3235.93656929628469	3.322001414301001e-10
3311.31121482591106	3.3749241535250627e-10
3388.44156139202778	3.4304391651912025e-10
3467.36850452531644	3.4887231787843724e-10
3548.13389233575663	3.549969620199389e-10
3630.7805477010138	3.614390628228799e-10
3715.3522909717276	3.6822193707481013e-10
3801.89396320561264	3.7537127138993763e-10
3890.45144994280508	3.8291543086960517e-10
3981.07170553497326	3.908858173274964e-10
4073.8027780411262	3.9931664092326627e-10
4168.6938347033547	4.082408553598692e-10
4265.7951880159253	4.1769242066670867e-10
4365.15832240166128	4.2770869000351347e-10
4466.83592150962977	4.3833083185734613e-10
4570.88189614875137	4.4960430350398444e-10
4677.35141287198076	4.615793976013608e-10
4786.30092322638484	4.743118752915833e-10
4897.78819368446148	4.878637020669612e-10
5011.87233627272508	5.023039062497232e-10
5128.61383991364892	5.177095844479345e-10
5248.07460249772794	5.341670840504372e-10
5370.31796370252687	5.517734000693102e-10
5495.40873857624865	5.706378329100217e-10
5623.41325190349107	5.908839655973066e-10
5754.39937337157244	6.126520344967567e-10
5888.43655355588999	6.361017878712511e-10
6025.5958607435814	6.614159533998789e-10
6165.95001861482251	6.888044714578499e-10
6309.57344480193569	7.185096989116819e-10
6456.542290346556	7.50812853319697e-10
6606.93448007596453	7.860420568771844e-10
6760.82975391981927	8.245824637457111e-10
6918.30970918936328	8.668891560692099e-10
7079.45784384138005	9.135043799939521e-10
7244.35960074989907	9.650795940603537e-10
7413.10241300917733	1.0224036726131472e-9
7585.77575029183572	1.0864411369329631e-9
7762.47116628691947	1.1583840119763144e-9
7943.28234724281356	1.2397233110526928e-9
8128.30516164099481	1.3323494479000214e-9
8317.63771102670944	1.438696298526315e-9
8511.38038202376811	1.5619529041955255e-9
8709.63589956080432	1.7063832127623877e-9
8912.50938133745876	1.8778244685103684e-9
9120.10839355909593	2.0844930878081385e-9
9332.54300796991447	2.3383451293620604e-9
9549.92586021435818	2.657493923391398e-9
9772.37220955811244	3.070780849105857e-9
10000.	3.627100199348138e-9
10232.9299228075361	4.4163317033098105e-9
10471.2854805090083	5.622524872779127e-9
10715.1930523760711	7.68371621664923e-9
10964.7819614318523	1.1905405335024119e-8
11220.1845430196263	2.40055859176615e-8
11481.536214968839	1.0658241910504642e-7
11748.9755493953016	7.43619481740001e-7
12022.644346174131	4.3540406458919806e-8
12302.6877081238108	1.762205350285633e-8
12589.2541179416621	1.0689047094532547e-8
12882.4955169313489	7.68552736201129e-9
13182.5673855640744	6.046559412862765e-9
13489.6288259165322	5.0231224336322834e-9
13803.842646028841	4.325799817759827e-9
14125.3754462275538	3.821164997749533e-9
14454.3977074592804	3.4396836049516667e-9
14791.0838816820724	3.141700188322995e-9
15135.6124843620728	2.902985776364775e-9
15488.1661891248277	2.7079118196322387e-9
15848.9319246111409	2.545947573243254e-9
16218.1009735892985	2.4097387839296385e-9
16595.8690743755942	2.2939943425067805e-9
16982.4365246174602	2.194810854471577e-9
17378.0082874937616	2.1092466437832307e-9
17782.7941003892302	2.035043975685543e-9
18197.0085860998261	1.9704426312097272e-9
18620.8713666286894	1.9140516050054706e-9
19054.6071796324832	1.8647588340169636e-9
19498.4459975804493	1.8216664352438495e-9
19952.6231496887849	1.7840434372820983e-9
20417.3794466953223	1.7512842640611592e-9
20892.9613085404053	1.7228555394894277e-9
21379.6208950223227	1.6983027036596826e-9
21877.6162394955209	1.677245267567881e-9
22387.2113856834258	1.6593630651790658e-9
22908.6765276777478	1.644385491430197e-9
23442.2881531992243	1.6320830001043808e-9
23988.3291901949015	1.622260324838233e-9
24547.0891568502884	1.6147510270430585e-9
25118.8643150958196	1.6094130747958982e-9
25703.9578276886459	1.6061252291866566e-9
26302.6799189538106	1.6047840675087924e-9
26915.3480392691417	1.6053015117116213e-9
27542.28703338169	1.6076027595924973e-9
28183.8293126445496	1.6116245380193109e-9
28840.3150312660582	1.617313613959192e-9
29512.0922666638398	1.6246255116191027e-9
30199.5172040201978	1.6335233935661667e-9
30902.954325135921	1.6439770710089626e-9
31622.7766016837959	1.6559621140137192e-9
32359.3656929628123	1.6694590366930167e-9
33113.1121482591479	1.6844525356328882e-9
33884.4156139202751	1.7009307622399926e-9
34673.6850452531653	1.71888461146662e-9
35481.3389233575363	1.7383070106441016e-9
36307.8054770101808	1.7591921930374728e-9
37153.5229097172851	1.7815349413228957e-9
38018.9396320561282	1.8053297865737688e-9
38904.514499428049	1.8305701486093475e-9
39810.7170553497781	1.8572474038035998e-9
40738.0277804112993	1.8853554467401143e-9
41686.9383470335524	1.914928093535803e-9
42657.9518801592494	1.946020747786409e-9
43651.5832240165619	1.9786925779284203e-9
44668.359215096345	2.013006550470126e-9
45708.8189614875228	2.0490295586010416e-9
46773.514128719813	2.0868325491985235e-9
47863.0092322638084	2.126490645215029e-9
48977.8819368446639	2.1680832597438543e-9
50118.7233627272508	2.2116941972317643e-9
51286.1383991364855	2.2574117363092755e-9
52480.7460249772266	2.305328687513667e-9
53703.1796370253287	2.355542417753272e-9
54954.0873857624829	2.4081548316664203e-9
56234.1325190349089	2.4632722980230568e-9
57543.9937337156734	2.5210055069552e-9
58884.3655355589654	2.5814692410363143e-9
60255.9586074358085	2.6447820400078008e-9
61659.5001861482233	2.7110657352250353e-9
63095.7344480192987	2.780444825619971e-9
64565.422903465631	2.8530456621197846e-9
66069.3448007596307	2.928995402005415e-9
67608.297539198189	3.0084206886565766e-9
69183.0970918936218	3.0914477119041264e-9
70794.5784384138824	3.1782413797655993e-9
72443.596007499058	3.269016040028086e-9
74131.0241300917696	3.364001962211394e-9
75857.7575029183645	3.4634445394791282e-9
77624.7116628691147	3.5676052366787947e-9
79432.8234724282083	3.6767625627264053e-9
81283.0516164099536	3.7912130566774965e-9
83176.3771102670871	3.911272272990597e-9
85113.8038202375901	4.037275746688357e-9
87096.3589956081414	4.169579913148847e-9
89125.0938133745949	4.30856294987196e-9
91201.0839355909557	4.454625498481333e-9
93325.4300796990428	4.608191214117174e-9
95499.2586021436873	4.769707075887278e-9
97723.7220955811208	4.939643375771916e-9
100000.	5.118493283899646e-9
102329.299228075353	5.306771864991827e-9
104712.854805090057	5.505014393611062e-9
107151.930523760704	5.713773784308e-9
109647.81961431852	5.933616916662236e-9
112201.845430196307	6.165119594625781e-9
114815.362149688401	6.408859834975001e-9
117489.755493953038	6.665409473320795e-9
120226.443461741321	6.935405363237901e-9
123026.877081238126	7.219683186512103e-9
125892.541179416876	7.519164339412334e-9
128824.955169313485	7.834839710152246e-9
131825.673855640722	8.16777575784704e-9
134896.288259165303	8.519121231783893e-9
138038.426460288378	8.890114616729105e-9
141253.754462275538	9.282092404491443e-9
144543.977074592782	9.69649830933479e-9
147910.838816820731	1.0134893565708765e-8
151356.124843620695	1.0598968471913523e-8
154881.661891248281	1.1090555373696772e-8
158489.319246111409	1.1611643318577235e-8
162181.009735893022	1.2164394656384044e-8
165958.690743755957	1.275116391594589e-8
169824.365246174595	1.3374519354379973e-8
173780.082874937623	1.403726765695734e-8
177827.94100389228	1.4742482365776854e-8
181970.085860998253	1.5493536739204893e-8
186208.713666286902	1.6294141897313153e-8
190546.071796324832	1.7148391299197962e-8
194984.459975804522	1.806081283624696e-8
199526.231496887864	1.9036430124377425e-8
204173.794466953142	2.008077784559402e-8
208929.613085404068	2.1199673993262306e-8
213796.208950223256	2.239937687789327e-8
218776.162394955201	2.368672241162348e-8
223872.113856834243	2.5069180464269362e-8
229086.765276777471	2.65549168571194e-8
234422.881531992229	2.8152861706747757e-8
239883.291901948949	2.987278484324788e-8
245470.891568502848	3.1725379136523155e-8
251188.643150958233	3.372235269797452e-8
257039.578276886459	3.5876531090071303e-8
263026.799189538171	3.8201970881982444e-8
269153.480392691388	4.071408614748754e-8
275422.870333816914	4.3429789827158995e-8
281838.293126445496	4.636765229026368e-8
288403.150312660553	4.9548079958864024e-8
295120.922666638449	5.299351753087274e-8
301995.172040201898	5.672867820406143e-8
309029.543251359195	6.078080741613231e-8
316227.766016838024	6.517998705125241e-8
323593.656929628109	6.995948891803954e-8
331131.121482591436	7.515618870581002e-8
338844.156139202823	8.08110547437762e-8
346736.850452531653	8.696972994679658e-8
354813.389233575319	9.368323063284163e-8
363078.054770101735	1.0100879284981472e-7
371535.229097172792	1.0901090601095566e-7
380189.396320561296	1.1776258578012948e-7
389045.144994280476	1.2734695434925424e-7
398107.170553497737	1.3785921803644448e-7
407380.277804112993	1.4940804349211053e-7
416869.38347033551	1.6210947774756023e-7
426579.518801592465	1.7608941489497075e-7
436515.832240165735	1.9148789200684546e-7
446683.592150963494	2.0846065967366344e-7
457088.189614875184	2.27180897557029e-7
467735.141287198057	2.478411119775888e-7
478630.092322638026	2.7065524107792815e-7
489778.819368446653	2.95861001094505e-7
501187.233627272479	3.237225187878771e-7
512861.383991364855	3.54533311541602e-7
524807.460249772295	3.8861969997600617e-7
537031.7963702532	4.263447707300098e-7
549540.873857624829	4.681130528303871e-7
562341.325190349016	5.143761344859641e-7
575439.937337156618	5.656395345589481e-7
588843.655355589581	6.22471263040874e-7
602559.586074358085	6.855126695916007e-7
616595.00186148216	7.55492405495881e-7
630957.344480192987	8.332446365897165e-7
645654.22903465631	9.197330786367894e-7
660693.448007596424	1.0160830362460014e-6
676082.97539198189	1.1236244948050786e-6
691830.970918936306	1.2439440378710138e-6
707945.784384138766	1.3787840928872288e-6
724435.960074990638	1.529976860131988e-6
741310.241300917696	1.699565674004966e-6
758577.575029183528	1.8898306380066548e-6
776247.116628691205	2.1033085860019887e-6
794328.234724282171	2.342812914424007e-6
812830.516164099565	2.6114530155722964e-6
831763.771102670813	2.912653194217341e-6
851138.038202375872	3.2501712595055773e-6
870963.589956081472	3.6281175251353046e-6
891250.93813374592	4.0509758167182265e-6
912010.839355909615	4.523629392460013e-6
933254.300796990399	5.051396573078378e-6
954992.586021436728	5.640083519852428e-6
977237.220955811208	6.296065206487889e-6
1.e6	7.026410476033421e-6
1.02329299228075368e6	7.806076843462618e-6
1.04712854805090069e6	8.680603203254015e-6
1.0715193052376071e6	9.662429766720295e-6
1.09647819614318525e6	0.00001076573199616846
1.12201845430196286e6	0.000012006674642828071
1.14815362149688415e6	0.00001340370421831567
1.17489755493953032e6	0.000014977885786253785
1.20226443461741321e6	0.000016753290844398496
1.23026877081238106e6	0.000018757444074362623
1.25892541179416888e6	0.000021021837877199792
1.28824955169313494e6	0.000023582524904051372
1.31825673855640762e6	0.000026480800241688626
1.34896288259165315e6	0.00002976398653745495
1.38038426460288651e6	0.00003348633715231604
1.41253754462275538e6	0.00003771007442365935
1.44543977074592793e6	0.00004250658229564865
1.47910838816820737e6	0.0000479577749313703
1.51356124843620718e6	0.00005415766543232872
1.54881661891248287e6	0.00006121416142888137
1.58489319246111414e6	0.00006925111701060648
1.62181009735893016e6	0.00007841067317006584
1.65958690743755968e6	0.00008885592152002861
1.69824365246174601e6	0.0001007739283876649
1.73780082874937658e6	0.00011437915829320755
1.77827941003892291e6	0.0001299173370736646
1.8197008586099823e6	0.00014766979523430108
1.86208713666286925e6	0.0001679583311908053
1.90546071796324849e6	0.00019115063153949804
1.94984459975804528e6	0.00021766628099899183
1.99526231496887887e6	0.00024798338780959543
2.04173794466953189e6	0.0002826458408637111
2.08929613085404062e6	0.0003222712024309382
2.13796208950223262e6	0.0003675592250765351
2.18776162394955196e6	0.000419300963529526
2.2387211385683422e6	0.00047838843269361396
2.29086765276777465e6	0.0005458247431386418
2.34422881531992275e6	0.0006227346275964675
2.39883291901949002e6	0.0007103752596790607
2.45470891568503343e6	0.0008101472638366033
2.51188643150958186e6	0.0009236058297875536
2.57039578276886465e6	0.0010524718828604138
2.63026799189538136e6	0.0011986433332429416
2.691534803926914e6	0.0013642065425613352
2.75422870333816903e6	0.0015514483172470721
2.81838293126445496e6	0.0017628689770828663
2.88403150312660588e6	0.002001197366423237
2.95120922666638391e6	0.0022694090874963114
3.0199517204020191e6	0.0025707497520333785
3.09029543251359183e6	0.0029087656827478012
3.16227766016837954e6	0.003287345267269961
3.23593656929628085e6	0.0037107750990441244
3.31131121482591424e6	0.0041838161734736
3.38844156139202788e6	0.004711806811093134
3.46736850452531688e6	0.005300800764184558
3.54813389233575296e6	0.005957751307518606
3.63078054770101746e6	0.006690755298000478
3.71535229097172804e6	0.007509375645827232
3.80189396320561273e6	0.008425067034806616
3.89045144994280441e6	0.009451739085732663
3.98107170553497784e6	0.010606505059589044
4.07380277804112947e6	0.011910199111029843
4.16869383470335463e6	0.013384602290038908
4.2657951880159257e6	0.01505318498476168
4.36515832240166608e6	0.016942733211871633
4.46683592150963564e6	0.019083828275819458
4.57088189614875149e6	0.02151138365343577
4.67735141287198104e6	0.024265254014092776
4.78630092322638072e6	0.02739092454421147
4.89778819368446618e6	0.030940289169869656
5.0118723362727249e6	0.03497252653724889
5.12861383991364762e6	0.03955508265471209
5.24807460249772295e6	0.04476476881763684
5.37031796370253246e6	0.05068898272491827
5.49540873857624829e6	0.0574270594053765
5.6234132519034911e6	0.06509175654715282
5.75439937337156571e6	0.07381087586817278
5.88843655355589651e6	0.08372901806578811
6.02559586074358039e6	0.09500946340907392
6.165950018614823e6	0.10783616297693031
6.30957344480193034e6	0.12241581660221687
6.45654229034656193e6	0.13898000271765668
6.6069344800759647e6	0.1577873121898448
6.76082975391981844e6	0.17912542319024202
6.91830970918936282e6	0.20331315252205795
7.07945784384138789e6	0.23070534471250959
7.24435960074990615e6	0.26169726810784694
7.41310241300917696e6	0.29672575167813464
7.58577575029183552e6	0.3362720726911076
7.76247116628692765e6	0.380865022583039
7.94328234724282194e6	0.43108408288140526
8.12830516164099518e6	0.4875627782453846
8.31763771102670953e6	0.5509923166918328
8.51138038202375919e6	0.6221256833558048
8.70963589956081286e6	0.7017824254122764
8.91250938133745827e6	0.7908544541051705
9.12010839355909638e6	0.8903132977005628
9.33254300796990283e6	1.0012193684891149
9.54992586021436937e6	1.12473396183833
9.77237220955811255e6	1.2621348911562031
1.e7	1.4148368875516277
1.02329299228075352e7	1.5844181697024073
1.04712854805090074e7	1.7726549391118633
1.0715193052376071e7	1.9815660073738794
1.09647819614318498e7	2.2134703626856633
1.122018454301963e7	2.471061297550057
1.14815362149688415e7	2.757501851068126
1.17489755493953042e7	3.076546728831169
1.20226443461741321e7	3.432397316371553
1.23026877081238106e7	3.8292283092244115
1.25892541179416869e7	4.271554748586742
1.28824955169313494e7	4.7643337122421086
1.31825673855640739e7	5.312995873990115
1.34896288259165324e7	5.923477093350765
1.38038426460288688e7	6.602249590121485
1.41253754462275542e7	7.356352195929429
1.44543977074592803e7	8.193419137915289
1.47910838816820718e7	9.121706769001277
1.51356124843620732e7	10.15011765815455
1.54881661891248282e7	11.288221468231384
1.584893192461114e7	12.546272110107674
1.62181009735893011e7	13.935220760337513
1.65958690743755978e7	15.466724488067642
1.69824365246174596e7	17.15315044656092
1.73780082874937616e7	19.00757586575774
1.77827941003892273e7	21.043784437967034
1.81970085860998221e7	23.27626008422355
1.86208713666286916e7	25.72017961017011
1.90546071796324849e7	28.391406257050505
1.94984459975804575e7	31.30648679753401
1.99526231496887878e7	34.48265541422931
2.04173794466953166e7	37.937881153318735
2.08929613085404076e7	41.691084362989486
2.13796208950223215e7	45.76216957728093
2.18776162394955196e7	50.172097218501825
2.23872113856834248e7	54.94304300801296
2.29086765276777484e7	60.09860563244998
2.34422881531992294e7	65.66407150440814
2.39883291901948936e7	71.66674627855922
2.45470891568503343e7	78.1363641034581
2.51188643150958233e7	85.10558695953148
2.57039578276886493e7	92.61060851369417
2.63026799189538099e7	100.69187948868974
2.69153480392691344e7	109.39497520830739
2.75422870333816893e7	118.77163058206946
2.81838293126445487e7	128.8809743320497
2.88403150312660597e7	139.7910026029332
2.95120922666638382e7	151.58034320599046
3.0199517204020191e7	164.34037674574103
3.09029543251359202e7	178.17780034868116
3.16227766016837917e7	193.2177458013415
3.23593656929628104e7	209.6075990094237
3.3113112148259148e7	227.52171448567043
3.38844156139202714e7	247.16728260246464
3.46736850452531651e7	268.791694913876
3.54813389233575314e7	292.69187405720675
3.63078054770101756e7	319.2262050941458
3.71535229097172767e7	348.8299462401838
3.80189396320561245e7	382.0353441814315
3.89045144994280487e7	419.49818490919887
3.98107170553497672e7	462.0332606423921
4.0738027780411303e7	510.6416924142797
4.16869383470335528e7	566.40730778707
4.26579518801592588e7	630.5591463316975
4.3651583224016659e7	704.5690495736546
4.4668359215096347e7	790.204828622523
4.57088189614875242e7	889.5953522696757
4.67735141287198141e7	1005.3107113668432
4.78630092322638035e7	1140.4608761254294
4.89778819368446544e7	1298.8168859712673
5.01187233627272472e7	1484.9592227977519
5.12861383991364762e7	1704.458502268781
5.24807460249772295e7	1964.0937608753231
5.37031796370253265e7	2272.113047929679
5.49540873857624829e7	2638.5391186917964
5.62341325190349072e7	3075.5187651397323
5.75439937337156758e7	3597.706116256605
5.88843655355589613e7	4222.655738639801
6.02559586074358076e7	4971.177217275088
6.16595001861482263e7	5867.56479282932
6.30957344480192959e7	6939.55880824854
6.45654229034656137e7	8217.81664934928
6.60693448007596433e7	9734.571451678372
6.760829753919819e7	11521.051872631091
6.91830970918936282e7	13603.1663125401
7.07945784384138882e7	15995.001216942666
7.24435960074990541e7	18689.976351114376
7.41310241300917715e7	21650.198613046352
7.58577575029183626e7	24795.75758783989
7.76247116628692746e7	27997.2649219312
7.94328234724282026e7	31076.240587153752
8.12830516164099574e7	33817.857926980134
8.31763771102670878e7	35997.889992248034
8.51138038202377707e7	37420.32338523139
8.70963589956081361e7	37956.020096640175
8.91250938133745938e7	37569.74810463836
9.12010839355909526e7	36325.817700362466
9.33254300796990544e7	34370.71546963157
9.54992586021436751e7	31899.979468177236
9.77237220955811143e7	29121.150053738653
1.e8	26223.29881812502