# mphi[eV]; Yb:Xcoeffs [Hz]:	Yb+:S1/2->F7/2; Yb:1S0->2D2
1.000000000000000000e+00 2.571409426668460500e+15 -4.136342396162569531e+13
1.023292992280699920e+00 2.571904545624803500e+15 -4.134887695266132031e+13
1.047128548050800134e+00 2.572385002705705000e+15 -4.133475195678320312e+13
1.071519305237599973e+00 2.572850940056560000e+15 -4.132104508284914844e+13
1.096478196143099826e+00 2.573302499822764500e+15 -4.130775243972217188e+13
1.122018454301899837e+00 2.573739824149713000e+15 -4.129487013625878906e+13
1.148153621496800003e+00 2.574163055182802000e+15 -4.128239428132157812e+13
1.174897554939499988e+00 2.574572335067425500e+15 -4.127032098376791406e+13
1.202264434617400068e+00 2.574967805948981000e+15 -4.125864635245776562e+13
1.230268770812299906e+00 2.575349609972863000e+15 -4.124736649625242969e+13
1.258925411794100002e+00 2.575717889284466500e+15 -4.123647752400927344e+13
1.288249551693100070e+00 2.576072786029187000e+15 -4.122597554458914844e+13
1.318256738556399910e+00 2.576414442352420500e+15 -4.121585666685114844e+13
1.348962882591600021e+00 2.576743000399563000e+15 -4.120611699965571094e+13
1.380384264602800171e+00 2.577058602316008000e+15 -4.119675265186280469e+13
1.412537544622699981e+00 2.577361390247154000e+15 -4.118775973233066406e+13
1.445439770745899910e+00 2.577651506338392500e+15 -4.117913434991884375e+13
1.479108388168200117e+00 2.577929092735122000e+15 -4.117087261348905469e+13
1.513561248436199991e+00 2.578194291582737000e+15 -4.116297063189954688e+13
1.548816618912399967e+00 2.578447245026633000e+15 -4.115542451400985938e+13
1.584893192461100053e+00 2.578688095212205000e+15 -4.114823036868040625e+13
1.621810097358900027e+00 2.578916984284849000e+15 -4.114138430476983594e+13
1.659586907437500036e+00 2.579134054389960500e+15 -4.113488243113949219e+13
1.698243652461699948e+00 2.579339447672934500e+15 -4.112872085664582812e+13
1.737800828749299864e+00 2.579533306279166500e+15 -4.112289569015057031e+13
1.778279410038899888e+00 2.579715772354052500e+15 -4.111740304051546094e+13
1.819700858609899941e+00 2.579886988042988000e+15 -4.111223901659653125e+13
1.862087136662799791e+00 2.580047095491368000e+15 -4.110739972725596875e+13
1.905460717963200157e+00 2.580196236844587000e+15 -4.110288128135111719e+13
1.949844599758000063e+00 2.580334554248042000e+15 -4.109867978774283594e+13
1.995262314968800021e+00 2.580462189847128000e+15 -4.109479135529241406e+13
2.041737944669499871e+00 2.580579285787240500e+15 -4.109121209285721875e+13
2.089296130854000122e+00 2.580685984213775000e+15 -4.108793810929722656e+13
2.137962089502200236e+00 2.580782427272126500e+15 -4.108496551347197656e+13
2.187761623949500134e+00 2.580868757107690500e+15 -4.108229041424319531e+13
2.238721138568299907e+00 2.580945115865862500e+15 -4.107990892046826562e+13
2.290867652767699880e+00 2.581011645692039500e+15 -4.107781714100671094e+13
2.344228815319899795e+00 2.581068488731614000e+15 -4.107601118471981250e+13
2.398832919019400212e+00 2.581115787129984000e+15 -4.107448716046583594e+13
2.454708915684999937e+00 2.581153683032544000e+15 -4.107324117710604688e+13
2.511886431509500195e+00 2.581182318584688000e+15 -4.107226934349782031e+13
2.570395782768799986e+00 2.581201835931814000e+15 -4.107156776850286719e+13
2.630267991895300028e+00 2.581212377219317500e+15 -4.107113256097988281e+13
2.691534803926900032e+00 2.581214084592591000e+15 -4.107095982978839062e+13
2.754228703338100104e+00 2.581207100197032500e+15 -4.107104568378881250e+13
2.818382931264399982e+00 2.581191566178036000e+15 -4.107138623184069531e+13
2.884031503126599727e+00 2.581167624680998500e+15 -4.107197758280184375e+13
2.951209226666299923e+00 2.581135417851314500e+15 -4.107281584553440625e+13
3.019951720402000106e+00 2.581095087834380000e+15 -4.107389712889706250e+13
3.090295432513499918e+00 2.581046776775589000e+15 -4.107521754174892969e+13
3.162277660168300031e+00 2.580990626820338000e+15 -4.107677319294996875e+13
3.235936569296200105e+00 2.580926780114022500e+15 -4.107856019136060938e+13
3.311311214825900073e+00 2.580855378802038500e+15 -4.108057464583951562e+13
3.388441561391999812e+00 2.580776565029781000e+15 -4.108281266524710938e+13
3.467368504525300210e+00 2.580690480942644500e+15 -4.108527035844250781e+13
3.548133892335699979e+00 2.580597268686025500e+15 -4.108794383428567969e+13
3.630780547701000227e+00 2.580497070405318500e+15 -4.109082920163529688e+13
3.715352290971700278e+00 2.580390028245921000e+15 -4.109392256935264844e+13
3.801893963205599913e+00 2.580276284353226500e+15 -4.109722004629596875e+13
3.890451449942800011e+00 2.580155980872631000e+15 -4.110071774132612500e+13
3.981071705534899863e+00 2.580029259949529500e+15 -4.110441176330220312e+13
4.073802778041099693e+00 2.579896263729318500e+15 -4.110829822108333594e+13
4.168693834703299572e+00 2.579757134357393000e+15 -4.111237322352947656e+13
4.265795188015899519e+00 2.579612013979148500e+15 -4.111663287950020312e+13
4.365158322401600621e+00 2.579461044739979000e+15 -4.112107329785677344e+13
4.466835921509599849e+00 2.579304368785282500e+15 -4.112569058745656250e+13
4.570881896148700108e+00 2.579142128260452000e+15 -4.113048085716042188e+13
4.677351412871900038e+00 2.578974465310885000e+15 -4.113544021582703125e+13
4.786300923226300519e+00 2.578801522081976000e+15 -4.114056477231810156e+13
4.897788193684400326e+00 2.578623440719121000e+15 -4.114585063549057031e+13
5.011872336272700679e+00 2.578440363367716000e+15 -4.115129391420616406e+13
5.128613839913600536e+00 2.578252432173152500e+15 -4.115689071732354688e+13
5.248074602497700525e+00 2.578059789280830500e+15 -4.116263715370184375e+13
5.370317963702500030e+00 2.577862576836144000e+15 -4.116852933220275000e+13
5.495408738576199603e+00 2.577660936984488000e+15 -4.117456336168409375e+13
5.623413251903399690e+00 2.577455011871259000e+15 -4.118073535100671094e+13
5.754399373371500204e+00 2.577244943641851500e+15 -4.118704140902928125e+13
5.888436553555799868e+00 2.577030874441660000e+15 -4.119347764461134375e+13
6.025595860743499621e+00 2.576812946416082000e+15 -4.120004016661332031e+13
6.165950018614799966e+00 2.576591301710512500e+15 -4.120672508389475000e+13
6.309573444801899633e+00 2.576366082470345000e+15 -4.121352850531432031e+13
6.456542290346500401e+00 2.576137430840978000e+15 -4.122044653973329688e+13
6.606934480075899785e+00 2.575905488967805500e+15 -4.122747529601079688e+13
6.760829753919800567e+00 2.575670398996222500e+15 -4.123461088300638281e+13
6.918309709189299994e+00 2.575432303071624000e+15 -4.124184940957912500e+13
7.079457843841299614e+00 2.575191343339407000e+15 -4.124918698458772656e+13
7.244359600749800343e+00 2.574947661944967000e+15 -4.125661971689391406e+13
7.413102413009100111e+00 2.574701401033697000e+15 -4.126414371535676562e+13
7.585775750291800179e+00 2.574452702750996000e+15 -4.127175508883629688e+13
7.762471166286900370e+00 2.574201709242256000e+15 -4.127944994619115625e+13
7.943282347242799801e+00 2.573948562652874500e+15 -4.128722439628132812e+13
8.128305161640899001e+00 2.573693405128247000e+15 -4.129507454796724219e+13
8.317637711026700131e+00 2.573436378813768000e+15 -4.130299651010755469e+13
8.511380382023700619e+00 2.573177625854833500e+15 -4.131098639156225000e+13
8.709635899560799643e+00 2.572917288396838500e+15 -4.131904030119176562e+13
8.912509381337400782e+00 2.572655508585180000e+15 -4.132715434785342188e+13
9.120108393558998827e+00 2.572392428565252000e+15 -4.133532464040941406e+13
9.332543007969899662e+00 2.572128190482449000e+15 -4.134354728771797656e+13
9.549925860214299789e+00 2.571862936482168000e+15 -4.135181839863994531e+13
9.772372209558099598e+00 2.571596808709804500e+15 -4.136013408203400781e+13
1.000000000000000000e+01 2.571329949310754000e+15 -4.136849044675925781e+13
1.023292992280750013e+01 2.571062500430411000e+15 -4.137688360167700000e+13
1.047128548050890018e+01 2.570794604214171500e+15 -4.138530965564632812e+13
1.071519305237600150e+01 2.570526402807431000e+15 -4.139376471752592969e+13
1.096478196143180028e+01 2.570258038355584500e+15 -4.140224489617621094e+13
1.122018454301959878e+01 2.569989653004029000e+15 -4.141074630045714062e+13
1.148153621496880028e+01 2.569721388898157500e+15 -4.141926503922697656e+13
1.174897554939519928e+01 2.569453388183368000e+15 -4.142779722134743750e+13
1.202264434617410060e+01 2.569185793005053000e+15 -4.143633895567632812e+13
1.230268770812380019e+01 2.568918745508612000e+15 -4.144488635107535156e+13
1.258925411794159999e+01 2.568652387839436000e+15 -4.145343551640146094e+13
1.288249551693130002e+01 2.568386862142924000e+15 -4.146198256051592188e+13
1.318256738556400087e+01 2.568122310564468000e+15 -4.147052359227917188e+13
1.348962882591649937e+01 2.567858875249467000e+15 -4.147905472054900000e+13
1.380384264602879973e+01 2.567596698343314000e+15 -4.148757205418582812e+13
1.412537544622749941e+01 2.567335921991406000e+15 -4.149607170205050781e+13
1.445439770745919894e+01 2.567076688339138500e+15 -4.150454977300126562e+13
1.479108388168200072e+01 2.566819139531904500e+15 -4.151300237589721875e+13
1.513561248436199946e+01 2.566563417715103000e+15 -4.152142561959922656e+13
1.548816618912480081e+01 2.566309665034127000e+15 -4.152981561296681250e+13
1.584893192461109912e+01 2.566058023634372000e+15 -4.153816846485997656e+13
1.621810097358929781e+01 2.565808635661234500e+15 -4.154648028413694531e+13
1.659586907437559944e+01 2.565561643260110500e+15 -4.155474717965900781e+13
1.698243652461740183e+01 2.565317188576392500e+15 -4.156296526028440625e+13
1.737800828749369941e+01 2.565075413755480000e+15 -4.157113063487442969e+13
1.778279410038920005e+01 2.564836460942764500e+15 -4.157923941228642969e+13
1.819700858609980187e+01 2.564600472283644500e+15 -4.158728770138257812e+13
1.862087136662859876e+01 2.564367589923513000e+15 -4.159527161102067188e+13
1.905460717963240214e+01 2.564137956007768500e+15 -4.160318725006112500e+13
1.949844599758040076e+01 2.563911712681804000e+15 -4.161103072736348438e+13
1.995262314968879735e+01 2.563689002091016000e+15 -4.161879815178772656e+13
2.041737944669520033e+01 2.563469966380798500e+15 -4.162648563219253906e+13
2.089296130854030054e+01 2.563254747696549000e+15 -4.163408927743875000e+13
2.137962089502230256e+01 2.563043488183661000e+15 -4.164160519638549219e+13
2.187761623949549872e+01 2.562836329987532000e+15 -4.164902949789185938e+13
2.238721138568340052e+01 2.562633415253556000e+15 -4.165635829081914062e+13
2.290867652767769869e+01 2.562434886127128500e+15 -4.166358768402514062e+13
2.344228815319919690e+01 2.562240884753645500e+15 -4.167071378637027344e+13
2.398832919019490006e+01 2.562051553278502500e+15 -4.167773270671450781e+13
2.454708915685030135e+01 2.561867033847094500e+15 -4.168464055391698438e+13
2.511886431509580220e+01 2.561687468604818000e+15 -4.169143343683808594e+13
2.570395782768860116e+01 2.561512999697066500e+15 -4.169810746433562500e+13
2.630267991895379964e+01 2.561343769269236500e+15 -4.170465874527177344e+13
2.691534803926910158e+01 2.561179919466724000e+15 -4.171108338850431250e+13
2.754228703338160145e+01 2.561021592434924000e+15 -4.171737750289367188e+13
2.818382931264450164e+01 2.560868930319232000e+15 -4.172353719730025781e+13
2.884031503126599816e+01 2.560722075265043000e+15 -4.172955858058275000e+13
2.951209226666379948e+01 2.560581169417753000e+15 -4.173543776159981250e+13
3.019951720402010054e+01 2.560446354922757000e+15 -4.174117084921232031e+13
3.090295432513590157e+01 2.560317773925452000e+15 -4.174675395228066406e+13
3.162277660168370019e+01 2.560195568571231500e+15 -4.175218317966264844e+13
3.235936569296279686e+01 2.560079881005491000e+15 -4.175745464022044531e+13
3.311311214825909843e+01 2.559970853373626000e+15 -4.176256444281097656e+13
3.388441561392019707e+01 2.559868627821034000e+15 -4.176750869629465625e+13
3.467368504525310158e+01 2.559773346493108500e+15 -4.177228350953278125e+13
3.548133892335750517e+01 2.559685151535245500e+15 -4.177688499138269531e+13
3.630780547701009908e+01 2.559604185092840000e+15 -4.178130925070571094e+13
3.715352290971719640e+01 2.559530589311287500e+15 -4.178555239636092969e+13
3.801893963205609595e+01 2.559464506335985500e+15 -4.178961053720788281e+13
3.890451449942800366e+01 2.559406078312327000e+15 -4.179347978210569531e+13
3.981071705534969851e+01 2.559355447385708000e+15 -4.179715623991652344e+13
4.073802778041119410e+01 2.559312755701524000e+15 -4.180063601949642969e+13
4.168693834703349665e+01 2.559278145405171000e+15 -4.180391522970842188e+13
4.265795188015920303e+01 2.559251758642042500e+15 -4.180698997940900781e+13
4.365158322401659774e+01 2.559233737557537500e+15 -4.180985637745949219e+13
4.466835921509630225e+01 2.559224224297049000e+15 -4.181251053271982031e+13
4.570881896148750201e+01 2.559223361005973000e+15 -4.181494855404869531e+13
4.677351412871980330e+01 2.559231289829704000e+15 -4.181716655030739062e+13
4.786300923226380633e+01 2.559248152913638500e+15 -4.181916063035414844e+13
4.897788193684460367e+01 2.559274092403172000e+15 -4.182092690304719531e+13
5.011872336272720219e+01 2.559309250443700000e+15 -4.182246147725045312e+13
5.128613839913639794e+01 2.559353769180617500e+15 -4.182376046181996875e+13
5.248074602497720065e+01 2.559407790759320500e+15 -4.182481996561614844e+13
5.370317963702520103e+01 2.559471457325203500e+15 -4.182563609749942969e+13
5.495408738576239926e+01 2.559544911023663000e+15 -4.182620496632889844e+13
5.623413251903490107e+01 2.559628294000093000e+15 -4.182652268096499219e+13
5.754399373371559534e+01 2.559721748399891000e+15 -4.182658535026592969e+13
5.888436553555889930e+01 2.559825416368450000e+15 -4.182638908309125781e+13
6.025595860743569432e+01 2.559939440051169500e+15 -4.182592998830271875e+13
6.165950018614820038e+01 2.560063961593440000e+15 -4.182520417475852344e+13
6.309573444801930009e+01 2.560199123140660000e+15 -4.182420775131824219e+13
6.456542290346548896e+01 2.560345066838224500e+15 -4.182293682684270312e+13
6.606934480075959470e+01 2.560501934831528000e+15 -4.182138751018928125e+13
6.760829753919810514e+01 2.560669848556256000e+15 -4.181955681416752344e+13
6.918309709189360035e+01 2.560848247959240000e+15 -4.181747149754651562e+13
7.079457843841380793e+01 2.561035753234370000e+15 -4.181519410007437500e+13
7.244359600749899641e+01 2.561230935916868000e+15 -4.181278928538026562e+13
7.413102413009170277e+01 2.561432367541957000e+15 -4.181032171709207812e+13
7.585775750291840325e+01 2.561638619644862500e+15 -4.180785605883635938e+13
7.762471166286910318e+01 2.561848263760810000e+15 -4.180545697424144531e+13
7.943282347242809749e+01 2.562059871425020500e+15 -4.180318912693472656e+13
8.128305161640990661e+01 2.562272014172722000e+15 -4.180111718054412500e+13
8.317637711026699776e+01 2.562483263539136000e+15 -4.179930579869617188e+13
8.511380382023760660e+01 2.562692191059488000e+15 -4.179781964501964062e+13
8.709635899560799999e+01 2.562897368269001000e+15 -4.179672338314105469e+13
8.912509381337449099e+01 2.563097366702900500e+15 -4.179608167668920312e+13
9.120108393559090132e+01 2.563290757896410500e+15 -4.179595918929106250e+13
9.332543007969908899e+01 2.563476113384754500e+15 -4.179642058457407031e+13
9.549925860214349882e+01 2.563652004703157500e+15 -4.179753052616609375e+13
9.772372209558099598e+01 2.563817003386843000e+15 -4.179935367769459375e+13
1.000000000000000000e+02 2.563969680971037500e+15 -4.180195470278655469e+13
1.023292992280753992e+02 2.564108608990961000e+15 -4.180539826507115625e+13
1.047128548050899042e+02 2.564232358981841500e+15 -4.180974902817452344e+13
1.071519305237606972e+02 2.564339502478901500e+15 -4.181507165572541406e+13
1.096478196143185073e+02 2.564428611017366000e+15 -4.182143081134907031e+13
1.122018454301963004e+02 2.564498256132457500e+15 -4.182889115867685938e+13
1.148153621496882977e+02 2.564547009359402000e+15 -4.183751736133231250e+13
1.174897554939528987e+02 2.564573442233424000e+15 -4.184737408294675000e+13
1.202264434617412974e+02 2.564576126289746500e+15 -4.185852598714546094e+13
1.230268770812381121e+02 2.564553633063595000e+15 -4.187103773755586719e+13
1.258925411794166962e+02 2.564504534090192500e+15 -4.188497399780585156e+13
1.288249551693133128e+02 2.564427400904762500e+15 -4.190039943152502344e+13
1.318256738556407015e+02 2.564320805042531500e+15 -4.191737870233864062e+13
1.348962882591653170e+02 2.564183318038723000e+15 -4.193597647387544531e+13
1.380384264602884912e+02 2.564013511428559000e+15 -4.195625740976114844e+13
1.412537544622753956e+02 2.563809956747268000e+15 -4.197828617362620312e+13
1.445439770745927888e+02 2.563571225530069500e+15 -4.200212742909677344e+13
1.479108388168207000e+02 2.563295889312191500e+15 -4.202784583979896875e+13
1.513561248436207904e+02 2.562982519628856000e+15 -4.205550606936328125e+13
1.548816618912481147e+02 2.562629688015288500e+15 -4.208517278141584375e+13
1.584893192461113927e+02 2.562235966006712000e+15 -4.211691063958365625e+13
1.621810097358928999e+02 2.561799925138352000e+15 -4.215078430749589062e+13
1.659586907437561081e+02 2.561320136945432000e+15 -4.218685844877825000e+13
1.698243652461743807e+02 2.560795172963176000e+15 -4.222519772706034375e+13
1.737800828749375910e+02 2.560223604726808500e+15 -4.226586680596742969e+13
1.778279410038923061e+02 2.559604003771555000e+15 -4.230893034912913281e+13
1.819700858609983811e+02 2.558934941632637000e+15 -4.235445302017157812e+13
1.862087136662866840e+02 2.558214989845281000e+15 -4.240249948272393750e+13
1.905460717963247816e+02 2.557442719944710500e+15 -4.245313440041277344e+13
1.949844599758044978e+02 2.556616703466149500e+15 -4.250642243686641406e+13
1.995262314968879878e+02 2.555735511944822500e+15 -4.256242825571053906e+13
2.041737944669528986e+02 2.554797716915953500e+15 -4.262121652057433594e+13
2.089296130854038154e+02 2.553801889914767500e+15 -4.268285189508567188e+13
2.137962089502231890e+02 2.552746602476488000e+15 -4.274739904287110938e+13
2.187761623949550938e+02 2.551630426136339000e+15 -4.281492262755896094e+13
2.238721138568340052e+02 2.550451932429545500e+15 -4.288548731277666406e+13
2.290867652767772142e+02 2.549209692891330500e+15 -4.295915776215209375e+13
2.344228815319922035e+02 2.547902279056920000e+15 -4.303599863931135938e+13
2.398832919019489793e+02 2.546528262461536000e+15 -4.311607460788410156e+13
2.454708915685031059e+02 2.545086214640405000e+15 -4.319945033149644531e+13
2.511886431509579154e+02 2.543574707128749500e+15 -4.328619047377712500e+13
2.570395782768864024e+02 2.541992311461796000e+15 -4.337635969835314844e+13
2.630267991895381101e+02 2.540337599174765000e+15 -4.347002266885151562e+13
2.691534803926916197e+02 2.538609141802884000e+15 -4.356724404890009375e+13
2.754228703338166042e+02 2.536805510881376000e+15 -4.366808850212764062e+13
2.818382931264454783e+02 2.534925277945464500e+15 -4.377262069216027344e+13
2.884031503126605003e+02 2.532967014530375500e+15 -4.388090528262673438e+13
2.951209226666387053e+02 2.530929292171332500e+15 -4.399300693715315625e+13
3.019951720402016235e+02 2.528810682403558500e+15 -4.410899031936872656e+13
3.090295432513592004e+02 2.526609756762279500e+15 -4.422892009290000000e+13
3.162277660168379043e+02 2.524324800500072000e+15 -4.435283203320432031e+13
3.235936569296283665e+02 2.521951709387346500e+15 -4.448052079819445312e+13
3.311311214825910838e+02 2.519485190896247500e+15 -4.461166113714071875e+13
3.388441561392027097e+02 2.516919943865792000e+15 -4.474592692816541406e+13
3.467368504525315984e+02 2.514250667134996000e+15 -4.488299204938950000e+13
3.548133892335757196e+02 2.511472059542880000e+15 -4.502253037893223438e+13
3.630780547701014029e+02 2.508578819928461000e+15 -4.516421579491678125e+13
3.715352290971724187e+02 2.505565647130757000e+15 -4.530772217546281250e+13
3.801893963205612295e+02 2.502427239988784000e+15 -4.545272339869261719e+13
3.890451449942805198e+02 2.499158297341562000e+15 -4.559889334272631250e+13
3.981071705534973262e+02 2.495753518028108000e+15 -4.574590588568488281e+13
4.073802778041126089e+02 2.492207600887440000e+15 -4.589343490569019531e+13
4.168693834703354923e+02 2.488515244758576000e+15 -4.604115428086190625e+13
4.265795188015924850e+02 2.484671148480533500e+15 -4.618873788932276562e+13
4.365158322401661053e+02 2.480670010892330000e+15 -4.633585960919242969e+13
4.466835921509629657e+02 2.476506530832985000e+15 -4.648219331859277344e+13
4.570881896148752048e+02 2.472175407141514500e+15 -4.662741289564520312e+13
4.677351412871981324e+02 2.467671338656937500e+15 -4.677119221846895312e+13
4.786300923226384612e+02 2.462989024218270500e+15 -4.691320516518721875e+13
4.897788193684460794e+02 2.458123162664533500e+15 -4.705312561391921875e+13
5.011872336272724624e+02 2.453068452834741500e+15 -4.719062744278681250e+13
5.128613839913648462e+02 2.447819593567915000e+15 -4.732538452991185156e+13
5.248074602497728165e+02 2.442371283703070000e+15 -4.745707075341402344e+13
5.370317963702526640e+02 2.436718222079226500e+15 -4.758535999141517969e+13
5.495408738576248879e+02 2.430855107535399500e+15 -4.770992612203629688e+13
5.623413251903490391e+02 2.424776638910609000e+15 -4.783044302339794531e+13
5.754399373371572892e+02 2.418477515043871500e+15 -4.794658457362108594e+13
5.888436553555890214e+02 2.411952434774205500e+15 -4.805802465082760156e+13
6.025595860743580943e+02 2.405196096940630000e+15 -4.816443713313843750e+13
6.165950018614821602e+02 2.398203200382160500e+15 -4.826549589867417969e+13
6.309573444801935693e+02 2.390968443937816000e+15 -4.836087482555535938e+13
6.456542290346556001e+02 2.383486526446614000e+15 -4.845024779190428125e+13
6.606934480075957481e+02 2.375752146747574500e+15 -4.853328867584082812e+13
6.760829753919819041e+02 2.367760003679712000e+15 -4.860967135548707031e+13
6.918309709189362593e+02 2.359504796082046000e+15 -4.867906970896291406e+13
7.079457843841380509e+02 2.350981222793594000e+15 -4.874115761439043750e+13
7.244359600749899073e+02 2.342183982653375000e+15 -4.879560894989017969e+13
7.413102413009177099e+02 2.333107774500405000e+15 -4.884209759358378125e+13
7.585775750291835493e+02 2.323747297173702500e+15 -4.888029742359135156e+13
7.762471166286919697e+02 2.314097249512286500e+15 -4.890988231803475000e+13
7.943282347242814012e+02 2.304152330355174000e+15 -4.893052615503410156e+13
8.128305161640995493e+02 2.293907238541382000e+15 -4.894190281271146094e+13
8.317637711026708303e+02 2.283356672909929500e+15 -4.894368616918695312e+13
8.511380382023767197e+02 2.272495369016664000e+15 -4.893554284760964844e+13
8.709635899560804546e+02 2.261319533239266000e+15 -4.891684884765767188e+13
8.912509381337458763e+02 2.249827308131577000e+15 -4.888659759498129688e+13
9.120108393559096385e+02 2.238016968245414750e+15 -4.884375643341200000e+13
9.332543007969915152e+02 2.225886788132592250e+15 -4.878729270678036719e+13
9.549925860214359545e+02 2.213435042344922500e+15 -4.871617375891896094e+13
9.772372209558112672e+02 2.200660005434221750e+15 -4.862936693365880469e+13
1.000000000000000000e+03 2.187559951952305250e+15 -4.852583957483094531e+13
1.023292992280754788e+03 2.174133156450986500e+15 -4.840455902626638281e+13
1.047128548050899553e+03 2.160377893482079500e+15 -4.826449263179790625e+13
1.071519305237607114e+03 2.146292437597400000e+15 -4.810460773525481250e+13
1.096478196143185187e+03 2.131875063348762750e+15 -4.792387168047029688e+13
1.122018454301964312e+03 2.117124045287981250e+15 -4.772125181127473438e+13
1.148153621496882806e+03 2.102037657966871500e+15 -4.749571547150003906e+13
1.174897554939530437e+03 2.086614175937246750e+15 -4.724623000497767188e+13
1.202264434617413144e+03 2.070851873750923000e+15 -4.697176275553778125e+13
1.230268770812381263e+03 2.054749025959713750e+15 -4.667128106701292188e+13
1.258925411794167530e+03 2.038303907115432750e+15 -4.634375228323435938e+13
1.288249551693133526e+03 2.021514791769897750e+15 -4.598814374803332812e+13
1.318256738556407754e+03 2.004379954474920000e+15 -4.560342280524085938e+13
1.348962882591653170e+03 1.986897669782316000e+15 -4.518855679868821094e+13
1.380384264602885196e+03 1.969066212243899000e+15 -4.474251307220769531e+13
1.412537544622754012e+03 1.950883856411485250e+15 -4.426425896962972656e+13
1.445439770745928172e+03 1.932348876836888250e+15 -4.375276183478617969e+13
1.479108388168207284e+03 1.913459548071923000e+15 -4.320698901150819531e+13
1.513561248436208871e+03 1.894214144668404000e+15 -4.262590784362736719e+13
1.548816618912481317e+03 1.874610941178146000e+15 -4.200848567497467969e+13
1.584893192461114040e+03 1.854648212152962500e+15 -4.135368984938164844e+13
1.621810097358929852e+03 1.834324232144670000e+15 -4.066048771068003906e+13
1.659586907437561194e+03 1.813637275705081250e+15 -3.992784660270067188e+13
1.698243652461744432e+03 1.792585617386013500e+15 -3.915473386927533594e+13
1.737800828749376251e+03 1.771167531739277500e+15 -3.834011685423485938e+13
1.778279410038922833e+03 1.749381293316691750e+15 -3.748296290141122656e+13
1.819700858609984380e+03 1.727225176670067750e+15 -3.658223935463526562e+13
1.862087136662867579e+03 1.704697456351222500e+15 -3.563691355773887500e+13
1.905460717963248271e+03 1.681796406911968750e+15 -3.464595285455286328e+13
1.949844599758045661e+03 1.658520302904122000e+15 -3.360832458890903125e+13
1.995262314968880901e+03 1.634867418879496750e+15 -3.252299610463840234e+13
2.041737944669529725e+03 1.610838146521468500e+15 -3.138933839695132031e+13
2.089296130854041166e+03 1.586444433971173250e+15 -3.020892581024625781e+13
2.137962089502232629e+03 1.561702152918325500e+15 -2.898408075098037500e+13
2.187761623949551904e+03 1.536627178257990750e+15 -2.771712623674095312e+13
2.238721138568339939e+03 1.511235384885235000e+15 -2.641038528511615234e+13
2.290867652767772142e+03 1.485542647695127000e+15 -2.506618091369401953e+13
2.344228815319922887e+03 1.459564841582731250e+15 -2.368683614006249609e+13
2.398832919019489964e+03 1.433317841443117500e+15 -2.227467398180968359e+13
2.454708915685031116e+03 1.406817522171349500e+15 -2.083201745652324609e+13
2.511886431509580234e+03 1.380079758662496500e+15 -1.936118958179145703e+13
2.570395782768865047e+03 1.353120425811623000e+15 -1.786451337520197656e+13
2.630267991895381329e+03 1.325955398513798750e+15 -1.634431185434291016e+13
2.691534803926916993e+03 1.298600551664087500e+15 -1.480290803680230859e+13
2.754228703338166270e+03 1.271071760157559500e+15 -1.324262494016804883e+13
2.818382931264455237e+03 1.243384898889277750e+15 -1.166578558202785938e+13
2.884031503126605003e+03 1.215555842754312000e+15 -1.007471297997016992e+13
2.951209226666387167e+03 1.187600466647726750e+15 -8.471730151582481445e+12
3.019951720402016235e+03 1.159534645464591250e+15 -6.859160114453114258e+12
3.090295432513592004e+03 1.131374254099970000e+15 -5.239325886169845703e+12
3.162277660168379498e+03 1.103135167448932625e+15 -3.614550484320670410e+12
3.235936569296284688e+03 1.074833260406542250e+15 -1.987156926493470947e+12
3.311311214825911065e+03 1.046484407867870000e+15 -3.594682302764060669e+11
3.388441561392027779e+03 1.018104484727978250e+15 1.266192586742721436e+12
3.467368504525316439e+03 9.897093658819376250e+14 2.887502506975890625e+12
3.548133892335756627e+03 9.613149262248120000e+14 4.502138512835298828e+12
3.630780547701013802e+03 9.329370406516705000e+14 6.107777586732705078e+12
3.715352290971727598e+03 9.045915840575776250e+14 7.702096711080416992e+12
3.801893963205612636e+03 8.762944313376027500e+14 9.282772868290222656e+12
3.890451449942805084e+03 8.480614573868118750e+14 1.084748304077434375e+13
3.981071705534973262e+03 8.199085371002695000e+14 1.239390421094476562e+13
4.073802778041126203e+03 7.918515631813328750e+14 1.391975385793563477e+13
4.168693834703354696e+03 7.639065625128422500e+14 1.542305459014816211e+13
4.265795188015925305e+03 7.360896231359017500e+14 1.690196809218776172e+13
4.365158322401661280e+03 7.084168334026053750e+14 1.835465675587786328e+13
4.466835921509629770e+03 6.809042816650533750e+14 1.977928297304165234e+13
4.570881896148751366e+03 6.535680562753403750e+14 2.117400913550253516e+13
4.677351412871980756e+03 6.264242455855658750e+14 2.253699763508368750e+13
4.786300923226384839e+03 5.994889379478245000e+14 2.386641086360851953e+13
4.897788193684461476e+03 5.727782217142162500e+14 2.516041121290017969e+13
5.011872336272725079e+03 5.463081852368359375e+14 2.641716107478211719e+13
5.128613839913648917e+03 5.200949168677827500e+14 2.763482284107750391e+13
5.248074602497727938e+03 4.941545049591521250e+14 2.881155890360970312e+13
5.370317963702526868e+03 4.685030378630430000e+14 2.994553165420196875e+13
5.495408738576248652e+03 4.431566039315506875e+14 3.103490348467764453e+13
5.623413251903491073e+03 4.181312915167747500e+14 3.207783678685991016e+13
5.754399373371572437e+03 3.934431889708101250e+14 3.307249395257220703e+13
5.888436553555889986e+03 3.691083846457560000e+14 3.401703737363769141e+13
6.025595860743581397e+03 3.451429668937071875e+14 3.490962944187975000e+13
6.165950018614822511e+03 3.215630240667638125e+14 3.574843254912160938e+13
6.309573444801935693e+03 2.983846445170203750e+14 3.653160908718662500e+13
6.456542290346556001e+03 2.756239165965764375e+14 3.725732144789802344e+13
6.606934480075964530e+03 2.532969286575272188e+14 3.792373202307916406e+13
6.760829753919819268e+03 2.314197690519716875e+14 3.852900320455327344e+13
6.918309709189363275e+03 2.100081827566127188e+14 3.907138383375172656e+13
7.079457843841380054e+03 1.890698285820676875e+14 3.955115855869485938e+13
7.244359600749899073e+03 1.686041730249527500e+14 3.997067455823071094e+13
7.413102413009177326e+03 1.486103179757714062e+14 4.033237080594796094e+13
7.585775750291835720e+03 1.290873653250310000e+14 4.063868627543524219e+13
7.762471166286919470e+03 1.100344169632351875e+14 4.089205994028132812e+13
7.943282347242813557e+03 9.145057478089104688e+13 4.109493077407483594e+13
8.128305161640994811e+03 7.333494066850239062e+13 4.124973775040450781e+13
8.317637711026709439e+03 5.568661651657623438e+13 4.135891984285896094e+13
8.511380382023768107e+03 3.850470421561644531e+13 4.142491602502694531e+13
8.709635899560804319e+03 2.178830565612996094e+13 4.145016527049712500e+13
8.912509381337458763e+03 5.536522728620770508e+12 4.143710655285817969e+13
9.120108393559095930e+03 -1.025154267640430469e+13 4.138817884569883594e+13
9.332543007969914470e+03 -2.557678866844123828e+13 4.130582112260772656e+13
9.549925860214358181e+03 -4.044011335698322656e+13 4.119247235717357031e+13
9.772372209558112445e+03 -5.484241485152613281e+13 4.105057152298503906e+13
1.000000000000000000e+04 -6.878459126156330469e+13 4.088255759363082812e+13
1.023292992280753606e+04 -8.226754069658995312e+13 4.069086954269962500e+13
1.047128548050900827e+04 -9.529216126610181250e+13 4.047794634378010938e+13
1.071519305237607114e+04 -1.078593510795910156e+14 4.024622697046099219e+13
1.096478196143185232e+04 -1.199700082465535000e+14 3.999815039633093750e+13
1.122018454301962629e+04 -1.316250308764837500e+14 3.973615559497864844e+13
1.148153621496883898e+04 -1.428253170788772812e+14 3.946268153999275781e+13
1.174897554939530164e+04 -1.535717741570253750e+14 3.918016528377874219e+13
1.202264434617413099e+04 -1.638673615363723750e+14 3.889061505677203906e+13
1.230268770812381081e+04 -1.737196688634762500e+14 3.859507153465560938e+13
1.258925411794166212e+04 -1.831369203703861250e+14 3.829444278687337500e+13
1.288249551693134890e+04 -1.921273402891520938e+14 3.798963688286925000e+13
1.318256738556407436e+04 -2.006991528518216875e+14 3.768156189208718750e+13
1.348962882591653215e+04 -2.088605822904447812e+14 3.737112588397106250e+13
1.380384264602884105e+04 -2.166198528370707188e+14 3.705923692796479688e+13
1.412537544622755377e+04 -2.239851887237492500e+14 3.674680309351228125e+13
1.445439770745928035e+04 -2.309648141825284062e+14 3.643473245005750781e+13
1.479108388168207239e+04 -2.375669534454577812e+14 3.612393306704432812e+13
1.513561248436207279e+04 -2.437998307445867812e+14 3.581531301391666406e+13
1.548816618912482772e+04 -2.496716703119650000e+14 3.550978036011842969e+13
1.584893192461114086e+04 -2.551906963796405625e+14 3.520824317509355469e+13
1.621810097358929852e+04 -2.603651331796631562e+14 3.491160952828596484e+13
1.659586907437559421e+04 -2.652032049440821250e+14 3.462078748913956250e+13
1.698243652461746024e+04 -2.697131359049469375e+14 3.433668512709822656e+13
1.737800828749376160e+04 -2.739031502943058750e+14 3.406021051160593359e+13
1.778279410038923015e+04 -2.777814723442087812e+14 3.379227171210656250e+13
1.819700858609982606e+04 -2.813563262867045938e+14 3.353377679804403516e+13
1.862087136662868943e+04 -2.846359363538429375e+14 3.328563383886226172e+13
1.905460717963248317e+04 -2.876285267776723750e+14 3.304875090400517969e+13
1.949844599758044933e+04 -2.903423217902424375e+14 3.282403606291668750e+13
1.995262314968878491e+04 -2.927855456236020625e+14 3.261239738504071094e+13
2.041737944669532226e+04 -2.949662745057901250e+14 3.241457466105964844e+13
2.089296130854040530e+04 -2.968917767782983750e+14 3.223038912447438281e+13
2.137962089502232266e+04 -2.985690464959688125e+14 3.205935014819705078e+13
2.187761623949552086e+04 -3.000050774895633125e+14 3.190096685036438281e+13
2.238721138568342576e+04 -3.012068635898438750e+14 3.175474834911309375e+13
2.290867652767774780e+04 -3.021813986275724375e+14 3.162020376257991406e+13
2.344228815319922433e+04 -3.029356764335109375e+14 3.149684220890157422e+13
2.398832919019490146e+04 -3.034766908384216250e+14 3.138417280621483594e+13
2.454708915685028842e+04 -3.038114356730663125e+14 3.128170467265637891e+13
2.511886431509581962e+04 -3.039469047682070625e+14 3.118894692636294141e+13
2.570395782768864592e+04 -3.038900919546058750e+14 3.110540868547127734e+13
2.630267991895381056e+04 -3.036479910630248125e+14 3.103059906811808984e+13
2.691534803926914174e+04 -3.032275959242258125e+14 3.096402719244012891e+13
2.754228703338168998e+04 -3.026359003689709375e+14 3.090520217657409766e+13
2.818382931264454965e+04 -3.018798982280221875e+14 3.085363313865673828e+13
2.884031503126605821e+04 -3.009665833321414375e+14 3.080882919682478516e+13
2.951209226666383984e+04 -2.999029495120907500e+14 3.077029946921496875e+13
3.019951720402019782e+04 -2.986959905986322500e+14 3.073755307396399219e+13
3.090295432513592095e+04 -2.973527004225280000e+14 3.071009912920862109e+13
3.162277660168379589e+04 -2.958800728145396250e+14 3.068744675308554297e+13
3.235936569296281232e+04 -2.942851016054295625e+14 3.066910506373151172e+13
3.311311214825914794e+04 -2.925747806259595000e+14 3.065458317928324219e+13
3.388441561392027506e+04 -2.907561037068916875e+14 3.064339021787748438e+13
3.467368504525316530e+04 -2.888360646789880625e+14 3.063503529765093750e+13
3.548133892335753626e+04 -2.868216573730105625e+14 3.062902753674036328e+13
3.630780547701018077e+04 -2.847198756197210625e+14 3.062487605328246484e+13
3.715352290971728507e+04 -2.825377132498818750e+14 3.062208996541396875e+13
3.801893963205612818e+04 -2.802821640942549688e+14 3.062017839127162891e+13
3.890451449942804902e+04 -2.779602219836020625e+14 3.061865044899214062e+13
3.981071705534977809e+04 -2.755788807486851875e+14 3.061701525671226172e+13
4.073802778041129932e+04 -2.731447744098001250e+14 3.061481175452535156e+13
4.168693834703355242e+04 -2.706618259356276875e+14 3.061180358100146094e+13
4.265795188015924941e+04 -2.681327226127637812e+14 3.060785679101306641e+13
4.365158322401656187e+04 -2.655601454442258750e+14 3.060283796023071875e+13
4.466835921509634500e+04 -2.629467754330312812e+14 3.059661366432503125e+13
4.570881896148752276e+04 -2.602952935821982188e+14 3.058905047896654688e+13
4.677351412871981302e+04 -2.576083808947436875e+14 3.058001497982585156e+13
4.786300923226380837e+04 -2.548887183736855625e+14 3.056937374257353906e+13
4.897788193684466387e+04 -2.521389870220409062e+14 3.055699334288015234e+13
5.011872336272725079e+04 -2.493618678428275938e+14 3.054274035641630078e+13
5.128613839913648553e+04 -2.465600418390633125e+14 3.052648135885251953e+13
5.248074602497722663e+04 -2.437361900137654688e+14 3.050808292585942578e+13
5.370317963702532870e+04 -2.408929933699510938e+14 3.048741163310756250e+13
5.495408738576248288e+04 -2.380331329106385000e+14 3.046433405626751562e+13
5.623413251903490891e+04 -2.351592896388449062e+14 3.043871677100986328e+13
5.754399373371567344e+04 -2.322741445575880000e+14 3.041042635300518750e+13
5.888436553555896535e+04 -2.293803786698846562e+14 3.037932937792403906e+13
6.025595860743580852e+04 -2.264806729787533125e+14 3.034529242143702344e+13
6.165950018614822329e+04 -2.235777084872110938e+14 3.030818205921469531e+13
6.309573444801929872e+04 -2.206741661982754688e+14 3.026786486692762500e+13
6.456542290346563095e+04 -2.177727271149640000e+14 3.022420742024641016e+13
6.606934480075963074e+04 -2.148760722402945000e+14 3.017707629484162500e+13
6.760829753919818904e+04 -2.119868825772841875e+14 3.012633806638380859e+13
6.918309709189362184e+04 -2.091077956157132188e+14 3.007186061967617969e+13
7.079457843841388240e+04 -2.062404241497301250e+14 3.001354266835794141e+13
7.244359600749905803e+04 -2.033853428265702812e+14 2.995131415959760547e+13
7.413102413009176962e+04 -2.005430800898302500e+14 2.988510643063919922e+13
7.585775750291836448e+04 -1.977141643831074688e+14 2.981485081872681250e+13
7.762471166286911466e+04 -1.948991241499988438e+14 2.974047866110449609e+13
7.943282347242820833e+04 -1.920984878341014375e+14 2.966192129501631250e+13
8.128305161640995357e+04 -1.893127838790127812e+14 2.957911005770634375e+13
8.317637711026708712e+04 -1.865425407283298750e+14 2.949197628641864062e+13
8.511380382023759012e+04 -1.837882868256498125e+14 2.940045131839725000e+13
8.709635899560814141e+04 -1.810505506145695000e+14 2.930446649088626172e+13
8.912509381337459490e+04 -1.783298605386864688e+14 2.920395314112972656e+13
9.120108393559095566e+04 -1.756267450415978438e+14 2.909884260637171875e+13
9.332543007969904284e+04 -1.729417325669005312e+14 2.898906622385628125e+13
9.549925860214368731e+04 -1.702753515581915312e+14 2.887455533082747266e+13
9.772372209558112081e+04 -1.676281304590685625e+14 2.875524126452939844e+13
1.000000000000000000e+05 -1.650005977131283438e+14 2.863105536220608203e+13
1.023292992280753533e+05 -1.623932817639681250e+14 2.850192896110159766e+13
1.047128548050900572e+05 -1.598067110551849375e+14 2.836779339846001953e+13
1.071519305237607041e+05 -1.572414140303761562e+14 2.822858001152541016e+13
1.096478196143185196e+05 -1.546979191331388438e+14 2.808422013754181641e+13
1.122018454301963066e+05 -1.521767548070700312e+14 2.793464511375330859e+13
1.148153621496884007e+05 -1.496784494957667188e+14 2.777978627740394141e+13
1.174897554939530382e+05 -1.472035311518715312e+14 2.761957528991625781e+13
1.202264434617413208e+05 -1.447524181433366250e+14 2.745401617167987109e+13
1.230268770812381263e+05 -1.423252815812227188e+14 2.728327620725337109e+13
1.258925411794168758e+05 -1.399222586893021094e+14 2.710754505703229688e+13
1.288249551693134854e+05 -1.375434866913481094e+14 2.692701238141226953e+13
1.318256738556407217e+05 -1.351891028111331406e+14 2.674186784078882422e+13
1.348962882591653033e+05 -1.328592442724299531e+14 2.655230109555753906e+13
1.380384264602883777e+05 -1.305540482990112188e+14 2.635850180611397266e+13
1.412537544622755377e+05 -1.282736521146494062e+14 2.616065963285369141e+13
1.445439770745927817e+05 -1.260181929431176719e+14 2.595896423617228125e+13
1.479108388168207312e+05 -1.237878080081885000e+14 2.575360527646528906e+13
1.513561248436206952e+05 -1.215826345336345625e+14 2.554477241412828906e+13
1.548816618912482809e+05 -1.194028097432284844e+14 2.533265530955682422e+13
1.584893192461114086e+05 -1.172484708607431875e+14 2.511744362314652734e+13
1.621810097358930216e+05 -1.151197551099513594e+14 2.489932701529291797e+13
1.659586907437559566e+05 -1.130167997146255312e+14 2.467849514639155859e+13
1.698243652461745951e+05 -1.109397418985383594e+14 2.445513767683800781e+13
1.737800828749376233e+05 -1.088887188854628750e+14 2.422944426702788281e+13
1.778279410038922797e+05 -1.068638678991715625e+14 2.400160457735671875e+13
1.819700858609982533e+05 -1.048653261634371406e+14 2.377180826822008984e+13
1.862087136662869016e+05 -1.028932309020321719e+14 2.354024500001353125e+13
1.905460717963248317e+05 -1.009477193387296719e+14 2.330710443313267578e+13
1.949844599758045224e+05 -9.902892869730221875e+13 2.307257622797303516e+13
1.995262314968878636e+05 -9.713699620152243750e+13 2.283685004493019922e+13
2.041737944669531425e+05 -9.527202416228835938e+13 2.260010074373368359e+13
2.089296130854040675e+05 -9.343392431700346875e+13 2.236242239401235547e+13
2.137962089502232557e+05 -9.162254370120632812e+13 2.212388163623892188e+13
2.187761623949552013e+05 -8.983772929757726562e+13 2.188454508847777344e+13
2.238721138568342431e+05 -8.807932808879646875e+13 2.164447936879324219e+13
2.290867652767774707e+05 -8.634718705754457812e+13 2.140375109524977734e+13
2.344228815319922287e+05 -8.464115318650173438e+13 2.116242688591172656e+13
2.398832919019489491e+05 -8.296107345834832812e+13 2.092057335884346484e+13
2.454708915685028478e+05 -8.130679485576465625e+13 2.067825713210937891e+13
2.511886431509582326e+05 -7.967816436143089062e+13 2.043554482377383984e+13
2.570395782768864592e+05 -7.807502895802767188e+13 2.019250305190125781e+13
2.630267991895381710e+05 -7.649723562823523438e+13 1.994919843455600000e+13
2.691534803926913883e+05 -7.494463135473379688e+13 1.970569758980244141e+13
2.754228703338169144e+05 -7.341706312020362500e+13 1.946206713570493750e+13
2.818382931264454965e+05 -7.191437790732535938e+13 1.921837369032792188e+13
2.884031503126605530e+05 -7.043642269877910938e+13 1.897468387173575391e+13
2.951209226666384493e+05 -6.898304447724525781e+13 1.873106429799281250e+13
3.019951720402018982e+05 -6.755409022540397656e+13 1.848758158716344922e+13
3.090295432513591950e+05 -6.614940692593590625e+13 1.824430235731209766e+13
3.162277660168380244e+05 -6.476884156152120312e+13 1.800129322650311719e+13
3.235936569296281086e+05 -6.341224111484020312e+13 1.775862081280088672e+13
3.311311214825914358e+05 -6.207945256857314844e+13 1.751635173426976367e+13
3.388441561392028234e+05 -6.077032290540057031e+13 1.727455260897418164e+13
3.467368504525316530e+05 -5.948469910800270312e+13 1.703329005497848633e+13
3.548133892335753189e+05 -5.822242815905988281e+13 1.679263069034706055e+13
3.630780547701017349e+05 -5.698335704125229688e+13 1.655264113314427344e+13
3.715352290971727925e+05 -5.576733273726053906e+13 1.631338800143453711e+13
3.801893963205612963e+05 -5.457420222976479688e+13 1.607493791328222461e+13
3.890451449942804757e+05 -5.340381250144544531e+13 1.583735748675171289e+13
3.981071705534977373e+05 -5.225601053498267969e+13 1.560071333990735156e+13
4.073802778041129932e+05 -5.113062119226614844e+13 1.536506861856262109e+13
4.168693834703355096e+05 -5.002730266241944531e+13 1.513046030628048438e+13
4.265795188015924650e+05 -4.894563716605628125e+13 1.489691346201723828e+13
4.365158322401657351e+05 -4.788520653748235938e+13 1.466445308409126562e+13
4.466835921509634936e+05 -4.684559261100324219e+13 1.443310417082089648e+13
4.570881896148751839e+05 -4.582637722092474219e+13 1.420289172052457031e+13
4.677351412871980574e+05 -4.482714220155242188e+13 1.397384073152063086e+13
4.786300923226380255e+05 -4.384746938719196875e+13 1.374597620212745117e+13
4.897788193684466532e+05 -4.288694061214891406e+13 1.351932313066338672e+13
5.011872336272724788e+05 -4.194513771072912500e+13 1.329390651544685352e+13
5.128613839913648553e+05 -4.102164251723809375e+13 1.306975135479619531e+13
5.248074602497722954e+05 -4.011603686598154688e+13 1.284688264702978906e+13
5.370317963702531997e+05 -3.922790259126505469e+13 1.262532539046600781e+13
5.495408738576248288e+05 -3.835682152739439062e+13 1.240510458342323633e+13
5.623413251903490163e+05 -3.750237550867514844e+13 1.218624522421984766e+13
5.754399373371566180e+05 -3.666414636941298438e+13 1.196877231117420508e+13
5.888436553555895807e+05 -3.584171594391347656e+13 1.175271084260466992e+13
6.025595860743580852e+05 -3.503466606648240234e+13 1.153808581682964844e+13
6.165950018614821602e+05 -3.424257857142538672e+13 1.132492223216750000e+13
6.309573444801929872e+05 -3.346503529304805859e+13 1.111324508693659766e+13
6.456542290346563095e+05 -3.270161806565600391e+13 1.090307937945529297e+13
6.606934480075964238e+05 -3.195190872355501172e+13 1.069445010804200195e+13
6.760829753919818904e+05 -3.121548910105066797e+13 1.048738227101507812e+13
6.918309709189363057e+05 -3.049194684010327344e+13 1.028190128391044922e+13
7.079457843841387657e+05 -2.978100634745303906e+13 1.007804238734343945e+13
7.244359600749906385e+05 -2.908253058994535547e+13 9.875850775983597656e+12
7.413102413009176962e+05 -2.839638870116420703e+13 9.675372087514330078e+12
7.585775750291835284e+05 -2.772244981469371094e+13 9.476651959619062500e+12
7.762471166286912048e+05 -2.706058306411790625e+13 9.279736029981207031e+12
7.943282347242821706e+05 -2.641065758302082422e+13 9.084669936284185547e+12
8.128305161640995648e+05 -2.577254250498666406e+13 8.891499316211451172e+12
8.317637711026708130e+05 -2.514610696359943359e+13 8.700269807446399414e+12
8.511380382023758721e+05 -2.453122009244322656e+13 8.511027047672468750e+12
8.709635899560814723e+05 -2.392775102510205469e+13 8.323816674573052734e+12
8.912509381337459199e+05 -2.333556889516008984e+13 8.138684325831617188e+12
9.120108393559096148e+05 -2.275454283620138672e+13 7.955675639131566406e+12
9.332543007969903992e+05 -2.218454198181000000e+13 7.774836252156315430e+12
9.549925860214367276e+05 -2.162543546556994531e+13 7.596211802589281250e+12
9.772372209558112081e+05 -2.107709242106543750e+13 7.419847928113917969e+12
1.000000000000000000e+06 -2.053938198188047266e+13 7.245790266413626953e+12
1.023292992280753679e+06 -2.001592565001761719e+13 7.074605668958941406e+12
1.047128548050900688e+06 -1.950195822689328906e+13 6.905747124576514648e+12
1.071519305237607099e+06 -1.899746610567545703e+13 6.739258004919991211e+12
1.096478196143185254e+06 -1.850242813321087891e+13 6.575177715470617188e+12
1.122018454301962862e+06 -1.801681591484462109e+13 6.413541789291647461e+12
1.148153621496884152e+06 -1.754059411752111523e+13 6.254381983890184570e+12
1.174897554939530324e+06 -1.707372077071038281e+13 6.097726380838922852e+12
1.202264434617413208e+06 -1.661614756472748828e+13 5.943599487818632812e+12
1.230268770812381059e+06 -1.616782014603742188e+13 5.792022342753105469e+12
1.258925411794168875e+06 -1.572867840916562500e+13 5.643012619717925781e+12
1.288249551693134941e+06 -1.529865678485370117e+13 5.496584736315488281e+12
1.318256738556407625e+06 -1.487768452412920898e+13 5.352749962219607422e+12
1.348962882591653150e+06 -1.446568597797845117e+13 5.211516528604830078e+12
1.380384264602886513e+06 -1.406258087233681445e+13 5.072889738186680664e+12
1.412537544622755377e+06 -1.366828457813208203e+13 4.936872075611605469e+12
1.445439770745927934e+06 -1.328270837614016602e+13 4.803463317946392578e+12
1.479108388168207370e+06 -1.290575971643357422e+13 4.672660645030228516e+12
1.513561248436207185e+06 -1.253734247222408984e+13 4.544458749463265625e+12
1.548816618912482867e+06 -1.217735718792177539e+13 4.418849946018804688e+12
1.584893192461114144e+06 -1.182570132125350781e+13 4.295824280277923828e+12
1.621810097358930157e+06 -1.148226947930057617e+13 4.175369636297067871e+12
1.659586907437559683e+06 -1.114695364833791992e+13 4.057471843131682617e+12
1.698243652461746009e+06 -1.081964341737139844e+13 3.942114780050389160e+12
1.737800828749376582e+06 -1.050022619528950000e+13 3.829280480285761230e+12
1.778279410038922913e+06 -1.018858742156115625e+13 3.718949233179492188e+12
1.819700858609982301e+06 -9.884610770428226562e+12 3.611099684590641602e+12
1.862087136662869249e+06 -9.588178348555376953e+12 3.505708935446905762e+12
1.905460717963248491e+06 -9.299170886115880859e+12 3.402752638329301270e+12
1.949844599758045282e+06 -9.017467921304083984e+12 3.302205091991203125e+12
1.995262314968878869e+06 -8.742947978280414062e+12 3.204039333722837402e+12
2.041737944669531891e+06 -8.475488738565105469e+12 3.108227229481997070e+12
2.089296130854040617e+06 -8.214967205910836914e+12 3.014739561721447266e+12
2.137962089502232615e+06 -7.961259864693035156e+12 2.923546114852272949e+12
2.187761623949551955e+06 -7.714242831869528320e+12 2.834615758291658691e+12
2.238721138568342198e+06 -7.473792002569236328e+12 2.747916527051728516e+12
2.290867652767774649e+06 -7.239783189379355469e+12 2.663415699834280273e+12
2.344228815319922753e+06 -7.012092255408862305e+12 2.581079874603824219e+12
2.398832919019490015e+06 -6.790595241214238281e+12 2.500875041619108887e+12
2.454708915685033426e+06 -6.575168485680280273e+12 2.422766653909724121e+12
2.511886431509581860e+06 -6.365688740955603516e+12 2.346719695191543945e+12
2.570395782768864650e+06 -6.162033281548547852e+12 2.272698745220625488e+12
2.630267991895381361e+06 -5.964080007694918945e+12 2.200668042591477051e+12
2.691534803926913999e+06 -5.771707543113768555e+12 2.130591544990873047e+12
2.754228703338169027e+06 -5.584795327271886719e+12 2.062432986923616943e+12
2.818382931264454965e+06 -5.403223702281879883e+12 1.996155934931802246e+12
2.884031503126605880e+06 -5.226873994562012695e+12 1.931723840333214600e+12
2.951209226666383911e+06 -5.055628591389146484e+12 1.869100089509057129e+12
3.019951720402019098e+06 -4.889371012478560547e+12 1.808248051774909424e+12
3.090295432513591833e+06 -4.727985976726831055e+12 1.749131124872335938e+12
3.162277660168379545e+06 -4.571359464255399414e+12 1.691712778121870605e+12
3.235936569296280853e+06 -4.419378773894134766e+12 1.635956593281047852e+12
3.311311214825914241e+06 -4.271932576244950195e+12 1.581826303153781738e+12
3.388441561392027885e+06 -4.128910962466488770e+12 1.529285827999822998e+12
3.467368504525316879e+06 -3.990205488920628906e+12 1.478299309794952637e+12
3.548133892335752957e+06 -3.855709217822491211e+12 1.428831144394823730e+12
3.630780547701017465e+06 -3.725316754034329590e+12 1.380846011656451416e+12
3.715352290971728042e+06 -3.598924278143959961e+12 1.334308903573255615e+12
3.801893963205612730e+06 -3.476429575966857422e+12 1.289185150480190918e+12
3.890451449942804407e+06 -3.357732064610731934e+12 1.245440445386930908e+12
3.981071705534977838e+06 -3.242732815239309082e+12 1.203040866497437012e+12
4.073802778041129466e+06 -3.131334536978204102e+12 1.161952818772396240e+12
4.168693834703354631e+06 -3.023441374509452148e+12 1.122142566779308594e+12
4.265795188015925698e+06 -2.918959102833133301e+12 1.083576653261743896e+12
4.365158322401666082e+06 -2.817795264477143066e+12 1.046222195343352905e+12
4.466835921509635635e+06 -2.719859174026364746e+12 1.010046890833190796e+12
4.570881896148751490e+06 -2.625061919741136230e+12 9.750190221562296143e+11
4.677351412871981040e+06 -2.533316363023945801e+12 9.411074593836730957e+11
4.786300923226380721e+06 -2.444537135845149902e+12 9.082816624047851562e+11
4.897788193684466183e+06 -2.358640636236109863e+12 8.765116822812886963e+11
5.011872336272724904e+06 -2.275545021955441895e+12 8.457681618245004883e+11
5.128613839913647622e+06 -2.195170202431532959e+12 8.160223354346354980e+11
5.248074602497722954e+06 -2.117437829081902832e+12 7.872460282408452148e+11
5.370317963702532463e+06 -2.042271284106980225e+12 7.594116545795910645e+11
5.495408738576248288e+06 -1.969595667853505615e+12 7.324922158481837158e+11
5.623413251903491095e+06 -1.899337784839507812e+12 7.064612977692209473e+11
5.754399373371565714e+06 -1.831426128530464844e+12 6.812930671008663330e+11
5.888436553555896506e+06 -1.765790864953142578e+12 6.569622678268487549e+11
6.025595860743580386e+06 -1.702363815230870605e+12 6.334442168590853271e+11
6.165950018614822999e+06 -1.641078437121152832e+12 6.107147992849047852e+11
6.309573444801930338e+06 -1.581869805633829590e+12 5.887504631897894287e+11
6.456542290346561931e+06 -1.524674592804990234e+12 5.675282140856145020e+11
6.606934480075964704e+06 -1.469431046699288086e+12 5.470256089733099976e+11
6.760829753919818439e+06 -1.416078969710281006e+12 5.272207500679114380e+11
6.918309709189362824e+06 -1.364559676576784424e+12 5.080922710095128174e+11
7.079457843841387890e+06 -1.314815548140473633e+12 4.896191747768026733e+11
7.244359600749906152e+06 -1.266790083470252686e+12 4.717808541758083496e+11
7.413102413009176962e+06 -1.220428350374286377e+12 4.545572583748613892e+11
7.585775750291835517e+06 -1.175676971501293945e+12 4.379288891528284912e+11
7.762471166286927648e+06 -1.132484089178028320e+12 4.218767892818851318e+11
7.943282347242821939e+06 -1.090799330650655029e+12 4.063825309903327637e+11
8.128305161640995182e+06 -1.050573773744505859e+12 3.914282045135693970e+11
8.317637711026709527e+06 -1.011759912955687988e+12 3.769964067408850098e+11
8.511380382023759186e+06 -9.743116259866948242e+11 3.630702299651763916e+11
8.709635899560812861e+06 -9.381841407370916748e+11 3.496332507422201538e+11
8.912509381337458268e+06 -9.033340027593566895e+11 3.366695188656698608e+11
9.120108393559096381e+06 -8.697190431887290039e+11 3.241635464634653320e+11
9.332543007969902828e+06 -8.372983471551634521e+11 3.121002972209408569e+11
9.549925860214369372e+06 -8.060322226843344727e+11 3.004651757354484863e+11
9.772372209558112547e+06 -7.758821700938497314e+11 2.892440170069400635e+11
1.000000000000000000e+07 -7.468108518898706055e+11 2.784230760685341187e+11
1.023292992280753516e+07 -7.187820631685900879e+11 2.679890177607365723e+11
1.047128548050900735e+07 -6.917607025261507568e+11 2.579289066526035461e+11
1.071519305237607099e+07 -6.657127434798720703e+11 2.482301971127976379e+11
1.096478196143184975e+07 -6.406052064028891602e+11 2.388807235331463013e+11
1.122018454301963001e+07 -6.164061309736883545e+11 2.298686907070039978e+11
1.148153621496884152e+07 -5.930845491412904053e+11 2.211826643644045715e+11
1.174897554939530417e+07 -5.706104582518050537e+11 2.128115617141065979e+11
1.202264434617413208e+07 -5.489547193366836548e+11 2.047446099174552002e+11
1.230268770812381059e+07 -5.280889540940463867e+11 1.969713039353739014e+11
1.258925411794168688e+07 -5.079856874409736938e+11 1.894814693473829041e+11
1.288249551693134941e+07 -4.886183448588599854e+11 1.822652630225683899e+11
1.318256738556407392e+07 -4.699612250697405396e+11 1.753131631857086487e+11
1.348962882591653243e+07 -4.519894734564060059e+11 1.686159597478772583e+11
1.380384264602886885e+07 -4.346790562092412109e+11 1.621647448957487793e+11
1.412537544622755423e+07 -4.180067351831058350e+11 1.559509039339375610e+11
1.445439770745928027e+07 -4.019500434477370605e+11 1.499661063747552185e+11
1.479108388168207183e+07 -3.864872615155092163e+11 1.442022972698674316e+11
1.513561248436207324e+07 -3.715973942305993042e+11 1.386516887783995667e+11
1.548816618912482820e+07 -3.572601483038854370e+11 1.333067519661184387e+11
1.584893192461114004e+07 -3.434559104781870117e+11 1.281602088304079285e+11
1.621810097358930111e+07 -3.301657263087014771e+11 1.232050245458235168e+11
1.659586907437559776e+07 -3.173712795437768555e+11 1.184343999251047211e+11
1.698243652461745963e+07 -3.050548720914158325e+11 1.138417640905960846e+11
1.737800828749376163e+07 -2.931994045571702881e+11 1.094207673511140594e+11
1.778279410038922727e+07 -2.817883573393424072e+11 1.051652742793747559e+11
1.819700858609982207e+07 -2.708057722677002258e+11 1.010693569851877441e+11
1.862087136662869155e+07 -2.602362347721243896e+11 9.712728857969216919e+10
1.905460717963248491e+07 -2.500648565679226074e+11 9.333353682600320435e+10
1.949844599758045748e+07 -2.402772588447370911e+11 8.968275797170816040e+10
1.995262314968878776e+07 -2.308595559462968445e+11 8.616979075874652100e+10
2.041737944669531658e+07 -2.217983306714574280e+11 8.278964725189978027e+10
2.089296130854040757e+07 -2.130805827016602173e+11 7.953749348102462769e+10
2.137962089502232149e+07 -2.046937521569772949e+11 7.640865852841740417e+10
2.187761623949551955e+07 -1.966257218234202881e+11 7.339863553279714966e+10
2.238721138568342477e+07 -1.888648021325719910e+11 7.050307615450215149e+10
2.290867652767774835e+07 -1.813997166195624695e+11 6.771778521517297363e+10
2.344228815319922939e+07 -1.742195878577527466e+11 6.503871551159490204e+10
2.398832919019489363e+07 -1.673139238550572510e+11 6.246196279826592255e+10
2.454708915685033426e+07 -1.606726048972556152e+11 5.998376093340954590e+10
2.511886431509582326e+07 -1.542858708241225586e+11 5.760047718331748199e+10
2.570395782768864930e+07 -1.481443087246209717e+11 5.530860768005660248e+10
2.630267991895380989e+07 -1.422388410378470154e+11 5.310477302773037720e+10
2.691534803926913440e+07 -1.365607140468057251e+11 5.098571405262457275e+10
2.754228703338168934e+07 -1.311014867525065155e+11 4.894828769271065521e+10
2.818382931264454871e+07 -1.258530201162523651e+11 4.698946302211927032e+10
2.884031503126605973e+07 -1.208074666583598175e+11 4.510631740632377625e+10
2.951209226666383818e+07 -1.159572604019317932e+11 4.329603278391027069e+10
3.019951720402019098e+07 -1.112951071506338043e+11 4.155589207092922974e+10
3.090295432513592020e+07 -1.068139750897829895e+11 3.988327568395028687e+10
3.162277660168379173e+07 -1.025070857003788452e+11 3.827565817805560303e+10
3.235936569296281040e+07 -9.836790497603758240e+10 3.673060499612701416e+10
3.311311214825914800e+07 -9.439013493309228516e+10 3.524576932588823700e+10
3.388441561392027140e+07 -9.056770540443319702e+10 3.381888906127586365e+10
3.467368504525316507e+07 -8.689476610794369507e+10 3.244778386481281281e+10
3.548133892335753143e+07 -8.336567898068856812e+10 3.113035232776573944e+10
3.630780547701017559e+07 -7.997501077026948547e+10 2.986456922496069717e+10
3.715352290971727669e+07 -7.671752587504385376e+10 2.864848286123178482e+10
3.801893963205612451e+07 -7.358817942514938354e+10 2.748021250656597900e+10
3.890451449942804873e+07 -7.058211059654441833e+10 2.635794591710314178e+10
3.981071705534976721e+07 -6.769463615050044250e+10 2.527993693923225784e+10
4.073802778041130304e+07 -6.492124591232716370e+10 2.424450379149071121e+10
4.168693834703355283e+07 -6.225760717229857635e+10 2.325003044793891907e+10
4.265795188015925884e+07 -5.969954984209012604e+10 2.229496134647457504e+10
4.365158322401665896e+07 -5.724305475045726776e+10 2.137779719091660309e+10
4.466835921509634703e+07 -5.488424847392813110e+10 2.049709302551488113e+10
4.570881896148752421e+07 -5.261939836046676636e+10 1.965145638054504395e+10
4.677351412871981412e+07 -5.044490771022335052e+10 1.883954547641838837e+10
4.786300923226380348e+07 -4.835731110892993927e+10 1.806006748465213013e+10
4.897788193684465438e+07 -4.635326990960753632e+10 1.731177684408563995e+10
5.011872336272724718e+07 -4.442956785835414886e+10 1.659347363076687241e+10
5.128613839913647622e+07 -4.258310686008096313e+10 1.590400197996961594e+10
5.248074602497722954e+07 -4.081090288017070007e+10 1.524224855884192085e+10
5.370317963702532649e+07 -3.911008197812245941e+10 1.460714108822002220e+10
5.495408738576248288e+07 -3.747787646935068512e+10 1.399764691218015289e+10
5.623413251903490722e+07 -3.591162121139437866e+10 1.341277161393404388e+10
5.754399373371567577e+07 -3.440875001089256287e+10 1.285155767671087646e+10
5.888436553555896133e+07 -3.296679214776741791e+10 1.231308318830037308e+10
6.025595860743580759e+07 -3.158336901315056229e+10 1.179646058796683693e+10
6.165950018614822626e+07 -3.025619085767244339e+10 1.130083545447518730e+10
6.309573444801929593e+07 -2.898305364682553101e+10 1.082538533400424767e+10
6.456542290346561372e+07 -2.776183602019261169e+10 1.036931860675209236e+10
6.606934480075964332e+07 -2.659049635141774750e+10 9.931873391070896149e+09
6.760829753919818997e+07 -2.546706990587608719e+10 9.512316483997558594e+09
6.918309709189362824e+07 -2.438966609308230591e+10 9.109942337077871323e+09
7.079457843841388822e+07 -2.335646581095188904e+10 8.724072066409519196e+09
7.244359600749905407e+07 -2.236571887910913467e+10 8.354052495858934402e+09
7.413102413009177148e+07 -2.141574155850810242e+10 7.999255232434028625e+09
7.585775750291836262e+07 -2.050491415470942307e+10 7.659075772823268890e+09
7.762471166286927462e+07 -1.963167870222478867e+10 7.332932640137359619e+09
7.943282347242820263e+07 -1.879453672741359711e+10 7.020266549916712761e+09
8.128305161640995741e+07 -1.799204708748289871e+10 6.720539604492849350e+09
8.317637711026708782e+07 -1.722282388321202087e+10 6.433234514817938805e+09
8.511380382023777068e+07 -1.648553444308616638e+10 6.157853848900134087e+09
8.709635899560813606e+07 -1.577889737658995438e+10 5.893919306007201195e+09
8.912509381337459385e+07 -1.510168069447279930e+10 5.640971015823586464e+09
9.120108393559095263e+07 -1.445269999386179543e+10 5.398566861769908905e+09
9.332543007969905436e+07 -1.383081670615580368e+10 5.166281827715300560e+09
9.549925860214367509e+07 -1.323493640569421959e+10 4.943707367335469246e+09
9.772372209558111429e+07 -1.266400717725116539e+10 4.730450795390517235e+09
1.000000000000000000e+08 -1.211701804046094131e+10 4.526134700217149734e+09
