# mphi[eV]; Yb:Xcoeffs [Hz]:	Yb+:S1/2->D5/2; Yb+:S1/2->F7/2;
1.000000000000000000e+00 -3.149410968387544375e+14 2.571409426668460500e+15
1.023292992280699920e+00 -3.149500347488031875e+14 2.571904545624803500e+15
1.047128548050800134e+00 -3.149587507523084375e+14 2.572385002705705000e+15
1.071519305237599973e+00 -3.149672460356048750e+14 2.572850940056560000e+15
1.096478196143099826e+00 -3.149755217850259375e+14 2.573302499822764500e+15
1.122018454301899837e+00 -3.149835791869085000e+14 2.573739824149713000e+15
1.148153621496800003e+00 -3.149914194275838750e+14 2.574163055182802000e+15
1.174897554939499988e+00 -3.149990436933884375e+14 2.574572335067425500e+15
1.202264434617400068e+00 -3.150064531706565000e+14 2.574967805948981000e+15
1.230268770812299906e+00 -3.150136490457217500e+14 2.575349609972863000e+15
1.258925411794100002e+00 -3.150206325049188750e+14 2.575717889284466500e+15
1.288249551693100070e+00 -3.150274047345830000e+14 2.576072786029187000e+15
1.318256738556399910e+00 -3.150339669210479375e+14 2.576414442352420500e+15
1.348962882591600021e+00 -3.150403202506474375e+14 2.576743000399563000e+15
1.380384264602800171e+00 -3.150464659097169375e+14 2.577058602316008000e+15
1.412537544622699981e+00 -3.150524050845909375e+14 2.577361390247154000e+15
1.445439770745899910e+00 -3.150581389616037500e+14 2.577651506338392500e+15
1.479108388168200117e+00 -3.150636687270890625e+14 2.577929092735122000e+15
1.513561248436199991e+00 -3.150689955673817500e+14 2.578194291582737000e+15
1.548816618912399967e+00 -3.150741206688160625e+14 2.578447245026633000e+15
1.584893192461100053e+00 -3.150790452177268125e+14 2.578688095212205000e+15
1.621810097358900027e+00 -3.150837704004489375e+14 2.578916984284849000e+15
1.659586907437500036e+00 -3.150882974033158125e+14 2.579134054389960500e+15
1.698243652461699948e+00 -3.150926274126613750e+14 2.579339447672934500e+15
1.737800828749299864e+00 -3.150967616148223125e+14 2.579533306279166500e+15
1.778279410038899888e+00 -3.151007011961312500e+14 2.579715772354052500e+15
1.819700858609899941e+00 -3.151044473429230000e+14 2.579886988042988000e+15
1.862087136662799791e+00 -3.151080012415320000e+14 2.580047095491368000e+15
1.905460717963200157e+00 -3.151113640782930000e+14 2.580196236844587000e+15
1.949844599758000063e+00 -3.151145370395405000e+14 2.580334554248042000e+15
1.995262314968800021e+00 -3.151175213116080000e+14 2.580462189847128000e+15
2.041737944669499871e+00 -3.151203180808308750e+14 2.580579285787240500e+15
2.089296130854000122e+00 -3.151229285335430000e+14 2.580685984213775000e+15
2.137962089502200236e+00 -3.151253538560781250e+14 2.580782427272126500e+15
2.187761623949500134e+00 -3.151275952347723125e+14 2.580868757107690500e+15
2.238721138568299907e+00 -3.151296538559601250e+14 2.580945115865862500e+15
2.290867652767699880e+00 -3.151315309059740625e+14 2.581011645692039500e+15
2.344228815319899795e+00 -3.151332275711496875e+14 2.581068488731614000e+15
2.398832919019400212e+00 -3.151347450378221250e+14 2.581115787129984000e+15
2.454708915684999937e+00 -3.151360844923238125e+14 2.581153683032544000e+15
2.511886431509500195e+00 -3.151372471209911250e+14 2.581182318584688000e+15
2.570395782768799986e+00 -3.151382341101583750e+14 2.581201835931814000e+15
2.630267991895300028e+00 -3.151390466461584375e+14 2.581212377219317500e+15
2.691534803926900032e+00 -3.151396859153268125e+14 2.581214084592591000e+15
2.754228703338100104e+00 -3.151401531039982500e+14 2.581207100197032500e+15
2.818382931264399982e+00 -3.151404493985056250e+14 2.581191566178036000e+15
2.884031503126599727e+00 -3.151405759851861875e+14 2.581167624680998500e+15
2.951209226666299923e+00 -3.151405340503715000e+14 2.581135417851314500e+15
3.019951720402000106e+00 -3.151403247803968125e+14 2.581095087834380000e+15
3.090295432513499918e+00 -3.151399493615975625e+14 2.581046776775589000e+15
3.162277660168300031e+00 -3.151394089803079375e+14 2.580990626820338000e+15
3.235936569296200105e+00 -3.151387048228609375e+14 2.580926780114022500e+15
3.311311214825900073e+00 -3.151378380755925625e+14 2.580855378802038500e+15
3.388441561391999812e+00 -3.151368099248365000e+14 2.580776565029781000e+15
3.467368504525300210e+00 -3.151356215569275000e+14 2.580690480942644500e+15
3.548133892335699979e+00 -3.151342741581997500e+14 2.580597268686025500e+15
3.630780547701000227e+00 -3.151327689149878750e+14 2.580497070405318500e+15
3.715352290971700278e+00 -3.151311070136256875e+14 2.580390028245921000e+15
3.801893963205599913e+00 -3.151292896404487500e+14 2.580276284353226500e+15
3.890451449942800011e+00 -3.151273179817904375e+14 2.580155980872631000e+15
3.981071705534899863e+00 -3.151251932239861875e+14 2.580029259949529500e+15
4.073802778041099693e+00 -3.151229165533695000e+14 2.579896263729318500e+15
4.168693834703299572e+00 -3.151204891562750000e+14 2.579757134357393000e+15
4.265795188015899519e+00 -3.151179122190375625e+14 2.579612013979148500e+15
4.365158322401600621e+00 -3.151151869279922500e+14 2.579461044739979000e+15
4.466835921509599849e+00 -3.151123144694711875e+14 2.579304368785282500e+15
4.570881896148700108e+00 -3.151092960298105000e+14 2.579142128260452000e+15
4.677351412871900038e+00 -3.151061327953448125e+14 2.578974465310885000e+15
4.786300923226300519e+00 -3.151028259524076250e+14 2.578801522081976000e+15
4.897788193684400326e+00 -3.150993766873337500e+14 2.578623440719121000e+15
5.011872336272700679e+00 -3.150957861864572500e+14 2.578440363367716000e+15
5.128613839913600536e+00 -3.150920556361135000e+14 2.578252432173152500e+15
5.248074602497700525e+00 -3.150881862226368125e+14 2.578059789280830500e+15
5.370317963702500030e+00 -3.150841791323601250e+14 2.577862576836144000e+15
5.495408738576199603e+00 -3.150800355516196875e+14 2.577660936984488000e+15
5.623413251903399690e+00 -3.150757566667495000e+14 2.577455011871259000e+15
5.754399373371500204e+00 -3.150713436640826875e+14 2.577244943641851500e+15
5.888436553555799868e+00 -3.150667977299563125e+14 2.577030874441660000e+15
6.025595860743499621e+00 -3.150621200507018750e+14 2.576812946416082000e+15
6.165950018614799966e+00 -3.150573118126549375e+14 2.576591301710512500e+15
6.309573444801899633e+00 -3.150523742021505625e+14 2.576366082470345000e+15
6.456542290346500401e+00 -3.150473084055225625e+14 2.576137430840978000e+15
6.606934480075899785e+00 -3.150421156091060625e+14 2.575905488967805500e+15
6.760829753919800567e+00 -3.150367969992340000e+14 2.575670398996222500e+15
6.918309709189299994e+00 -3.150313537622426250e+14 2.575432303071624000e+15
7.079457843841299614e+00 -3.150257870844650000e+14 2.575191343339407000e+15
7.244359600749800343e+00 -3.150200981522358125e+14 2.574947661944967000e+15
7.413102413009100111e+00 -3.150142881518905625e+14 2.574701401033697000e+15
7.585775750291800179e+00 -3.150083582697616875e+14 2.574452702750996000e+15
7.762471166286900370e+00 -3.150023096921860000e+14 2.574201709242256000e+15
7.943282347242799801e+00 -3.149961436054961250e+14 2.573948562652874500e+15
8.128305161640899001e+00 -3.149898611960270625e+14 2.573693405128247000e+15
8.317637711026700131e+00 -3.149834636501133750e+14 2.573436378813768000e+15
8.511380382023700619e+00 -3.149769521540896250e+14 2.573177625854833500e+15
8.709635899560799643e+00 -3.149703278942891875e+14 2.572917288396838500e+15
8.912509381337400782e+00 -3.149635920570478750e+14 2.572655508585180000e+15
9.120108393558998827e+00 -3.149567458286997500e+14 2.572392428565252000e+15
9.332543007969899662e+00 -3.149497903955783125e+14 2.572128190482449000e+15
9.549925860214299789e+00 -3.149427269440190625e+14 2.571862936482168000e+15
9.772372209558099598e+00 -3.149355566603561875e+14 2.571596808709804500e+15
1.000000000000000000e+01 -3.149282807309238750e+14 2.571329949310754000e+15
1.023292992280750013e+01 -3.149209003420568750e+14 2.571062500430411000e+15
1.047128548050890018e+01 -3.149134166800893125e+14 2.570794604214171500e+15
1.071519305237600150e+01 -3.149058309313551250e+14 2.570526402807431000e+15
1.096478196143180028e+01 -3.148981442821897500e+14 2.570258038355584500e+15
1.122018454301959878e+01 -3.148903579189278750e+14 2.569989653004029000e+15
1.148153621496880028e+01 -3.148824730279024375e+14 2.569721388898157500e+15
1.174897554939519928e+01 -3.148744907954487500e+14 2.569453388183368000e+15
1.202264434617410060e+01 -3.148664124079023125e+14 2.569185793005053000e+15
1.230268770812380019e+01 -3.148582390515944375e+14 2.568918745508612000e+15
1.258925411794159999e+01 -3.148499719128629375e+14 2.568652387839436000e+15
1.288249551693130002e+01 -3.148416121780412500e+14 2.568386862142924000e+15
1.318256738556400087e+01 -3.148331610334620625e+14 2.568122310564468000e+15
1.348962882591649937e+01 -3.148246196654624375e+14 2.567858875249467000e+15
1.380384264602879973e+01 -3.148159892603743125e+14 2.567596698343314000e+15
1.412537544622749941e+01 -3.148072710045341875e+14 2.567335921991406000e+15
1.445439770745919894e+01 -3.147984660842753125e+14 2.567076688339138500e+15
1.479108388168200072e+01 -3.147895756859328125e+14 2.566819139531904500e+15
1.513561248436199946e+01 -3.147806009958396250e+14 2.566563417715103000e+15
1.548816618912480081e+01 -3.147715432003325625e+14 2.566309665034127000e+15
1.584893192461109912e+01 -3.147624034857446250e+14 2.566058023634372000e+15
1.621810097358929781e+01 -3.147531830384095000e+14 2.565808635661234500e+15
1.659586907437559944e+01 -3.147438830446628125e+14 2.565561643260110500e+15
1.698243652461740183e+01 -3.147345046908401250e+14 2.565317188576392500e+15
1.737800828749369941e+01 -3.147250491632733125e+14 2.565075413755480000e+15
1.778279410038920005e+01 -3.147155176482976250e+14 2.564836460942764500e+15
1.819700858609980187e+01 -3.147059113322480625e+14 2.564600472283644500e+15
1.862087136662859876e+01 -3.146962314014590000e+14 2.564367589923513000e+15
1.905460717963240214e+01 -3.146864790422644375e+14 2.564137956007768500e+15
1.949844599758040076e+01 -3.146766554409992500e+14 2.563911712681804000e+15
1.995262314968879735e+01 -3.146667617839971250e+14 2.563689002091016000e+15
2.041737944669520033e+01 -3.146567992575936250e+14 2.563469966380798500e+15
2.089296130854030054e+01 -3.146467690481221250e+14 2.563254747696549000e+15
2.137962089502230256e+01 -3.146366723419176250e+14 2.563043488183661000e+15
2.187761623949549872e+01 -3.146265103253145000e+14 2.562836329987532000e+15
2.238721138568340052e+01 -3.146162841846468750e+14 2.562633415253556000e+15
2.290867652767769869e+01 -3.146059951062498750e+14 2.562434886127128500e+15
2.344228815319919690e+01 -3.145956442764577500e+14 2.562240884753645500e+15
2.398832919019490006e+01 -3.145852328816037500e+14 2.562051553278502500e+15
2.454708915685030135e+01 -3.145747621080235625e+14 2.561867033847094500e+15
2.511886431509580220e+01 -3.145642331420513125e+14 2.561687468604818000e+15
2.570395782768860116e+01 -3.145536471700221250e+14 2.561512999697066500e+15
2.630267991895379964e+01 -3.145430053782685625e+14 2.561343769269236500e+15
2.691534803926910158e+01 -3.145323089531264375e+14 2.561179919466724000e+15
2.754228703338160145e+01 -3.145215590809296250e+14 2.561021592434924000e+15
2.818382931264450164e+01 -3.145107569480136875e+14 2.560868930319232000e+15
2.884031503126599816e+01 -3.144999037407114375e+14 2.560722075265043000e+15
2.951209226666379948e+01 -3.144890006453585625e+14 2.560581169417753000e+15
3.019951720402010054e+01 -3.144780488482887500e+14 2.560446354922757000e+15
3.090295432513590157e+01 -3.144670495358368125e+14 2.560317773925452000e+15
3.162277660168370019e+01 -3.144560038943371250e+14 2.560195568571231500e+15
3.235936569296279686e+01 -3.144449131101241250e+14 2.560079881005491000e+15
3.311311214825909843e+01 -3.144337783695320000e+14 2.559970853373626000e+15
3.388441561392019707e+01 -3.144226008588954375e+14 2.559868627821034000e+15
3.467368504525310158e+01 -3.144113817645486250e+14 2.559773346493108500e+15
3.548133892335750517e+01 -3.144001222728261875e+14 2.559685151535245500e+15
3.630780547701009908e+01 -3.143888235700628750e+14 2.559604185092840000e+15
3.715352290971719640e+01 -3.143774868425924375e+14 2.559530589311287500e+15
3.801893963205609595e+01 -3.143661132767495625e+14 2.559464506335985500e+15
3.890451449942800366e+01 -3.143547040588684375e+14 2.559406078312327000e+15
3.981071705534969851e+01 -3.143432603752840625e+14 2.559355447385708000e+15
4.073802778041119410e+01 -3.143317834123309375e+14 2.559312755701524000e+15
4.168693834703349665e+01 -3.143202743563426250e+14 2.559278145405171000e+15
4.265795188015920303e+01 -3.143087343936546875e+14 2.559251758642042500e+15
4.365158322401659774e+01 -3.142971647106010625e+14 2.559233737557537500e+15
4.466835921509630225e+01 -3.142855664935153125e+14 2.559224224297049000e+15
4.570881896148750201e+01 -3.142739409287327500e+14 2.559223361005973000e+15
4.677351412871980330e+01 -3.142622892025878750e+14 2.559231289829704000e+15
4.786300923226380633e+01 -3.142506125014150625e+14 2.559248152913638500e+15
4.897788193684460367e+01 -3.142389120115483750e+14 2.559274092403172000e+15
5.011872336272720219e+01 -3.142271889193226875e+14 2.559309250443700000e+15
5.128613839913639794e+01 -3.142154444110715625e+14 2.559353769180617500e+15
5.248074602497720065e+01 -3.142036796731306875e+14 2.559407790759320500e+15
5.370317963702520103e+01 -3.141918958918338125e+14 2.559471457325203500e+15
5.495408738576239926e+01 -3.141800942535155625e+14 2.559544911023663000e+15
5.623413251903490107e+01 -3.141682759445101875e+14 2.559628294000093000e+15
5.754399373371559534e+01 -3.141564421511518750e+14 2.559721748399891000e+15
5.888436553555889930e+01 -3.141445940597758125e+14 2.559825416368450000e+15
6.025595860743569432e+01 -3.141327328567153750e+14 2.559939440051169500e+15
6.165950018614820038e+01 -3.141208597283060000e+14 2.560063961593440000e+15
6.309573444801930009e+01 -3.141089758608814375e+14 2.560199123140660000e+15
6.456542290346548896e+01 -3.140970824407760625e+14 2.560345066838224500e+15
6.606934480075959470e+01 -3.140851806543253125e+14 2.560501934831528000e+15
6.760829753919810514e+01 -3.140732693322604375e+14 2.560669848556256000e+15
6.918309709189360035e+01 -3.140612697901271875e+14 2.560848247959240000e+15
7.079457843841380793e+01 -3.140490101015936250e+14 2.561035753234370000e+15
7.244359600749899641e+01 -3.140363128057025625e+14 2.561230935916868000e+15
7.413102413009170277e+01 -3.140230004414965000e+14 2.561432367541957000e+15
7.585775750291840325e+01 -3.140088955480178125e+14 2.561638619644862500e+15
7.762471166286910318e+01 -3.139938206643088125e+14 2.561848263760810000e+15
7.943282347242809749e+01 -3.139775983294123750e+14 2.562059871425020500e+15
8.128305161640990661e+01 -3.139600510823718750e+14 2.562272014172722000e+15
8.317637711026699776e+01 -3.139410014622278750e+14 2.562483263539136000e+15
8.511380382023760660e+01 -3.139202720080250625e+14 2.562692191059488000e+15
8.709635899560799999e+01 -3.138976852588040000e+14 2.562897368269001000e+15
8.912509381337449099e+01 -3.138730637536080000e+14 2.563097366702900500e+15
9.120108393559090132e+01 -3.138462300314803125e+14 2.563290757896410500e+15
9.332543007969908899e+01 -3.138170066314625000e+14 2.563476113384754500e+15
9.549925860214349882e+01 -3.137852160925983125e+14 2.563652004703157500e+15
9.772372209558099598e+01 -3.137506809539296875e+14 2.563817003386843000e+15
1.000000000000000000e+02 -3.137132237544976875e+14 2.563969680971037500e+15
1.023292992280753992e+02 -3.136726670333468750e+14 2.564108608990961000e+15
1.047128548050899042e+02 -3.136288333295194375e+14 2.564232358981841500e+15
1.071519305237606972e+02 -3.135815451820576250e+14 2.564339502478901500e+15
1.096478196143185073e+02 -3.135306251300031875e+14 2.564428611017366000e+15
1.122018454301963004e+02 -3.134758957124006875e+14 2.564498256132457500e+15
1.148153621496882977e+02 -3.134171794682913750e+14 2.564547009359402000e+15
1.174897554939528987e+02 -3.133542989367169375e+14 2.564573442233424000e+15
1.202264434617412974e+02 -3.132870766567210000e+14 2.564576126289746500e+15
1.230268770812381121e+02 -3.132153351673464375e+14 2.564553633063595000e+15
1.258925411794166962e+02 -3.131388970076346875e+14 2.564504534090192500e+15
1.288249551693133128e+02 -3.130575847166296875e+14 2.564427400904762500e+15
1.318256738556407015e+02 -3.129712208333723750e+14 2.564320805042531500e+15
1.348962882591653170e+02 -3.128796278969060000e+14 2.564183318038723000e+15
1.380384264602884912e+02 -3.127826284462743125e+14 2.564013511428559000e+15
1.412537544622753956e+02 -3.126800450205180625e+14 2.563809956747268000e+15
1.445439770745927888e+02 -3.125717001586802500e+14 2.563571225530069500e+15
1.479108388168207000e+02 -3.124574163998038750e+14 2.563295889312191500e+15
1.513561248436207904e+02 -3.123370162829321250e+14 2.562982519628856000e+15
1.548816618912481147e+02 -3.122103223471060000e+14 2.562629688015288500e+15
1.584893192461113927e+02 -3.120771571313685000e+14 2.562235966006712000e+15
1.621810097358928999e+02 -3.119373431747628750e+14 2.561799925138352000e+15
1.659586907437561081e+02 -3.117907030163314375e+14 2.561320136945432000e+15
1.698243652461743807e+02 -3.116370591951163125e+14 2.560795172963176000e+15
1.737800828749375910e+02 -3.114762342501600000e+14 2.560223604726808500e+15
1.778279410038923061e+02 -3.113080507205056250e+14 2.559604003771555000e+15
1.819700858609983811e+02 -3.111323311451958125e+14 2.558934941632637000e+15
1.862087136662866840e+02 -3.109488980632717500e+14 2.558214989845281000e+15
1.905460717963247816e+02 -3.107575740137780625e+14 2.557442719944710500e+15
1.949844599758044978e+02 -3.105581815357551875e+14 2.556616703466149500e+15
1.995262314968879878e+02 -3.103505431682470625e+14 2.555735511944822500e+15
2.041737944669528986e+02 -3.101344814502963125e+14 2.554797716915953500e+15
2.089296130854038154e+02 -3.099098189209445625e+14 2.553801889914767500e+15
2.137962089502231890e+02 -3.096763781192346250e+14 2.552746602476488000e+15
2.187761623949550938e+02 -3.094339815842092500e+14 2.551630426136339000e+15
2.238721138568340052e+02 -3.091824518549113125e+14 2.550451932429545500e+15
2.290867652767772142e+02 -3.089216114703828125e+14 2.549209692891330500e+15
2.344228815319922035e+02 -3.086512829696667500e+14 2.547902279056920000e+15
2.398832919019489793e+02 -3.083712888918053125e+14 2.546528262461536000e+15
2.454708915685031059e+02 -3.080814517758410625e+14 2.545086214640405000e+15
2.511886431509579154e+02 -3.077815941608161250e+14 2.543574707128749500e+15
2.570395782768864024e+02 -3.074715385857741875e+14 2.541992311461796000e+15
2.630267991895381101e+02 -3.071511075897570625e+14 2.540337599174765000e+15
2.691534803926916197e+02 -3.068201237118071250e+14 2.538609141802884000e+15
2.754228703338166042e+02 -3.064784094909675625e+14 2.536805510881376000e+15
2.818382931264454783e+02 -3.061257874662805625e+14 2.534925277945464500e+15
2.884031503126605003e+02 -3.057620801767885625e+14 2.532967014530375500e+15
2.951209226666387053e+02 -3.053871101615339375e+14 2.530929292171332500e+15
3.019951720402016235e+02 -3.050006999595598125e+14 2.528810682403558500e+15
3.090295432513592004e+02 -3.046026721099084375e+14 2.526609756762279500e+15
3.162277660168379043e+02 -3.041927661929136250e+14 2.524324800500072000e+15
3.235936569296283665e+02 -3.037700293670871250e+14 2.521951709387346500e+15
3.311311214825910838e+02 -3.033331644470175625e+14 2.519485190896247500e+15
3.388441561392027097e+02 -3.028808717455954375e+14 2.516919943865792000e+15
3.467368504525315984e+02 -3.024118515757123125e+14 2.514250667134996000e+15
3.548133892335757196e+02 -3.019248042502596250e+14 2.511472059542880000e+15
3.630780547701014029e+02 -3.014184300821282500e+14 2.508578819928461000e+15
3.715352290971724187e+02 -3.008914293842096875e+14 2.505565647130757000e+15
3.801893963205612295e+02 -3.003425024693948750e+14 2.502427239988784000e+15
3.890451449942805198e+02 -2.997703496505746875e+14 2.499158297341562000e+15
3.981071705534973262e+02 -2.991736712406403125e+14 2.495753518028108000e+15
4.073802778041126089e+02 -2.985511675524833125e+14 2.492207600887440000e+15
4.168693834703354923e+02 -2.979015388989948125e+14 2.488515244758576000e+15
4.265795188015924850e+02 -2.972234855930649375e+14 2.484671148480533500e+15
4.365158322401661053e+02 -2.965157079475866250e+14 2.480670010892330000e+15
4.466835921509629657e+02 -2.957769062754487500e+14 2.476506530832985000e+15
4.570881896148752048e+02 -2.950057808895448750e+14 2.472175407141514500e+15
4.677351412871981324e+02 -2.942010321027642500e+14 2.467671338656937500e+15
4.786300923226384612e+02 -2.933613602279991875e+14 2.462989024218270500e+15
4.897788193684460794e+02 -2.924854655781403750e+14 2.458123162664533500e+15
5.011872336272724624e+02 -2.915720484660791875e+14 2.453068452834741500e+15
5.128613839913648462e+02 -2.906198092047064375e+14 2.447819593567915000e+15
5.248074602497728165e+02 -2.896274481069131875e+14 2.442371283703070000e+15
5.370317963702526640e+02 -2.885936654855909375e+14 2.436718222079226500e+15
5.495408738576248879e+02 -2.875171616536306875e+14 2.430855107535399500e+15
5.623413251903490391e+02 -2.863966369239238750e+14 2.424776638910609000e+15
5.754399373371572892e+02 -2.852307916093610625e+14 2.418477515043871500e+15
5.888436553555890214e+02 -2.840183260228335625e+14 2.411952434774205500e+15
6.025595860743580943e+02 -2.827579404772326250e+14 2.405196096940630000e+15
6.165950018614821602e+02 -2.814483352854499688e+14 2.398203200382160500e+15
6.309573444801935693e+02 -2.800882107603760938e+14 2.390968443937816000e+15
6.456542290346556001e+02 -2.786762672149020938e+14 2.383486526446614000e+15
6.606934480075957481e+02 -2.772112049619190000e+14 2.375752146747574500e+15
6.760829753919819041e+02 -2.756917243143183125e+14 2.367760003679712000e+15
6.918309709189362593e+02 -2.741165255849914062e+14 2.359504796082046000e+15
7.079457843841380509e+02 -2.724843090868291250e+14 2.350981222793594000e+15
7.244359600749899073e+02 -2.707937751327223125e+14 2.342183982653375000e+15
7.413102413009177099e+02 -2.690436240355628125e+14 2.333107774500405000e+15
7.585775750291835493e+02 -2.672325561082406250e+14 2.323747297173702500e+15
7.762471166286919697e+02 -2.653592716636484062e+14 2.314097249512286500e+15
7.943282347242814012e+02 -2.634224710146758125e+14 2.304152330355174000e+15
8.128305161640995493e+02 -2.614208544742156875e+14 2.293907238541382000e+15
8.317637711026708303e+02 -2.593531223551576250e+14 2.283356672909929500e+15
8.511380382023767197e+02 -2.572179924119080938e+14 2.272495369016664000e+15
8.709635899560804546e+02 -2.550148810801327188e+14 2.261319533239266000e+15
8.912509381337458763e+02 -2.527441245329978750e+14 2.249827308131577000e+15
9.120108393559096385e+02 -2.504061216463770938e+14 2.238016968245414750e+15
9.332543007969915152e+02 -2.480012712961438125e+14 2.225886788132592250e+15
9.549925860214359545e+02 -2.455299723581710000e+14 2.213435042344922500e+15
9.772372209558112672e+02 -2.429926237083317188e+14 2.200660005434221750e+15
1.000000000000000000e+03 -2.403896242224996250e+14 2.187559951952305250e+15
1.023292992280754788e+03 -2.377213727765472500e+14 2.174133156450986500e+15
1.047128548050899553e+03 -2.349882682463485000e+14 2.160377893482079500e+15
1.071519305237607114e+03 -2.321907095077758750e+14 2.146292437597400000e+15
1.096478196143185187e+03 -2.293290954367036562e+14 2.131875063348762750e+15
1.122018454301964312e+03 -2.264038249090038750e+14 2.117124045287981250e+15
1.148153621496882806e+03 -2.234152968005505000e+14 2.102037657966871500e+15
1.174897554939530437e+03 -2.203639099872164375e+14 2.086614175937246750e+15
1.202264434617413144e+03 -2.172500633448749375e+14 2.070851873750923000e+15
1.230268770812381263e+03 -2.140741557493993750e+14 2.054749025959713750e+15
1.258925411794167530e+03 -2.108365860766626875e+14 2.038303907115432750e+15
1.288249551693133526e+03 -2.075377532025381562e+14 2.021514791769897750e+15
1.318256738556407754e+03 -2.041780560028990000e+14 2.004379954474920000e+15
1.348962882591653170e+03 -2.007578933536187812e+14 1.986897669782316000e+15
1.380384264602885196e+03 -1.972776641305700625e+14 1.969066212243899000e+15
1.412537544622754012e+03 -1.937377672096263438e+14 1.950883856411485250e+15
1.445439770745928172e+03 -1.901386014666608750e+14 1.932348876836888250e+15
1.479108388168207284e+03 -1.864805657775470312e+14 1.913459548071923000e+15
1.513561248436208871e+03 -1.827640590181577500e+14 1.894214144668404000e+15
1.548816618912481317e+03 -1.789894800643666250e+14 1.874610941178146000e+15
1.584893192461114040e+03 -1.751572277920462188e+14 1.854648212152962500e+15
1.621810097358929852e+03 -1.712677010770702188e+14 1.834324232144670000e+15
1.659586907437561194e+03 -1.673212987953115312e+14 1.813637275705081250e+15
1.698243652461744432e+03 -1.633184198226439688e+14 1.792585617386013500e+15
1.737800828749376251e+03 -1.592594630349400312e+14 1.771167531739277500e+15
1.778279410038922833e+03 -1.551448273080732812e+14 1.749381293316691750e+15
1.819700858609984380e+03 -1.509749115179166875e+14 1.727225176670067750e+15
1.862087136662867579e+03 -1.467501145403438125e+14 1.704697456351222500e+15
1.905460717963248271e+03 -1.424708352512275625e+14 1.681796406911968750e+15
1.949844599758045661e+03 -1.381374725264413906e+14 1.658520302904122000e+15
1.995262314968880901e+03 -1.337504252418583594e+14 1.634867418879496750e+15
2.041737944669529725e+03 -1.293106917530030156e+14 1.610838146521468500e+15
2.089296130854041166e+03 -1.248225427020161406e+14 1.586444433971173250e+15
2.137962089502232629e+03 -1.202913597094852031e+14 1.561702152918325500e+15
2.187761623949551904e+03 -1.157225253036139219e+14 1.536627178257990750e+15
2.238721138568339939e+03 -1.111214220126066094e+14 1.511235384885235000e+15
2.290867652767772142e+03 -1.064934323646678125e+14 1.485542647695127000e+15
2.344228815319922887e+03 -1.018439388880013281e+14 1.459564841582731250e+15
2.398832919019489964e+03 -9.717832411081179688e+13 1.433317841443117500e+15
2.454708915685031116e+03 -9.250197056130295312e+13 1.406817522171349500e+15
2.511886431509580234e+03 -8.782026076767960938e+13 1.380079758662496500e+15
2.570395782768865047e+03 -8.313857725814543750e+13 1.353120425811623000e+15
2.630267991895381329e+03 -7.846230256090512500e+13 1.325955398513798750e+15
2.691534803926916993e+03 -7.379681920416245312e+13 1.298600551664087500e+15
2.754228703338166270e+03 -6.914750971612204688e+13 1.271071760157559500e+15
2.818382931264455237e+03 -6.451975662498771875e+13 1.243384898889277750e+15
2.884031503126605003e+03 -5.991894245896414844e+13 1.215555842754312000e+15
2.951209226666387167e+03 -5.535044974625512500e+13 1.187600466647726750e+15
3.019951720402016235e+03 -5.081966101506524219e+13 1.159534645464591250e+15
3.090295432513592004e+03 -4.633195879359833594e+13 1.131374254099970000e+15
3.162277660168379498e+03 -4.189272561005903125e+13 1.103135167448932625e+15
3.235936569296284688e+03 -3.750734399265121875e+13 1.074833260406542250e+15
3.311311214825911065e+03 -3.318119646957938672e+13 1.046484407867870000e+15
3.388441561392027779e+03 -2.891966556904746094e+13 1.018104484727978250e+15
3.467368504525316439e+03 -2.472813381926002734e+13 9.897093658819376250e+14
3.548133892335756627e+03 -2.061198374842085547e+13 9.613149262248120000e+14
3.630780547701013802e+03 -1.657659788473468555e+13 9.329370406516705000e+14
3.715352290971727598e+03 -1.262735875640524219e+13 9.045915840575776250e+14
3.801893963205612636e+03 -8.769648891637146484e+12 8.762944313376027500e+14
3.890451449942805084e+03 -5.008850818634498047e+12 8.480614573868118750e+14
3.981071705534973262e+03 -1.350347065601260498e+12 8.199085371002695000e+14
4.073802778041126203e+03 2.200873141434937012e+12 7.918515631813328750e+14
4.168693834703354696e+03 5.642783976905032227e+12 7.639065625128422500e+14
4.265795188015925305e+03 8.974710316509019531e+12 7.360896231359017500e+14
4.365158322401661280e+03 1.219598390441070312e+13 7.084168334026053750e+14
4.466835921509629770e+03 1.530593648477362891e+13 6.809042816650533750e+14
4.570881896148751366e+03 1.830389980176166797e+13 6.535680562753403750e+14
4.677351412871980756e+03 2.118920559953825781e+13 6.264242455855658750e+14
4.786300923226384839e+03 2.396118562226731641e+13 5.994889379478245000e+14
4.897788193684461476e+03 2.661917161411228516e+13 5.727782217142162500e+14
5.011872336272725079e+03 2.916249531923711719e+13 5.463081852368359375e+14
5.128613839913648917e+03 3.159048848180522656e+13 5.200949168677827500e+14
5.248074602497727938e+03 3.390248284598042969e+13 4.941545049591521250e+14
5.370317963702526868e+03 3.609781015592636719e+13 4.685030378630430000e+14
5.495408738576248652e+03 3.817580215580682812e+13 4.431566039315506875e+14
5.623413251903491073e+03 4.013579058978527344e+13 4.181312915167747500e+14
5.754399373371572437e+03 4.197710720202557031e+13 3.934431889708101250e+14
5.888436553555889986e+03 4.369908373669128906e+13 3.691083846457560000e+14
6.025595860743581397e+03 4.530105193794617188e+13 3.451429668937071875e+14
6.165950018614822511e+03 4.678234354995386719e+13 3.215630240667638125e+14
6.309573444801935693e+03 4.814229031687813281e+13 2.983846445170203750e+14
6.456542290346556001e+03 4.938022398288246875e+13 2.756239165965764375e+14
6.606934480075964530e+03 5.049547629213071094e+13 2.532969286575272188e+14
6.760829753919819268e+03 5.148737898878642969e+13 2.314197690519716875e+14
6.918309709189363275e+03 5.235538018795143750e+13 2.100081827566127188e+14
7.079457843841380054e+03 5.310166843036865625e+13 1.890698285820676875e+14
7.244359600749899073e+03 5.373120865626582031e+13 1.686041730249527500e+14
7.413102413009177326e+03 5.424908937196135156e+13 1.486103179757714062e+14
7.585775750291835720e+03 5.466039908377350000e+13 1.290873653250310000e+14
7.762471166286919470e+03 5.497022629802071875e+13 1.100344169632351875e+14
7.943282347242813557e+03 5.518365952102120312e+13 9.145057478089104688e+13
8.128305161640994811e+03 5.530578725909336719e+13 7.333494066850239062e+13
8.317637711026709439e+03 5.534169801855546094e+13 5.568661651657623438e+13
8.511380382023768107e+03 5.529648030572587500e+13 3.850470421561644531e+13
8.709635899560804319e+03 5.517522262692296875e+13 2.178830565612996094e+13
8.912509381337458763e+03 5.498301348846497656e+13 5.536522728620770508e+12
9.120108393559095930e+03 5.472494139667031250e+13 -1.025154267640430469e+13
9.332543007969914470e+03 5.440609485785725000e+13 -2.557678866844123828e+13
9.549925860214358181e+03 5.403156237834414062e+13 -4.044011335698322656e+13
9.772372209558112445e+03 5.360643246444931250e+13 -5.484241485152613281e+13
1.000000000000000000e+04 5.313579362249105469e+13 -6.878459126156330469e+13
1.023292992280753606e+04 5.262473435878775781e+13 -8.226754069658995312e+13
1.047128548050900827e+04 5.207834317965767969e+13 -9.529216126610181250e+13
1.071519305237607114e+04 5.150170859141924219e+13 -1.078593510795910156e+14
1.096478196143185232e+04 5.089991910039071094e+13 -1.199700082465535000e+14
1.122018454301962629e+04 5.027806321289041406e+13 -1.316250308764837500e+14
1.148153621496883898e+04 4.964122943523664844e+13 -1.428253170788772812e+14
1.174897554939530164e+04 4.899450172971533594e+13 -1.535717741570253750e+14
1.202264434617413099e+04 4.834194979778674219e+13 -1.638673615363723750e+14
1.230268770812381081e+04 4.768535485536024219e+13 -1.737196688634762500e+14
1.258925411794166212e+04 4.702618447463533594e+13 -1.831369203703861250e+14
1.288249551693134890e+04 4.636590622781150781e+13 -1.921273402891520938e+14
1.318256738556407436e+04 4.570598768708839062e+13 -2.006991528518216875e+14
1.348962882591653215e+04 4.504789642466548438e+13 -2.088605822904447812e+14
1.380384264602884105e+04 4.439310001274222656e+13 -2.166198528370707188e+14
1.412537544622755377e+04 4.374306602351821875e+13 -2.239851887237492500e+14
1.445439770745928035e+04 4.309926202919300000e+13 -2.309648141825284062e+14
1.479108388168207239e+04 4.246315560196610938e+13 -2.375669534454577812e+14
1.513561248436207279e+04 4.183621431403700000e+13 -2.437998307445867812e+14
1.548816618912482772e+04 4.121990573760520312e+13 -2.496716703119650000e+14
1.584893192461114086e+04 4.061569744487032031e+13 -2.551906963796405625e+14
1.621810097358929852e+04 4.002505700803185938e+13 -2.603651331796631562e+14
1.659586907437559421e+04 3.944945199928928906e+13 -2.652032049440821250e+14
1.698243652461746024e+04 3.889034999084214844e+13 -2.697131359049469375e+14
1.737800828749376160e+04 3.834921855489000000e+13 -2.739031502943058750e+14
1.778279410038923015e+04 3.782752526363244531e+13 -2.777814723442087812e+14
1.819700858609982606e+04 3.732673768926885938e+13 -2.813563262867045938e+14
1.862087136662868943e+04 3.684832340399881250e+13 -2.846359363538429375e+14
1.905460717963248317e+04 3.639374998002188281e+13 -2.876285267776723750e+14
1.949844599758044933e+04 3.596448498953756250e+13 -2.903423217902424375e+14
1.995262314968878491e+04 3.556199600474542969e+13 -2.927855456236020625e+14
2.041737944669532226e+04 3.518746735684843750e+13 -2.949662745057901250e+14
2.089296130854040530e+04 3.484053729334246484e+13 -2.968917767782983750e+14
2.137962089502232266e+04 3.452031914875680859e+13 -2.985690464959688125e+14
2.187761623949552086e+04 3.422592582879141016e+13 -3.000050774895633125e+14
2.238721138568342576e+04 3.395647023914635938e+13 -3.012068635898438750e+14
2.290867652767774780e+04 3.371106528552173828e+13 -3.021813986275724375e+14
2.344228815319922433e+04 3.348882387361762891e+13 -3.029356764335109375e+14
2.398832919019490146e+04 3.328885890913406250e+13 -3.034766908384216250e+14
2.454708915685028842e+04 3.311028329777105859e+13 -3.038114356730663125e+14
2.511886431509581962e+04 3.295220994522875391e+13 -3.039469047682070625e+14
2.570395782768864592e+04 3.281375175720717578e+13 -3.038900919546058750e+14
2.630267991895381056e+04 3.269402163940640625e+13 -3.036479910630248125e+14
2.691534803926914174e+04 3.259213249752646875e+13 -3.032275959242258125e+14
2.754228703338168998e+04 3.250719723726739844e+13 -3.026359003689709375e+14
2.818382931264454965e+04 3.243832876432928516e+13 -3.018798982280221875e+14
2.884031503126605821e+04 3.238463998441230859e+13 -3.009665833321414375e+14
2.951209226666383984e+04 3.234524380321635547e+13 -2.999029495120907500e+14
3.019951720402019782e+04 3.231925312644147656e+13 -2.986959905986322500e+14
3.090295432513592095e+04 3.230578085978785938e+13 -2.973527004225280000e+14
3.162277660168379589e+04 3.230393990895550781e+13 -2.958800728145396250e+14
3.235936569296281232e+04 3.231284317964447656e+13 -2.942851016054295625e+14
3.311311214825914794e+04 3.233160357755483984e+13 -2.925747806259595000e+14
3.388441561392027506e+04 3.235933400838662500e+13 -2.907561037068916875e+14
3.467368504525316530e+04 3.239514737783991797e+13 -2.888360646789880625e+14
3.548133892335753626e+04 3.243815659161477344e+13 -2.868216573730105625e+14
3.630780547701018077e+04 3.248747455541126953e+13 -2.847198756197210625e+14
3.715352290971728507e+04 3.254221417492945312e+13 -2.825377132498818750e+14
3.801893963205612818e+04 3.260148835586933203e+13 -2.802821640942549688e+14
3.890451449942804902e+04 3.266441000393105078e+13 -2.779602219836020625e+14
3.981071705534977809e+04 3.273009202481466406e+13 -2.755788807486851875e+14
4.073802778041129932e+04 3.279769221574202734e+13 -2.731447744098001250e+14
4.168693834703355242e+04 3.286670661654883984e+13 -2.706618259356276875e+14
4.265795188015924941e+04 3.293678543615284766e+13 -2.681327226127637812e+14
4.365158322401656187e+04 3.300757966743828516e+13 -2.655601454442258750e+14
4.466835921509634500e+04 3.307874030328941016e+13 -2.629467754330312812e+14
4.570881896148752276e+04 3.314991833659052734e+13 -2.602952935821982188e+14
4.677351412871981302e+04 3.322076476022590625e+13 -2.576083808947436875e+14
4.786300923226380837e+04 3.329093056707983984e+13 -2.548887183736855625e+14
4.897788193684466387e+04 3.336006675003656250e+13 -2.521389870220409062e+14
5.011872336272725079e+04 3.342782430198038281e+13 -2.493618678428275938e+14
5.128613839913648553e+04 3.349385421579558594e+13 -2.465600418390633125e+14
5.248074602497722663e+04 3.355780748436639453e+13 -2.437361900137654688e+14
5.370317963702532870e+04 3.361933510057712500e+13 -2.408929933699510938e+14
5.495408738576248288e+04 3.367808805731204297e+13 -2.380331329106385000e+14
5.623413251903490891e+04 3.373371734745543359e+13 -2.351592896388449062e+14
5.754399373371567344e+04 3.378587396389155859e+13 -2.322741445575880000e+14
5.888436553555896535e+04 3.383420889950469922e+13 -2.293803786698846562e+14
6.025595860743580852e+04 3.387837314717910547e+13 -2.264806729787533125e+14
6.165950018614822329e+04 3.391801769979909766e+13 -2.235777084872110938e+14
6.309573444801929872e+04 3.395279355024893750e+13 -2.206741661982754688e+14
6.456542290346563095e+04 3.398235169141288281e+13 -2.177727271149640000e+14
6.606934480075963074e+04 3.400634311617522656e+13 -2.148760722402945000e+14
6.760829753919818904e+04 3.402441881742023828e+13 -2.119868825772841875e+14
6.918309709189362184e+04 3.403623439087401172e+13 -2.091077956157132188e+14
7.079457843841388240e+04 3.404155382483820703e+13 -2.062404241497301250e+14
7.244359600749905803e+04 3.404025092307055078e+13 -2.033853428265702812e+14
7.413102413009176962e+04 3.403220437676157812e+13 -2.005430800898302500e+14
7.585775750291836448e+04 3.401729287710202344e+13 -1.977141643831074688e+14
7.762471166286911466e+04 3.399539511528250000e+13 -1.948991241499988438e+14
7.943282347242820833e+04 3.396638978249365234e+13 -1.920984878341014375e+14
8.128305161640995357e+04 3.393015556992615625e+13 -1.893127838790127812e+14
8.317637711026708712e+04 3.388657116877067969e+13 -1.865425407283298750e+14
8.511380382023759012e+04 3.383551527021784375e+13 -1.837882868256498125e+14
8.709635899560814141e+04 3.377686656545831250e+13 -1.810505506145695000e+14
8.912509381337459490e+04 3.371050374568275391e+13 -1.783298605386864688e+14
9.120108393559095566e+04 3.363630550208179688e+13 -1.756267450415978438e+14
9.332543007969904284e+04 3.355415052584611719e+13 -1.729417325669005312e+14
9.549925860214368731e+04 3.346391750816634375e+13 -1.702753515581915312e+14
9.772372209558112081e+04 3.336548514023315234e+13 -1.676281304590685625e+14
1.000000000000000000e+05 3.325873211323718750e+13 -1.650005977131283438e+14
1.023292992280753533e+05 3.314353711836912109e+13 -1.623932817639681250e+14
1.047128548050900572e+05 3.301977884681956641e+13 -1.598067110551849375e+14
1.071519305237607041e+05 3.288733598977921094e+13 -1.572414140303761562e+14
1.096478196143185196e+05 3.274608723843867969e+13 -1.546979191331388438e+14
1.122018454301963066e+05 3.259591128398866797e+13 -1.521767548070700312e+14
1.148153621496884007e+05 3.243668681761976562e+13 -1.496784494957667188e+14
1.174897554939530382e+05 3.226829310375595703e+13 -1.472035311518715312e+14
1.202264434617413208e+05 3.209073735661796484e+13 -1.447524181433366250e+14
1.230268770812381263e+05 3.190431548466970312e+13 -1.423252815812227188e+14
1.258925411794168758e+05 3.170936296277450781e+13 -1.399222586893021094e+14
1.288249551693134854e+05 3.150621526579576953e+13 -1.375434866913481094e+14
1.318256738556407217e+05 3.129520786859680078e+13 -1.351891028111331406e+14
1.348962882591653033e+05 3.107667624604095703e+13 -1.328592442724299531e+14
1.380384264602883777e+05 3.085095587299158984e+13 -1.305540482990112188e+14
1.412537544622755377e+05 3.061838222431203125e+13 -1.282736521146494062e+14
1.445439770745927817e+05 3.037929077486566406e+13 -1.260181929431176719e+14
1.479108388168207312e+05 3.013401699951580859e+13 -1.237878080081885000e+14
1.513561248436206952e+05 2.988289637312584375e+13 -1.215826345336345625e+14
1.548816618912482809e+05 2.962626437055905078e+13 -1.194028097432284844e+14
1.584893192461114086e+05 2.936445646667886719e+13 -1.172484708607431875e+14
1.621810097358930216e+05 2.909780813634858203e+13 -1.151197551099513594e+14
1.659586907437559566e+05 2.882665485443155859e+13 -1.130167997146255312e+14
1.698243652461745951e+05 2.855133209579113281e+13 -1.109397418985383594e+14
1.737800828749376233e+05 2.827217533529068750e+13 -1.088887188854628750e+14
1.778279410038922797e+05 2.798952004779354297e+13 -1.068638678991715625e+14
1.819700858609982533e+05 2.770370170816306641e+13 -1.048653261634371406e+14
1.862087136662869016e+05 2.741505579126255859e+13 -1.028932309020321719e+14
1.905460717963248317e+05 2.712391777195544141e+13 -1.009477193387296719e+14
1.949844599758045224e+05 2.683062312510501562e+13 -9.902892869730221875e+13
1.995262314968878636e+05 2.653550732557464844e+13 -9.713699620152243750e+13
2.041737944669531425e+05 2.623888013941028906e+13 -9.527202416228835938e+13
2.089296130854040675e+05 2.594091099992303906e+13 -9.343392431700346875e+13
2.137962089502232557e+05 2.564172169586774219e+13 -9.162254370120632812e+13
2.187761623949552013e+05 2.534143397707584766e+13 -8.983772929757726562e+13
2.238721138568342431e+05 2.504016959337876562e+13 -8.807932808879646875e+13
2.290867652767774707e+05 2.473805029460804688e+13 -8.634718705754457812e+13
2.344228815319922287e+05 2.443519783059508203e+13 -8.464115318650173438e+13
2.398832919019489491e+05 2.413173395117135938e+13 -8.296107345834832812e+13
2.454708915685028478e+05 2.382778040616833203e+13 -8.130679485576465625e+13
2.511886431509582326e+05 2.352345894541744141e+13 -7.967816436143089062e+13
2.570395782768864592e+05 2.321889131875019531e+13 -7.807502895802767188e+13
2.630267991895381710e+05 2.291419927599803125e+13 -7.649723562823523438e+13
2.691534803926913883e+05 2.260950456699241016e+13 -7.494463135473379688e+13
2.754228703338169144e+05 2.230492894156476172e+13 -7.341706312020362500e+13
2.818382931264454965e+05 2.200059414954659766e+13 -7.191437790732535938e+13
2.884031503126605530e+05 2.169662194076935938e+13 -7.043642269877910938e+13
2.951209226666384493e+05 2.139313406506450781e+13 -6.898304447724525781e+13
3.019951720402018982e+05 2.109025227226347266e+13 -6.755409022540397656e+13
3.090295432513591950e+05 2.078809831219776953e+13 -6.614940692593590625e+13
3.162277660168380244e+05 2.048679393469883203e+13 -6.476884156152120312e+13
3.235936569296281086e+05 2.018646088959812500e+13 -6.341224111484020312e+13
3.311311214825914358e+05 1.988722092672707422e+13 -6.207945256857314844e+13
3.388441561392028234e+05 1.958919579591721094e+13 -6.077032290540057031e+13
3.467368504525316530e+05 1.929250724699994531e+13 -5.948469910800270312e+13
3.548133892335753189e+05 1.899727702980675391e+13 -5.822242815905988281e+13
3.630780547701017349e+05 1.870362689416906250e+13 -5.698335704125229688e+13
3.715352290971727925e+05 1.841167858991840234e+13 -5.576733273726053906e+13
3.801893963205612963e+05 1.812155386688618359e+13 -5.457420222976479688e+13
3.890451449942804757e+05 1.783337447490388281e+13 -5.340381250144544531e+13
3.981071705534977373e+05 1.754726216380292969e+13 -5.225601053498267969e+13
4.073802778041129932e+05 1.726332849535278320e+13 -5.113062119226614844e+13
4.168693834703355096e+05 1.698160826768019141e+13 -5.002730266241944531e+13
4.265795188015924650e+05 1.670210129047513086e+13 -4.894563716605628125e+13
4.365158322401657351e+05 1.642480719550759180e+13 -4.788520653748235938e+13
4.466835921509634936e+05 1.614972561454752148e+13 -4.684559261100324219e+13
4.570881896148751839e+05 1.587685617936493164e+13 -4.582637722092474219e+13
4.677351412871980574e+05 1.560619852172977344e+13 -4.482714220155242188e+13
4.786300923226380255e+05 1.533775227341200977e+13 -4.384746938719196875e+13
4.897788193684466532e+05 1.507151706618159961e+13 -4.288694061214891406e+13
5.011872336272724788e+05 1.480749253180856055e+13 -4.194513771072912500e+13
5.128613839913648553e+05 1.454567830206283594e+13 -4.102164251723809375e+13
5.248074602497722954e+05 1.428607400871439844e+13 -4.011603686598154688e+13
5.370317963702531997e+05 1.402867928353319727e+13 -3.922790259126505469e+13
5.495408738576248288e+05 1.377349375828925195e+13 -3.835682152739439062e+13
5.623413251903490163e+05 1.352051706475251367e+13 -3.750237550867514844e+13
5.754399373371566180e+05 1.326974883469294727e+13 -3.666414636941298438e+13
5.888436553555895807e+05 1.302118869988050781e+13 -3.584171594391347656e+13
6.025595860743580852e+05 1.277483629208520117e+13 -3.503466606648240234e+13
6.165950018614821602e+05 1.253069124307699023e+13 -3.424257857142538672e+13
6.309573444801929872e+05 1.228875318462583594e+13 -3.346503529304805859e+13
6.456542290346563095e+05 1.204902174850169336e+13 -3.270161806565600391e+13
6.606934480075964238e+05 1.181149656647457617e+13 -3.195190872355501172e+13
6.760829753919818904e+05 1.157617727031443945e+13 -3.121548910105066797e+13
6.918309709189363057e+05 1.134306422242238477e+13 -3.049194684010327344e+13
7.079457843841387657e+05 1.111217499087260547e+13 -2.978100634745303906e+13
7.244359600749906385e+05 1.088354457527302734e+13 -2.908253058994535547e+13
7.413102413009176962e+05 1.065720875103720117e+13 -2.839638870116420703e+13
7.585775750291835284e+05 1.043320329357868164e+13 -2.772244981469371094e+13
7.762471166286912048e+05 1.021156397831104883e+13 -2.706058306411790625e+13
7.943282347242821706e+05 9.992326580647839844e+12 -2.641065758302082422e+13
8.128305161640995648e+05 9.775526876002660156e+12 -2.577254250498666406e+13
8.317637711026708130e+05 9.561200639789052734e+12 -2.514610696359943359e+13
8.511380382023758721e+05 9.349383647420583984e+12 -2.453122009244322656e+13
8.709635899560814723e+05 9.140111674310812500e+12 -2.392775102510205469e+13
8.912509381337459199e+05 8.933420495873322266e+12 -2.333556889516008984e+13
9.120108393559096148e+05 8.729345887521676758e+12 -2.275454283620138672e+13
9.332543007969903992e+05 8.527923624669428711e+12 -2.218454198181000000e+13
9.549925860214367276e+05 8.329189482730134766e+12 -2.162543546556994531e+13
9.772372209558112081e+05 8.133179237117388672e+12 -2.107709242106543750e+13
1.000000000000000000e+06 7.939928663244745117e+12 -2.053938198188047266e+13
1.023292992280753679e+06 7.750195144231103516e+12 -2.001592565001761719e+13
1.047128548050900688e+06 7.563179028938311523e+12 -1.950195822689328906e+13
1.071519305237607099e+06 7.378919430260681641e+12 -1.899746610567545703e+13
1.096478196143185254e+06 7.197451378110171875e+12 -1.850242813321087891e+13
1.122018454301962862e+06 7.018805921824787109e+12 -1.801681591484462109e+13
1.148153621496884152e+06 6.843010235399040039e+12 -1.754059411752111523e+13
1.174897554939530324e+06 6.670087725195511719e+12 -1.707372077071038281e+13
1.202264434617413208e+06 6.500058139804978516e+12 -1.661614756472748828e+13
1.230268770812381059e+06 6.332937681733456055e+12 -1.616782014603742188e+13
1.258925411794168875e+06 6.168739120603503906e+12 -1.572867840916562500e+13
1.288249551693134941e+06 6.007471907568716797e+12 -1.529865678485370117e+13
1.318256738556407625e+06 5.849142290650477539e+12 -1.487768452412920898e+13
1.348962882591653150e+06 5.693753430718030273e+12 -1.446568597797845117e+13
1.380384264602886513e+06 5.541305517843710938e+12 -1.406258087233681445e+13
1.412537544622755377e+06 5.391795887777400391e+12 -1.366828457813208203e+13
1.445439770745927934e+06 5.245219138295652344e+12 -1.328270837614016602e+13
1.479108388168207370e+06 5.101567245193210938e+12 -1.290575971643357422e+13
1.513561248436207185e+06 4.960829677696388672e+12 -1.253734247222408984e+13
1.548816618912482867e+06 4.822993513089807617e+12 -1.217735718792177539e+13
1.584893192461114144e+06 4.688043550360047852e+12 -1.182570132125350781e+13
1.621810097358930157e+06 4.555962422671458008e+12 -1.148226947930057617e+13
1.659586907437559683e+06 4.426730708501456055e+12 -1.114695364833791992e+13
1.698243652461746009e+06 4.300327041274080078e+12 -1.081964341737139844e+13
1.737800828749376582e+06 4.176728217342294434e+12 -1.050022619528950000e+13
1.778279410038922913e+06 4.055909302180500000e+12 -1.018858742156115625e+13
1.819700858609982301e+06 3.937843734660388184e+12 -9.884610770428226562e+12
1.862087136662869249e+06 3.822503429293671875e+12 -9.588178348555376953e+12
1.905460717963248491e+06 3.709858876336104004e+12 -9.299170886115880859e+12
1.949844599758045282e+06 3.599879239657425293e+12 -9.017467921304083984e+12
1.995262314968878869e+06 3.492532452292073242e+12 -8.742947978280414062e+12
2.041737944669531891e+06 3.387785309595186035e+12 -8.475488738565105469e+12
2.089296130854040617e+06 3.285603559937833496e+12 -8.214967205910836914e+12
2.137962089502232615e+06 3.185951992884511230e+12 -7.961259864693035156e+12
2.187761623949551955e+06 3.088794524804811035e+12 -7.714242831869528320e+12
2.238721138568342198e+06 2.994094281879510254e+12 -7.473792002569236328e+12
2.290867652767774649e+06 2.901813680469391113e+12 -7.239783189379355469e+12
2.344228815319922753e+06 2.811914504822784180e+12 -7.012092255408862305e+12
2.398832919019490015e+06 2.724357982105342285e+12 -6.790595241214238281e+12
2.454708915685033426e+06 2.639104854742278320e+12 -6.575168485680280273e+12
2.511886431509581860e+06 2.556115450070179199e+12 -6.365688740955603516e+12
2.570395782768864650e+06 2.475349747301529785e+12 -6.162033281548547852e+12
2.630267991895381361e+06 2.396767441811226562e+12 -5.964080007694918945e+12
2.691534803926913999e+06 2.320328006759750977e+12 -5.771707543113768555e+12
2.754228703338169027e+06 2.245990752072818848e+12 -5.584795327271886719e+12
2.818382931264454965e+06 2.173714880802430176e+12 -5.403223702281879883e+12
2.884031503126605880e+06 2.103459542898413330e+12 -5.226873994562012695e+12
2.951209226666383911e+06 2.035183886424010498e+12 -5.055628591389146484e+12
3.019951720402019098e+06 1.968847106252775879e+12 -4.889371012478560547e+12
3.090295432513591833e+06 1.904408490287620117e+12 -4.727985976726831055e+12
3.162277660168379545e+06 1.841827463245999512e+12 -4.571359464255399414e+12
3.235936569296280853e+06 1.781063628058306396e+12 -4.419378773894134766e+12
3.311311214825914241e+06 1.722076804929023682e+12 -4.271932576244950195e+12
3.388441561392027885e+06 1.664827068112674805e+12 -4.128910962466488770e+12
3.467368504525316879e+06 1.609274780458487793e+12 -3.990205488920628906e+12
3.548133892335752957e+06 1.555380625779857178e+12 -3.855709217822491211e+12
3.630780547701017465e+06 1.503105639105859863e+12 -3.725316754034329590e+12
3.715352290971728042e+06 1.452411234873808350e+12 -3.598924278143959961e+12
3.801893963205612730e+06 1.403259233122585205e+12 -3.476429575966857422e+12
3.890451449942804407e+06 1.355611883747696533e+12 -3.357732064610731934e+12
3.981071705534977838e+06 1.309431888879470215e+12 -3.242732815239309082e+12
4.073802778041129466e+06 1.264682347403583008e+12 -3.131334536978204102e+12
4.168693834703354631e+06 1.221326306931511475e+12 -3.023441374509452148e+12
4.265795188015925698e+06 1.179327166013327148e+12 -2.918959102833133301e+12
4.365158322401666082e+06 1.138648958795019775e+12 -2.817795264477143066e+12
4.466835921509635635e+06 1.099256361242764893e+12 -2.719859174026364746e+12
4.570881896148751490e+06 1.061114694980583130e+12 -2.625061919741136230e+12
4.677351412871981040e+06 1.024189930162461548e+12 -2.533316363023945801e+12
4.786300923226380721e+06 9.884486874242556152e+11 -2.444537135845149902e+12
4.897788193684466183e+06 9.538582389598195801e+11 -2.358640636236109863e+12
5.011872336272724904e+06 9.203865087649671631e+11 -2.275545021955441895e+12
5.128613839913647622e+06 8.880020720919455566e+11 -2.195170202431532959e+12
5.248074602497722954e+06 8.566741541561726074e+11 -2.117437829081902832e+12
5.370317963702532463e+06 8.263726281359782715e+11 -2.042271284106980225e+12
5.495408738576248288e+06 7.970680125051252441e+11 -1.969595667853505615e+12
5.623413251903491095e+06 7.687314677368071289e+11 -1.899337784839507812e+12
5.754399373371565714e+06 7.413347924168612061e+11 -1.831426128530464844e+12
5.888436553555896506e+06 7.148504188027752686e+11 -1.765790864953142578e+12
6.025595860743580386e+06 6.892514078640783691e+11 -1.702363815230870605e+12
6.165950018614822999e+06 6.645114438385607910e+11 -1.641078437121152832e+12
6.309573444801930338e+06 6.406048283377458496e+11 -1.581869805633829590e+12
6.456542290346561931e+06 6.175064740338911133e+11 -1.524674592804990234e+12
6.606934480075964704e+06 5.951918979597481689e+11 -1.469431046699288086e+12
6.760829753919818439e+06 5.736372144511813965e+11 -1.416078969710281006e+12
6.918309709189362824e+06 5.528191199236420898e+11 -1.364559676576784424e+12
7.079457843841387890e+06 5.327147162980263672e+11 -1.314815548140473633e+12
7.244359600749906152e+06 5.133015331021121216e+11 -1.266790083470252686e+12
7.413102413009176962e+06 4.945577084862943115e+11 -1.220428350374286377e+12
7.585775750291835517e+06 4.764619849550056763e+11 -1.175676971501293945e+12
7.762471166286927648e+06 4.589936965487045898e+11 -1.132484089178028320e+12
7.943282347242821939e+06 4.421327561216610718e+11 -1.090799330650655029e+12
8.128305161640995182e+06 4.258596427240357056e+11 -1.050573773744505859e+12
8.317637711026709527e+06 4.101553890962318726e+11 -1.011759912955687988e+12
8.511380382023759186e+06 3.950015692829344482e+11 -9.743116259866948242e+11
8.709635899560812861e+06 3.803802863737218018e+11 -9.381841407370916748e+11
8.912509381337458268e+06 3.662741603766665649e+11 -9.033340027593566895e+11
9.120108393559096381e+06 3.526663162307963257e+11 -8.697190431887290039e+11
9.332543007969902828e+06 3.395403719628886719e+11 -8.372983471551634521e+11
9.549925860214369372e+06 3.268804269935543823e+11 -8.060322226843344727e+11
9.772372209558112547e+06 3.146710505971760254e+11 -7.758821700938497314e+11
1.000000000000000000e+07 3.028972705198099365e+11 -7.468108518898706055e+11
1.023292992280753516e+07 2.915445617588040161e+11 -7.187820631685900879e+11
1.047128548050900735e+07 2.805988355074503174e+11 -6.917607025261507568e+11
1.071519305237607099e+07 2.700464282676592712e+11 -6.657127434798720703e+11
1.096478196143184975e+07 2.598740911332544861e+11 -6.406052064028891602e+11
1.122018454301963001e+07 2.500689792461832581e+11 -6.164061309736883545e+11
1.148153621496884152e+07 2.406186414275853271e+11 -5.930845491412904053e+11
1.174897554939530417e+07 2.315110098231636047e+11 -5.706104582518050537e+11
1.202264434617413208e+07 2.227343552430390320e+11 -5.489547193366836548e+11
1.230268770812381059e+07 2.142772418380323181e+11 -5.280889540940463867e+11
1.258925411794168688e+07 2.061285941001246643e+11 -5.079856874409736938e+11
1.288249551693134941e+07 1.982776973713408508e+11 -4.886183448588599854e+11
1.318256738556407392e+07 1.907141870117707520e+11 -4.699612250697405396e+11
1.348962882591653243e+07 1.834280378565663147e+11 -4.519894734564060059e+11
1.380384264602886885e+07 1.764095539555838318e+11 -4.346790562092412109e+11
1.412537544622755423e+07 1.696493585894448853e+11 -4.180067351831058350e+11
1.445439770745928027e+07 1.631383845558553162e+11 -4.019500434477370605e+11
1.479108388168207183e+07 1.568678647201308289e+11 -3.864872615155092163e+11
1.513561248436207324e+07 1.508293228239490051e+11 -3.715973942305993042e+11
1.548816618912482820e+07 1.450145645464383240e+11 -3.572601483038854370e+11
1.584893192461114004e+07 1.394156688118130798e+11 -3.434559104781870117e+11
1.621810097358930111e+07 1.340249793378376007e+11 -3.301657263087014771e+11
1.659586907437559776e+07 1.288350964195090179e+11 -3.173712795437768555e+11
1.698243652461745963e+07 1.238388689424263611e+11 -3.050548720914158325e+11
1.737800828749376163e+07 1.190293866204101868e+11 -2.931994045571702881e+11
1.778279410038922727e+07 1.143999724520215454e+11 -2.817883573393424072e+11
1.819700858609982207e+07 1.099441753907310638e+11 -2.708057722677002258e+11
1.862087136662869155e+07 1.056557632235655212e+11 -2.602362347721243896e+11
1.905460717963248491e+07 1.015287156531621552e+11 -2.500648565679226074e+11
1.949844599758045748e+07 9.755721757823919678e+10 -2.402772588447370911e+11
1.995262314968878776e+07 9.373565256759504700e+10 -2.308595559462968445e+11
2.041737944669531658e+07 9.005859282384715271e+10 -2.217983306714574280e+11
2.089296130854040757e+07 8.652077791249981689e+10 -2.130805827016602173e+11
2.137962089502232149e+07 8.311712485642768860e+10 -2.046937521569772949e+11
2.187761623949551955e+07 7.984272931453773499e+10 -1.966257218234202881e+11
2.238721138568342477e+07 7.669285954800212097e+10 -1.888648021325719910e+11
2.290867652767774835e+07 7.366295057705908203e+10 -1.813997166195624695e+11
2.344228815319922939e+07 7.074859852805723572e+10 -1.742195878577527466e+11
2.398832919019489363e+07 6.794555516478634644e+10 -1.673139238550572510e+11
2.454708915685033426e+07 6.524972259830776215e+10 -1.606726048972556152e+11
2.511886431509582326e+07 6.265714816967961884e+10 -1.542858708241225586e+11
2.570395782768864930e+07 6.016401950013612366e+10 -1.481443087246209717e+11
2.630267991895380989e+07 5.776665970345284271e+10 -1.422388410378470154e+11
2.691534803926913440e+07 5.546152275538246155e+10 -1.365607140468057251e+11
2.754228703338168934e+07 5.324518901520463562e+10 -1.311014867525065155e+11
2.818382931264454871e+07 5.111436089458552551e+10 -1.258530201162523651e+11
2.884031503126605973e+07 4.906585866908376312e+10 -1.208074666583598175e+11
2.951209226666383818e+07 4.709661642778925323e+10 -1.159572604019317932e+11
3.019951720402019098e+07 4.520367815671201324e+10 -1.112951071506338043e+11
3.090295432513592020e+07 4.338419395167703247e+10 -1.068139750897829895e+11
3.162277660168379173e+07 4.163541635660636902e+10 -1.025070857003788452e+11
3.235936569296281040e+07 3.995469682320170593e+10 -9.836790497603758240e+10
3.311311214825914800e+07 3.833948228815652466e+10 -9.439013493309228516e+10
3.388441561392027140e+07 3.678731186415117645e+10 -9.056770540443319702e+10
3.467368504525316507e+07 3.529581364099334717e+10 -8.689476610794369507e+10
3.548133892335753143e+07 3.386270159338563919e+10 -8.336567898068856812e+10
3.630780547701017559e+07 3.248577259190281677e+10 -7.997501077026948547e+10
3.715352290971727669e+07 3.116290351387231827e+10 -7.671752587504385376e+10
3.801893963205612451e+07 2.989204845094872284e+10 -7.358817942514938354e+10
3.890451449942804873e+07 2.867123601027717590e+10 -7.058211059654441833e+10
3.981071705534976721e+07 2.749856670623189545e+10 -6.769463615050044250e+10
4.073802778041130304e+07 2.637221113014170837e+10 -6.492124591232716370e+10
4.168693834703355283e+07 2.529041169894900513e+10 -6.225760717229857635e+10
4.265795188015925884e+07 2.425147668518043518e+10 -5.969954984209012604e+10
4.365158322401665896e+07 2.325377550610819626e+10 -5.724305475045726776e+10
4.466835921509634703e+07 2.229573663428389740e+10 -5.488424847392813110e+10
4.570881896148752421e+07 2.137584558570926666e+10 -5.261939836046676636e+10
4.677351412871981412e+07 2.049264297125906372e+10 -5.044490771022335052e+10
4.786300923226380348e+07 1.964472260958102798e+10 -4.835731110892993927e+10
4.897788193684465438e+07 1.883072969974040222e+10 -4.635326990960753632e+10
5.011872336272724718e+07 1.804935905191722107e+10 -4.442956785835414886e+10
5.128613839913647622e+07 1.729935337450308990e+10 -4.258310686008096313e+10
5.248074602497722954e+07 1.657950161598580551e+10 -4.081090288017070007e+10
5.370317963702532649e+07 1.588863736004669952e+10 -3.911008197812245941e+10
5.495408738576248288e+07 1.522563727233511353e+10 -3.747787646935068512e+10
5.623413251903490722e+07 1.458941959742053604e+10 -3.591162121139437866e+10
5.754399373371567577e+07 1.397894270446164894e+10 -3.440875001089256287e+10
5.888436553555896133e+07 1.339320368016554260e+10 -3.296679214776741791e+10
6.025595860743580759e+07 1.283123696764774895e+10 -3.158336901315056229e+10
6.165950018614822626e+07 1.229211304983681870e+10 -3.025619085767244339e+10
6.309573444801929593e+07 1.177493717610358429e+10 -2.898305364682553101e+10
6.456542290346561372e+07 1.127884813082679939e+10 -2.776183602019261169e+10
6.606934480075964332e+07 1.080301704264146042e+10 -2.659049635141774750e+10
6.760829753919818997e+07 1.034664623314690781e+10 -2.546706990587608719e+10
6.918309709189362824e+07 9.908968103885478973e+09 -2.438966609308230591e+10
7.079457843841388822e+07 9.489244060431753159e+09 -2.335646581095188904e+10
7.244359600749905407e+07 9.086763472464197159e+09 -2.236571887910913467e+10
7.413102413009177148e+07 8.700842668719873428e+09 -2.141574155850810242e+10
7.585775750291836262e+07 8.330823965763411522e+09 -2.050491415470942307e+10
7.762471166286927462e+07 7.976074729528801918e+09 -1.963167870222478867e+10
7.943282347242820263e+07 7.635986468621670723e+09 -1.879453672741359711e+10
8.128305161640995741e+07 7.309973958396117210e+09 -1.799204708748289871e+10
8.317637711026708782e+07 6.997474394848443031e+09 -1.722282388321202087e+10
8.511380382023777068e+07 6.697946577395032883e+09 -1.648553444308616638e+10
8.709635899560813606e+07 6.410870119628346443e+09 -1.577889737658995438e+10
8.912509381337459385e+07 6.135744687169322968e+09 -1.510168069447279930e+10
9.120108393559095263e+07 5.872089261760073662e+09 -1.445269999386179543e+10
9.332543007969905436e+07 5.619441430763778687e+09 -1.383081670615580368e+10
9.549925860214367509e+07 5.377356701262774467e+09 -1.323493640569421959e+10
9.772372209558111429e+07 5.145407837968712807e+09 -1.266400717725116539e+10
1.000000000000000000e+08 4.923184224180642128e+09 -1.211701804046094131e+10
